list(MSE_matrix = structure(c(0.272732813009425, 0.247779901895981, 
0.255583407601236, 0.24484018587471, 0.254534848713096, 0.245790222533108, 
0.253189146403172, 0.247866527155011, 0.244232723488546, 0.241055081512161, 
0.275847543542793, 0.238382674495988, 0.230160210805353, 0.250421162149772, 
0.246766925927899, 0.247420834781182, 0.263217402118264, 0.259185208955205, 
0.25157247648283, 0.23246827535951, 0.233315953476041, 0.247173421986558, 
0.240119052476283, 0.270109786942763, 0.250744805875227, 0.240023230220542, 
0.24004790358649, 0.267995609939814, 0.261767324675676, 0.247768305645253, 
0.251094543029104, 0.227011692295588, 0.247445128950674, 0.288306447074207, 
0.259110795537228, 0.25623317204236, 0.267987103654269, 0.24024054065477, 
0.233847883363086, 0.247608320557695, 0.244552108991018, 0.26392935834333, 
0.235050022156797, 0.236745367534167, 0.226308683110458, 0.252030512101331, 
0.244501170420149, 0.220843773920742, 0.251028765109814, 0.262091516950897, 
0.24893982686984, 0.243849829346257, 0.236980234247705, 0.254404286992298, 
0.248017057433869, 0.247269947685278, 0.266836054197733, 0.261210404404049, 
0.235735751041855, 0.240680615200347, 0.282782708984405, 0.248211635375567, 
0.259772805655886, 0.241544827366831, 0.247747376497611, 0.254902378552835, 
0.252344553389525, 0.243986039480983, 0.241612070533207, 0.23831163029905, 
0.243362313232858, 0.249307216473366, 0.253488437375176, 0.264784686434205, 
0.267221336889751, 0.263578555676717, 0.26739068871282, 0.245416159434519, 
0.260576096651955, 0.264227319806579, 0.240765879276014, 0.250327908495962, 
0.22982851086715, 0.260221720253458, 0.249121705971484, 0.234480375681153, 
0.251244472916636, 0.240781130969131, 0.269216456586546, 0.241778312358166, 
0.247475494138794, 0.272810638638493, 0.257236203219107, 0.255718557618075, 
0.286537495189673, 0.236917166667503, 0.229674762313273, 0.24336620329336, 
0.251317206416232, 0.243414772996924, 0.248025355559178, 0.261339681650194, 
0.242834529015812, 0.302448255888096, 0.244483833556132, 0.261701139789492, 
0.253627423001869, 0.261226409336455, 0.253572327848841, 0.243288303895694, 
0.276704756069731, 0.238039872925462, 0.241270293087897, 0.239893830914778, 
0.249459015188267, 0.248767358314212, 0.260199241883391, 0.24064786543511, 
0.243075219397366, 0.24498346438865, 0.241217963796903, 0.256467751488312, 
0.254916255986535, 0.254007462276424, 0.265146609468863, 0.25597951073726, 
0.23801515884075, 0.25386440717954, 0.245307050333795, 0.261630717508861, 
0.233267941196286, 0.251535845206518, 0.238558427747231, 0.245765476201441, 
0.248187640551284, 0.238447399498218, 0.256013693772453, 0.280976961304669, 
0.253582536550682, 0.2404207545917, 0.249491941927023, 0.264587024133687, 
0.225744865209091, 0.246458504469432, 0.237607469720929, 0.269796689214051, 
0.249118167669039, 0.251777533613446, 0.279464043463442, 0.239937010668589, 
0.244968646816191, 0.25371782736928, 0.252564860832235, 0.253153106011898, 
0.271616559612142, 0.252970941493367, 0.272648013281484, 0.276205233343258, 
0.242320937429547, 0.235980391187783, 0.276491616241858, 0.269861579022527, 
0.231301360523519, 0.267777036365065, 0.25786589242811, 0.241239882584341, 
0.268866288622475, 0.256925635183057, 0.235891704039476, 0.242468172820075, 
0.24208715060303, 0.281319698034146, 0.25569901933767, 0.243877997198324, 
0.268899182295266, 0.238167126648867, 0.281128571634278, 0.221808055559983, 
0.25986057422993, 0.287929563515739, 0.243704026176627, 0.230430641431522, 
0.227388857508025, 0.237222812726064, 0.23842150056318, 0.268791809810552, 
0.233181866078296, 0.263119934663122, 0.254666814432112, 0.285144061160838, 
0.239722276514681, 0.276672097825084, 0.238808114706808, 0.251991658751441, 
0.260999939567184, 0.229431985324487, 0.259041931440934, 0.258625699240705, 
0.245519440718101, 0.246621909280253, 0.239353049129807, 0.273719034616055, 
0.268895247905381, 0.267955865878582, 0.274550370522355, 0.255741954592259, 
0.244779343806355, 0.262276776798242, 0.255094313363897, 0.243074866834518, 
0.265631153664186, 0.238699957422127, 0.251030947772043, 0.245226318982724, 
0.240134975868928, 0.250544942599234, 0.23484476378834, 0.24510075994421, 
0.279225928631378, 0.226815389964124, 0.257427061026649, 0.252572898133479, 
0.242324362594352, 0.24663420222303, 0.252711719728176, 0.24838085324522, 
0.257999951519603, 0.241298616580808, 0.229816522507466, 0.24736546408666, 
0.224729601530501, 0.246563260545601, 0.248431381650149, 0.240930735718441, 
0.246243281387074, 0.240630856973997, 0.262569006073928, 0.272078499039532, 
0.263372140869037, 0.231848150643109, 0.236398460937107, 0.272684573440664, 
0.241898475653018, 0.261348875245866, 0.244752673726611, 0.233711029561725, 
0.243752366963803, 0.253918268129473, 0.244591739761761, 0.289950733249008, 
0.263928804235858, 0.236979087472944, 0.227544982345745, 0.252038623569218, 
0.281176438045441, 0.24335986732203, 0.255206712467063, 0.303294721142795, 
0.230934434294223, 0.260192681832776, 0.279756141636944, 0.254044099597174, 
0.2487678653993, 0.251114346760353, 0.260365014735537, 0.261868147061159, 
0.264092230928228, 0.243678864384273, 0.247634216134919, 0.240329876381413, 
0.255284116471889, 0.25433995258457, 0.231751667682132, 0.251517145437217, 
0.261906612190133, 0.24614033162132, 0.266859051426841, 0.242898517494359, 
0.247351580470167, 0.254686855166592, 0.240634332866872, 0.243170770475876, 
0.249964053510234, 0.23898071588715, 0.266951632624159, 0.242377543794004, 
0.240882430014554, 0.24291291423114, 0.238778953690565, 0.233507602870472, 
0.245649916814575, 0.269677019906343, 0.284987650464654, 0.268421898765206, 
0.267789948964528, 0.26275253369961, 0.266881997793673, 0.266803439208707, 
0.240868381028397, 0.23697301569483), dim = c(100L, 3L)), variance = structure(c(0.017158799230259, 
0.0144175159729185, 0.0157405054953979, 0.0746438396249142, 0.0173163298073278, 
0.021284545549186, 0.0437311363594849, 0.0181996993566536, 0.0257221375952622, 
0.0231960848679132, 0.0468190051686663, 0.0151691065996713, 0.0180501558713103, 
0.0130935667786226, 0.0166900368927493, 0.051240916338857, 0.0146422823604308, 
0.0975007905949725, 0.0129133999622748, 0.0150626509979687, 0.0898365101693556, 
0.0179178134211776, 0.0183942925907991, 0.02526795570859, 0.0186866694001093, 
0.012641759816557, 0.050308021843144, 0.0157232878571595, 0.0195926941067421, 
0.0142525658298137, 0.0159204731802579, 0.01711245519273, 0.0362514529889453, 
0.0164414405862254, 0.0279631710695895, 0.0158883517856157, 0.0159944773157312, 
0.017748400474563, 0.0532554481763737, 0.0122944479024772, 0.0157342376235735, 
0.0163119603897039, 0.017518003253021, 0.0154838476022822, 0.0152003112278155, 
0.0196399933703796, 0.0498926015502907, 0.015275818406511, 0.0158412187495751, 
0.0200481322379686, 0.0149307960340819, 0.0168374134932578, 0.0127208909497163, 
0.0171436348761105, 0.0232342319993837, 0.0274436587021787, 0.0150643360684876, 
0.0219087979372836, 0.015645459416479, 0.0152741743671085, 0.0245126980812367, 
0.0252746332059679, 0.01388808133147, 0.0205446705231622, 0.0210884494306473, 
0.016651267351704, 0.0255476905324158, 0.0205305628754998, 0.0187039980932634, 
0.0235409334752857, 0.0145690502541564, 0.0216149643507123, 0.0241761503422494, 
0.0155532691006895, 0.0136348589744373, 0.0267830128724502, 0.0181893446568353, 
0.0165112907554482, 0.0154445673159384, 0.0468988002228016, 0.0128512746558647, 
0.0135372298971625, 0.0234290571211497, 0.0144591192592727, 0.021014197571337, 
0.0195550679265889, 0.0157126164175802, 0.0147295880378438, 0.0316381971144578, 
0.0170702171501703, 0.016743820166298, 0.0226373168262013, 0.0127709288452626, 
0.0299000739059697, 0.0190208723089593, 0.01576414886236, 0.0192301328498575, 
0.0217038597088719, 0.0217357784639074, 0.0183696856649097, 0.0178283647874981, 
0.0168425351148332, 0.0129583015506525, 0.0197039617191122, 0.0175208677325593, 
0.0189507916616258, 0.0198720744397105, 0.0118648774613185, 0.0171851185049786, 
0.0183489125186327, 0.0160631502230157, 0.0155991193409745, 0.0109396915421604, 
0.0191970445568328, 0.019355073353394, 0.0271997808411575, 0.0145810619935826, 
0.0193645451587278, 0.0195284048682239, 0.0114586978449331, 0.0192858670511662, 
0.0181678331463431, 0.0123118797520305, 0.0198427122455987, 0.0159023251262275, 
0.0197443345554422, 0.0192679760313652, 0.0157522649530346, 0.018400879726125, 
0.0197119612462123, 0.0204646941739512, 0.0243223172675331, 0.0262763043891481, 
0.0172751536769341, 0.0197164937479079, 0.013316577864081, 0.0100051826376768, 
0.0183558164747629, 0.0192556223905535, 0.0207583878409539, 0.0128604910809079, 
0.0143037337627557, 0.0160664186396422, 0.0136014490477991, 0.0169615420735061, 
0.0113889656314322, 0.0201096100214678, 0.0169578902618954, 0.0216819364671456, 
0.0173437090324039, 0.0200356764413831, 0.0110423224104428, 0.015775550206638, 
0.017952570317585, 0.0186413056585797, 0.0200219490669887, 0.0196262367894922, 
0.024325923458497, 0.0121134333334406, 0.0156873458108188, 0.0187508427847082, 
0.0153671092819471, 0.0192485064278364, 0.0160965796757772, 0.0169448880475856, 
0.0174257507086917, 0.0246781957161688, 0.013347073067114, 0.0162234627040337, 
0.0173563504326575, 0.0192084100102452, 0.0182906662505694, 0.0155075996451854, 
0.0177099235289778, 0.0166419047018845, 0.019337660912182, 0.0120941617893506, 
0.0171883453125143, 0.0105783307991063, 0.0187195365783967, 0.0151031170037687, 
0.0166643392527574, 0.0158094202402078, 0.0196397826408963, 0.0183545222226679, 
0.0178706639405295, 0.0157135087755284, 0.0158394143098117, 0.0157204610351216, 
0.0181655753237727, 0.0164331274029569, 0.0179780437863796, 0.02263124864231, 
0.0197423597569749, 0.0148742740266481, 0.0102735151242819, 0.0214591777895084, 
0.0157241782509654, 0.0154528523396818, 0.0160710203817729, 0.0133073546145126, 
0.0145133670382672, 0.0154424989664938, 0.0181063093754886, 0.0133962573469263, 
0.0140197101017033, 0.0157427182025472, 0.0161679182741194, 0.0128849954248922, 
0.0157125371353162, 0.0186613372295421, 0.0154729101189709, 0.0158028451277299, 
0.0141661553460834, 0.0160717121370849, 0.0250554098048365, 0.0106551537642972, 
0.0155706747094043, 0.014159632283941, 0.0135803202010336, 0.0181875910566805, 
0.0126060759898653, 0.0161676118563295, 0.017611285356724, 0.0145118221450607, 
0.0142899073158751, 0.0164969675176692, 0.0177618401233007, 0.0137964347808246, 
0.013915068682508, 0.016569438159981, 0.0215243696322045, 0.0243450388288196, 
0.01371495465015, 0.016729983812157, 0.0129428865744814, 0.0152617653132564, 
0.0140375134905857, 0.0149396025272105, 0.015261266568117, 0.0152640179186633, 
0.0131242226497078, 0.0140179086982892, 0.0155848598703302, 0.0127741460256787, 
0.0157924736795412, 0.0176203085531339, 0.0134229945436424, 0.0182027407396148, 
0.0117592583402391, 0.0159911509215151, 0.0170083706619321, 0.0148471101840347, 
0.0129232022010622, 0.0149322195078731, 0.0173823607177309, 0.0133506273464258, 
0.0225239915111452, 0.0150036973864616, 0.0174248313657636, 0.0131262302815312, 
0.0164763569274537, 0.0155015663392044, 0.0141583594720919, 0.0117868974216011, 
0.0134612527177694, 0.0233117019263269, 0.0147920543661699, 0.0169946405796105, 
0.0135772542634302, 0.0138617926307488, 0.0164336953649743, 0.0149068077750814, 
0.0140076435026936, 0.015095010218932, 0.0184927249096984, 0.017564567450879, 
0.01386108911899, 0.0141253513626128, 0.0193062461700377, 0.0152661127416274, 
0.0151706459793571, 0.0146122469567493, 0.0134567201982042, 0.0136238128294443, 
0.0175727515528281, 0.0104617526093956, 0.0163373155079629, 0.0180118693451149, 
0.0133826252543719, 0.0141645519069663, 0.0151966112331411, 0.0196431923022436, 
0.0180856132132792, 0.0140600606074872, 0.015002507293171, 0.0213748077086754, 
0.0138801605610595, 0.0140515483860206, 0.0105979596357367), dim = c(100L, 
3L)), MSE = structure(c(0.107150891066531, 0.0153188402406076, 
0.217369258263474, 0.0765930401053973, 0.124234071989996, 0.814237533300324, 
0.168475060862365, 0.214819746150131, 0.0632488133199982, 0.665491846822807, 
0.161822094482577, 0.0617530847089383, 0.50526072964756, 0.112375371613692, 
0.0270226128982924, 0.0895136628135284, 0.0317945985012864, 0.118614195190872, 
0.0786681870162037, 0.0198981701801652, 0.167740045903581, 0.450578416361852, 
0.03173273076114, 0.0323854706073666, 0.0196534624219471, 0.14624601191244, 
0.0574275890490321, 0.0160713333153929, 0.1337546179745, 0.0380055059398445, 
0.0171392261881991, 0.096806864509032, 0.104601894483071, 0.594183728509988, 
0.0423866101003712, 0.573436536385027, 0.0400940944078729, 0.109637944966165, 
0.156989263791092, 0.0126032677700006, 0.90802225481167, 0.389009167372867, 
0.716040201517623, 0.065645127017463, 0.320834893019615, 0.183778852063092, 
1.18500182618084, 0.0151512461405615, 0.424160528963198, 0.703098738505749, 
0.068554094842596, 0.0170225562555925, 0.0348219490753565, 0.237987748993402, 
0.64669381533252, 0.3074515022011, 0.270443364840265, 0.118154815288828, 
0.496334680214226, 0.885521245084849, 0.0738028657143735, 0.0384932464841499, 
0.301008836806953, 0.223021835539042, 0.119059399147258, 1.23139761047462, 
0.0437029297051096, 0.558393471648986, 0.0236817122874817, 0.0324393261716821, 
1.36464541216816, 0.022183802682408, 0.0771243284305292, 0.0162417663222118, 
0.0390523303182439, 0.029459822042584, 0.17683041188016, 1.09334414182491, 
0.289997381495267, 0.373242703560714, 0.381172386960338, 0.261816136447399, 
0.0348639474390021, 0.543637098593964, 0.0795100424228355, 0.0261524796859561, 
0.581267249940601, 0.15638857303865, 0.0810962784452377, 0.258640149038647, 
0.021974872549128, 0.0533274389348527, 0.137139091564076, 0.172798949324185, 
0.396815847674233, 0.28692431196743, 0.522274530451188, 0.284292132955905, 
0.0574976741859175, 0.0512301329593148, 0.164097503290423, 0.0344677128782023, 
0.254401827874118, 0.0289061404124111, 0.174835447380679, 0.646848029556655, 
0.0799725124681896, 0.209317824550634, 0.051830966373478, 0.561452821297984, 
0.18717767379287, 0.114323496862007, 0.433072904674032, 0.103087119465149, 
0.0521539075099974, 0.114319663140931, 0.0144369686824757, 0.0953033519624393, 
0.0935712647505875, 0.0118555162868165, 0.214400909915926, 0.502238193614883, 
0.0253425292314076, 0.0199119260505772, 0.0313864245061888, 0.157919896999324, 
0.0408120622454077, 0.0304480926828266, 0.199387019599945, 0.0676838620138127, 
0.0202830521960447, 0.165111022130364, 0.061217472843405, 0.711055196447496, 
0.025268385378453, 0.457837395562283, 0.0213172834103743, 0.113099480756756, 
0.186273541996237, 0.0237600907304289, 0.773073104682846, 0.482953379556461, 
0.840380389997625, 0.0781859055323311, 0.268406429248911, 0.17982465750442, 
1.01778921727261, 0.0170619568931721, 0.549298526535112, 0.592555978471742, 
0.0629652813421055, 0.0112975429753381, 0.0250196074631379, 0.171491382965706, 
0.656440367224659, 0.23214026254865, 0.251479520393876, 0.158850065311606, 
0.589417249750739, 1.12082178410343, 0.0322132278457156, 0.0513545931623167, 
0.281744939152571, 0.159016936538715, 0.0873024240609096, 1.50808519406522, 
0.0547017746708999, 0.628984084937577, 0.0478372232706153, 0.0174677697241547, 
1.20302700049292, 0.0203889279373265, 0.0433215503485442, 0.0224714949900047, 
0.0436914450540939, 0.0330905919847408, 0.188376159648066, 0.992899712319341, 
0.373796234529645, 0.214651376278816, 0.300933920839291, 0.192517163192981, 
0.0188157026799823, 0.556718695666284, 0.0992480600452586, 0.0302632650481165, 
0.796100633580882, 0.243808373304516, 0.104212707167424, 0.271190693499568, 
0.0440667875679544, 0.0601348142076853, 0.220389684881956, 0.111393419528472, 
0.476880168346769, 0.221239681612105, 0.553462509272977, 0.318201984324594, 
0.0319056982065792, 0.0224552683757273, 0.154480579242857, 0.0390810620545866, 
0.246871236287726, 0.0305326005596587, 0.165957619364846, 0.665852826350084, 
0.0848545429700823, 0.204495879206888, 0.0347598456898977, 0.558516697002875, 
0.188114093384045, 0.11114493118501, 0.435614117390976, 0.0865096240616649, 
0.0472775669074782, 0.111876417839774, 0.0116405762445536, 0.0807831733281132, 
0.0995151935160977, 0.0134736804396185, 0.224452153509124, 0.509782250753082, 
0.0316130182018392, 0.0178398594246352, 0.0292346456060119, 0.167236039533446, 
0.0392390829610048, 0.0377884909751874, 0.184825792151286, 0.0579857315050254, 
0.0164176368282017, 0.161515127957009, 0.0601426069165657, 0.698569922739534, 
0.0189187569850194, 0.488707155082143, 0.0314137491097027, 0.108477973541063, 
0.209864029225923, 0.0169590907599509, 0.825865963512154, 0.451992241934543, 
0.828981992124004, 0.0741080626938755, 0.289302936152003, 0.193243667325784, 
1.01787542964957, 0.0132947117996342, 0.543119847844897, 0.647106787205032, 
0.0567869938962252, 0.0180912851268299, 0.0202676122793079, 0.156213029936551, 
0.655954948360872, 0.22695113229687, 0.259288189451654, 0.153889275000378, 
0.58680028923959, 1.16610235489507, 0.0301844072406738, 0.0535962576429494, 
0.293599842436959, 0.155154937198504, 0.104421945256038, 1.54253055817413, 
0.0516364056424475, 0.631700425539302, 0.0473128151012031, 0.0139839935123254, 
1.21187941943516, 0.0166132452402273, 0.0402472070384402, 0.0223609990221566, 
0.036696838402956, 0.037734790558591, 0.175407740647314, 0.97646169716967, 
0.347523988477015, 0.204585552495215, 0.277388919385678, 0.194089232247846, 
0.0160846017005054, 0.527101923201468, 0.075656256126684, 0.03199965081596, 
0.727568849771806, 0.240320208338605, 0.106477687250139, 0.263277338138246, 
0.0401559767684188, 0.0562301658652338, 0.216337958328004, 0.096941410048466, 
0.471785992584917, 0.247882492292021, 0.56832008615786, 0.333643291245322, 
0.0311877216433922, 0.0239865077694739), dim = c(100L, 3L)), 
    Time_all = c(elapsed = 8.70099999999911, elapsed = 0.714999999998327, 
    elapsed = 0.715000000021973))
