list(MSE_matrix = structure(c(0.26260555988267, 0.241711125065808, 
0.238897486012318, 0.253008306906893, 0.270141444644227, 0.274740358268724, 
0.270655326272722, 0.251324490619427, 0.254355105006002, 0.267421466511277, 
0.285424888776726, 0.253932903973447, 0.264632600732691, 0.262513609459555, 
0.293267489391219, 0.24933780064498, 0.272897412821704, 0.273809670302069, 
0.273256020691834, 0.253776135232954, 0.27101897535848, 0.273841236892498, 
0.256512375418979, 0.255622421227931, 0.233461516874395, 0.242806908808141, 
0.247083715817313, 0.263137263833748, 0.241825230106139, 0.255875485285468, 
0.316481471826439, 0.241121038674103, 0.25103114677589, 0.239413043313571, 
0.267064823492613, 0.247859886098335, 0.310653132402608, 0.26920906249801, 
0.251604577362277, 0.246965600735441, 0.260360421499177, 0.254567760551204, 
0.278777463181276, 0.254804536260269, 0.296121314016418, 0.242989867227758, 
0.28164404728662, 0.242924521699073, 0.250495661568242, 0.29594567684464, 
0.253209164149058, 0.274996951054755, 0.251288712149597, 0.304549968525742, 
0.24369480478397, 0.27915927932539, 0.273419077131369, 0.256691241878316, 
0.25361234610368, 0.239171446625299, 0.244980157226593, 0.255968669780501, 
0.294492707374903, 0.258254013189532, 0.244345120999852, 0.276772677343826, 
0.308191578719015, 0.274182526497807, 0.265221068516213, 0.228169138180359, 
0.248130577883139, 0.246910772979478, 0.254262835630867, 0.271830634635857, 
0.253155969563295, 0.254956049347171, 0.234732823523452, 0.268204775133377, 
0.271962730275387, 0.252483430996353, 0.250876012797236, 0.277347493596059, 
0.264018065334019, 0.279731897786295, 0.290817890819325, 0.248054314702256, 
0.25534064441384, 0.241868046700945, 0.257909459875655, 0.289402619470598, 
0.278565416474448, 0.282226083162465, 0.280274590272534, 0.249316205598326, 
0.260265657546225, 0.257175266685604, 0.247331786742608, 0.261181647197994, 
0.26111568511984, 0.259646485563041, 0.255006969092853, 0.253042022267817, 
0.257894300567533, 0.234762491902063, 0.240411225281054, 0.248828773007242, 
0.255871021232598, 0.243798199497923, 0.225644234488173, 0.255786584235168, 
0.263414081224611, 0.245497362582045, 0.253476033215765, 0.249107192137361, 
0.245283614824921, 0.245879456743418, 0.259127796811077, 0.262254255688922, 
0.245241641412154, 0.259568894248116, 0.241211634701575, 0.247981711693157, 
0.242218169253766, 0.23921418512423, 0.239583257249528, 0.250611001509929, 
0.239840207959215, 0.245095865759505, 0.235321951872533, 0.238772317950873, 
0.257496108113736, 0.240605749841527, 0.254574438878174, 0.241014997310373, 
0.253237432932332, 0.250840609025299, 0.254640385618044, 0.260901024909442, 
0.238543897060378, 0.230243500397735, 0.240706650235567, 0.246496574614162, 
0.25383685415287, 0.239588855989308, 0.271239207764077, 0.230972990267544, 
0.252649676755287, 0.245545560502407, 0.247541034805821, 0.267050386782331, 
0.232538516601292, 0.25220314558375, 0.244517144364575, 0.268730737586204, 
0.237238378629389, 0.248400496308873, 0.236482304866243, 0.244863381001713, 
0.247927687517793, 0.238232956708585, 0.2333359192205, 0.240768778457061, 
0.266944769154632, 0.253178388358108, 0.236891383282874, 0.251087986639833, 
0.242089067024058, 0.256146728364228, 0.237840934158112, 0.236128309693587, 
0.241978948634995, 0.243460584367005, 0.242222433393475, 0.241749996410184, 
0.238475983917061, 0.240345120465786, 0.238117479413074, 0.237274989097601, 
0.248798510312873, 0.235277534860011, 0.253366166718243, 0.26184065365838, 
0.263789122380841, 0.249278870167717, 0.256367975182987, 0.247971611114262, 
0.237645616674448, 0.234997760839464, 0.260275039613116, 0.240097394345579, 
0.248736251086508, 0.269087032468926, 0.2337855396066, 0.243205782857914, 
0.237524644745941, 0.243898713290269, 0.246686260819239, 0.247615201831462, 
0.237878100040771, 0.246484732882712, 0.244204181344302, 0.250191791669863, 
0.237526131797585, 0.241887184126409, 0.252282760630818, 0.258245067664403, 
0.248694257343477, 0.233806279548148, 0.231424740222435, 0.249845579699293, 
0.24760477128861, 0.240636453197752, 0.252640451861361, 0.255467244431823, 
0.253081796280684, 0.242895744460797, 0.262151450184502, 0.251848517702963, 
0.249737370779085, 0.253864205980563, 0.234041979418828, 0.245108811957676, 
0.256475306950073, 0.234279132007399, 0.234851839667089, 0.233667701301109, 
0.247202448730746, 0.241392950221633, 0.23800595943347, 0.236681524260522, 
0.256454721386432, 0.250897005462034, 0.243465064685524, 0.234242111137756, 
0.244762670737976, 0.251065822673507, 0.257052260002873, 0.253969462501974, 
0.240426833406617, 0.239834530322673, 0.233282215841376, 0.239595652153816, 
0.241625506320825, 0.24746786862253, 0.25967774917423, 0.231234170982375, 
0.264327290423584, 0.250575196231884, 0.253113017462483, 0.250845808115559, 
0.238059787244106, 0.255436200617253, 0.243838508944641, 0.261286752787291, 
0.230604542082692, 0.252206823286816, 0.245727734226224, 0.247262449289495, 
0.23987452915671, 0.238028869769256, 0.237243303084279, 0.232057179390439, 
0.266283197791414, 0.258466258322437, 0.238537881241135, 0.256630671449484, 
0.249759517055694, 0.255950534564907, 0.235902735586772, 0.236291398659099, 
0.254801861265378, 0.25127798555985, 0.237804415277934, 0.243849281807918, 
0.240369448360912, 0.247995047289466, 0.24206491564481, 0.254512073657297, 
0.262012297212993, 0.241142602331734, 0.250319276567246, 0.265548526584909, 
0.260403877588867, 0.245067146845751, 0.259991930394117, 0.250667904159896, 
0.238251080005962, 0.231853450132562, 0.251080893347975, 0.247360004045556, 
0.242946259019893, 0.268922648788576, 0.2468483602975, 0.257244115132572, 
0.243945091173272, 0.2595995733274, 0.249129298077787, 0.246313289528029, 
0.235155927775252, 0.258541888522797), dim = c(100L, 3L)), variance = structure(c(0.0266023866147564, 
0.0235104944885098, 0.0302781495482781, 0.121092734987263, 0.0287254819922873, 
0.0317441485191321, 0.0657000469160072, 0.0282471518638374, 0.031351511448977, 
0.0462590028701178, 0.0677771270992033, 0.0266732765899132, 0.0268672051040226, 
0.0228531631079719, 0.0316749479994805, 0.0735537483192205, 0.0303654697273259, 
0.126261192231203, 0.0222219034814119, 0.0287765640052584, 0.137425318972699, 
0.0253824734986546, 0.028008807757133, 0.0378599342826821, 0.0287269378364781, 
0.022136636316636, 0.0713190956783596, 0.0293072169504576, 0.0244218770646273, 
0.0203236082252935, 0.0223624456423765, 0.0458239867276445, 0.0554072123640541, 
0.0291209322925661, 0.0430844571426781, 0.0289263871258332, 0.028822202408291, 
0.03261644011182, 0.0609971171166547, 0.0205501203576636, 0.028382785811633, 
0.0286032695406854, 0.0218147054004631, 0.0303740591339153, 0.0302098343181038, 
0.0308487522223671, 0.080257751040542, 0.0301166635696843, 0.039829700153395, 
0.0272255288122287, 0.0234652512917923, 0.0256624123793157, 0.0265624293695725, 
0.0235808275870103, 0.0384505960937764, 0.0413631071761796, 0.0202209484662888, 
0.0399186888833027, 0.0270066163734731, 0.0283932132660871, 0.0350620542273047, 
0.0294268802917742, 0.0260569594358835, 0.0281036017101224, 0.0268573614729406, 
0.0231466104619099, 0.0407612125644744, 0.0235695925094187, 0.0287182543833092, 
0.0266029822236014, 0.0222341381632028, 0.031023561399704, 0.0260312782152171, 
0.0223319247439679, 0.0290870072810237, 0.0404023253707777, 0.0270722430061469, 
0.0286460205802594, 0.0287485722471006, 0.0782799720148086, 0.026306899101012, 
0.0310135601012149, 0.0288695473162065, 0.0202739342287826, 0.0299773496878427, 
0.0372197812665014, 0.0302488947437761, 0.0251198201242275, 0.0456230670157826, 
0.0303493215656158, 0.0287335441755899, 0.0343705297367602, 0.0431569884801527, 
0.0485856242409696, 0.0207602610268605, 0.0280755165975237, 0.0309550551728217, 
0.0273163202079634, 0.0216929377865678, 0.0294363842669547, 0.0108646506084054, 
0.00958845731548438, 0.011441015874627, 0.0101401231341335, 0.0117428201036213, 
0.0101665308001674, 0.0104722399447283, 0.0121936541361311, 0.00774217108013577, 
0.012003086653166, 0.0101294817625606, 0.0110530093334042, 0.0115740233405801, 
0.00877682826948541, 0.0110952356542521, 0.0145833862535061, 
0.0100642392449048, 0.0105178652049425, 0.0086601794469325, 0.011609377313798, 
0.0105468352203913, 0.0106070354538176, 0.0121062272513889, 0.0111752112192212, 
0.010581473539328, 0.00861504111276118, 0.0112748729976368, 0.0116539588642986, 
0.0100850409583706, 0.00939326443149934, 0.0092717845233253, 
0.014533181984511, 0.0145631781750741, 0.0118589034723308, 0.00889470116840286, 
0.011786211594007, 0.0125483529291173, 0.0118238473422581, 0.00787622787017809, 
0.00848584304792581, 0.0112090453785083, 0.0115870983925191, 
0.0101858184165184, 0.0115493682129838, 0.00985406343161805, 
0.0126171553535594, 0.0113258114965173, 0.00990447235615173, 
0.0124817648325709, 0.00761776424941008, 0.0094212135821909, 
0.0127143843165641, 0.0103296172632873, 0.00968347008465107, 
0.0114528149426118, 0.0111134542760113, 0.00922442376511886, 
0.0144777746371564, 0.0111156636236559, 0.0117481210129991, 0.0109424120695206, 
0.0100661133738923, 0.00915420712735976, 0.0103111803871813, 
0.00761730312646007, 0.00931029309264369, 0.0143079473585902, 
0.011162659813251, 0.0109345585858119, 0.011461017495237, 0.00970024995524838, 
0.00955825406779481, 0.0101545609436314, 0.00908378782184165, 
0.010039614957402, 0.0104051142349839, 0.012016501175764, 0.010102700487042, 
0.0120826885063569, 0.0118361646337738, 0.0107546886932507, 0.011131709715207, 
0.0100533874620913, 0.00894176721832984, 0.00793462651168652, 
0.0108514807789801, 0.00920263755014414, 0.011084732145659, 0.010058214696322, 
0.0119698726634461, 0.0109841621783644, 0.0101445039236132, 0.0137911343205537, 
0.00989182082544289, 0.0104691441094349, 0.0122880090136246, 
0.0136406835659455, 0.0100775732943302, 0.0108842625945183, 0.00897609319931132, 
0.0103642485291725, 0.0107027724557351, 0.01127392639803, 0.0107727488277153, 
0.0110747303698734, 0.00865566423383932, 0.00979897863286074, 
0.0117377345372252, 0.00949028889875865, 0.0126538406127748, 
0.00800063418503778, 0.011485962096617, 0.0101766946244381, 0.00933595402763778, 
0.00895099098596878, 0.0134585977340149, 0.00938609651070698, 
0.0101221357547693, 0.0090009301999706, 0.00939238535923319, 
0.0109615077776927, 0.00943737697133513, 0.0118230102422615, 
0.0109474052173358, 0.0109791953855608, 0.00896070820751583, 
0.0123982745339681, 0.0128694365091539, 0.00823281591019974, 
0.00857916559705698, 0.00988010405225555, 0.0124289369427942, 
0.0134898115005968, 0.0113889591119264, 0.00968266788103459, 
0.0111276682093452, 0.00985392522369411, 0.0116521602532675, 
0.00973395562655856, 0.00868556597080017, 0.00889040501535788, 
0.0112927927546197, 0.00779896603522676, 0.0116360219573023, 
0.0104240024437928, 0.0101093277789559, 0.0113866779703127, 0.0103332921854891, 
0.0102909193997186, 0.00885669250715177, 0.00988253538637917, 
0.00956668062037263, 0.0120440951004217, 0.00881984389923162, 
0.0118877952027691, 0.0109756537796242, 0.00808718434531854, 
0.0132448271734458, 0.00944797096526214, 0.013027171304541, 0.00891677871115445, 
0.0094674659743404, 0.0104827690562093, 0.010690555156324, 0.00913500416370476, 
0.00890485911529665, 0.0135211246158061, 0.00880791965151373, 
0.01182632090726, 0.00889994701974598, 0.0091527337839854, 0.0091024713422042, 
0.010177319844974, 0.00943785252626109, 0.011765436630703, 0.0101844954073808, 
0.00912378841911442, 0.0104316547425577, 0.00967827202129778, 
0.0111943367365682, 0.0124228670501533, 0.0086934175657558, 0.010129563790954, 
0.00802515726144492, 0.00881885596192997, 0.0108333212633865, 
0.00907280271492994, 0.0117451538077338, 0.00852504393546524, 
0.0112720009987192, 0.0111632613197694, 0.010874289471792, 0.0114509076226752, 
0.0101902961699829, 0.00801346467925024, 0.0096051151027534, 
0.0135370604822769, 0.0103349688229098, 0.00835401916142557, 
0.00977632521062454), dim = c(100L, 3L)), MSE = structure(c(0.101282309170446, 
0.0239458691829595, 0.229820831474811, 0.122293465779201, 0.11550504946041, 
0.827777081826652, 0.202547002775387, 0.22647646034024, 0.0641942495642717, 
0.74809170360186, 0.170000512709234, 0.0635669411493685, 0.538762171648429, 
0.133283226256013, 0.0428011938299453, 0.105432028988306, 0.0530290253934039, 
0.139651152220835, 0.0790824469953325, 0.0352511774036319, 0.217586857444561, 
0.487215310540462, 0.0415698814268067, 0.0461761601982917, 0.0284407943735669, 
0.142164896535626, 0.0724523570184371, 0.0290167530282616, 0.134973808014109, 
0.042859748472387, 0.0223510144239672, 0.131771863820463, 0.13367470923054, 
0.557632969030365, 0.0567411479932652, 0.608935198771717, 0.0507213227706761, 
0.0991403549251698, 0.174601227401834, 0.02217797070978, 0.95420219890241, 
0.379818194335802, 0.703320026259956, 0.0790998844485721, 0.334890132570117, 
0.173484669937234, 1.197352227769, 0.0301709662627487, 0.467284955692077, 
0.727091564025926, 0.0701910463369576, 0.0256747468558739, 0.0499360994081729, 
0.235728181938896, 0.590034048123157, 0.331943926821688, 0.274165126838215, 
0.128987977723506, 0.497029866082101, 0.935203755228282, 0.0812471316615455, 
0.0363634809158761, 0.287655744126592, 0.263321595253153, 0.130359750086357, 
1.2457019063997, 0.0529232077941275, 0.524782145055789, 0.0335596317005637, 
0.0372942636514905, 1.39838778196718, 0.0309614963401438, 0.0957781760702359, 
0.0234625027440291, 0.0593076390691599, 0.0436176073514086, 0.174125846437613, 
1.1612179142139, 0.298464279433406, 0.392151457817066, 0.391366382140124, 
0.27616708078559, 0.046501285705642, 0.558516896296618, 0.0840663156496792, 
0.0433951711346912, 0.56838694838486, 0.157615567505609, 0.0843942977309301, 
0.233537274939479, 0.0302469632885086, 0.0752106748094601, 0.178839289041402, 
0.189707538663404, 0.376975999827675, 0.299441216107188, 0.57366001618975, 
0.260608696062071, 0.0661260319575184, 0.0643408577665235, 0.13688770839879, 
0.0295295240092889, 0.255166750857319, 0.0272180615924564, 0.149008156109566, 
0.667434769413454, 0.0777633658448547, 0.209279446840969, 0.0279823025587327, 
0.584212425688365, 0.174168408856274, 0.0918395315465865, 0.438551948236945, 
0.0886080673219494, 0.0445248654521361, 0.102299561052535, 0.0104876049424689, 
0.0784333748283112, 0.087148107026569, 0.0116090824329606, 0.23396737821107, 
0.51469922708307, 0.0254103186885898, 0.0118355487789232, 0.0196191603225734, 
0.152666377645712, 0.0294398580385668, 0.0295175936933216, 0.177121491402914, 
0.0493389480583404, 0.00924486922181681, 0.162500647312965, 0.0496632030921217, 
0.662082411296764, 0.00990630659304058, 0.468382612896471, 0.0236028190597286, 
0.0979220335358003, 0.218784535509316, 0.010783865963656, 0.800846933641083, 
0.467827178621239, 0.819979927258993, 0.0770407532629006, 0.267966997740847, 
0.171117861283731, 1.02799592317831, 0.0101503755500235, 0.551573904946099, 
0.649255456262045, 0.0544039585750734, 0.0127539381632027, 0.0187469186489691, 
0.154180851223001, 0.630586089124394, 0.21387521913888, 0.256550962875136, 
0.15057747901928, 0.589096303993482, 1.13872167496636, 0.0310106110985922, 
0.0409279872249136, 0.274168511162693, 0.171512754227422, 0.101911771485221, 
1.5255583582149, 0.0435937080324549, 0.608433543534452, 0.0338593030723874, 
0.0130075743073377, 1.24178086638343, 0.00959223945940315, 0.0427385567760286, 
0.015322637272484, 0.0367723304627912, 0.0337115958964188, 0.181739337905567, 
1.02146762775064, 0.367523104548243, 0.184379401394542, 0.290334726000619, 
0.184940954829618, 0.0131891530788334, 0.526609382084262, 0.0657918952035001, 
0.0266094971809701, 0.73754284967678, 0.213047063310839, 0.0922175259635554, 
0.248027013666249, 0.0294649943901419, 0.0548567672024436, 0.22073736215257, 
0.0802295117096041, 0.457819460957772, 0.226070885733531, 0.554341266705426, 
0.306693572164911, 0.031885234065895, 0.0199415410346001, 0.146201137558608, 
0.0329200006591742, 0.245916315438515, 0.0266765156525273, 0.158582558070259, 
0.658633009963744, 0.076138248701132, 0.208446177949962, 0.0286222783470309, 
0.569760101522245, 0.184956236368491, 0.102146144442512, 0.438722568004605, 
0.0873486275595489, 0.0412725862271977, 0.098545992179077, 0.00987646908439997, 
0.0787755151402424, 0.0887138231303459, 0.00936093909784163, 
0.229987036660944, 0.504365594516901, 0.0251934725910427, 0.0123338356702456, 
0.0236147174207545, 0.154389995191488, 0.0323928530834436, 0.0342410096643028, 
0.178837298387363, 0.0518610516465768, 0.00979934997102192, 0.154864951202296, 
0.0508241170848333, 0.684386826008782, 0.0108735435918032, 0.469985138057521, 
0.0221342173519275, 0.103071388714991, 0.219787666613531, 0.011089037312906, 
0.803835219632196, 0.46509258307513, 0.818215103613988, 0.0720284736586605, 
0.277652320873303, 0.174291200922836, 1.04577191265016, 0.0102799565344638, 
0.542617155985842, 0.652601106612426, 0.0523420966448053, 0.00996580250511491, 
0.018777674017886, 0.155456965691842, 0.642938014902057, 0.204549882933555, 
0.25050011087641, 0.143525313755118, 0.579264655179219, 1.16672190778057, 
0.026441986312113, 0.0466999245085957, 0.278635671142393, 0.158950193388125, 
0.105386821600637, 1.52633633654392, 0.0402885522512991, 0.611380484410109, 
0.0391103892612816, 0.009729731077349, 1.21869048782078, 0.00916941863469116, 
0.0370533102946368, 0.0164316182273156, 0.0363129355791301, 0.0327641950832253, 
0.173910257404234, 0.993935970147842, 0.360784183282971, 0.185690991839191, 
0.280572510034109, 0.186941811060389, 0.0118068015379865, 0.530090029391277, 
0.0670911887502124, 0.0296502104938894, 0.735399700769306, 0.227707597692317, 
0.100520410196798, 0.257144453661065, 0.0343726015721735, 0.0547082966086703, 
0.211790082018134, 0.082177719496941, 0.45822169915182, 0.227953939936458, 
0.569112051075228, 0.323359490001204, 0.0277325833630681, 0.0219954967771951
), dim = c(100L, 3L)), Time_all = c(elapsed = 1.8639999999923, 
elapsed = 2.97199999999611, elapsed = 2.94199999997727))
