list(MSE_matrix = structure(c(0.26554077870051, 0.28798043651215, 
0.265751492532642, 0.302959631432883, 0.344303526388096, 0.305982443753332, 
0.37406151387187, 0.251059466049652, 0.3154339099904, 0.254646637544795, 
0.286050723203789, 0.266062360704752, 0.258353610491475, 0.250916813461063, 
0.260483419584972, 0.263049429493203, 0.341673833508496, 0.261657763153642, 
0.256225179510221, 0.241306664435308, 0.252724867400303, 0.283332081788533, 
0.264228234125653, 0.256716313786135, 0.256976046130638, 0.258984218873393, 
0.265756243092086, 0.249306763883415, 0.245920590233038, 0.288706508545359, 
0.26608246819125, 0.281633038570023, 0.256015510247215, 0.264786683515564, 
0.273239928328805, 0.249382840713991, 0.249435673246414, 0.275969372941114, 
0.238240352083482, 0.27538498159307, 0.255884715122465, 0.243580658100914, 
0.312329155953312, 0.280963225057723, 0.26541813907907, 0.251413910422234, 
0.246672892307984, 0.319069228218103, 0.258491398448171, 0.275930646284777, 
0.248233812169377, 0.269817201775621, 0.281234062815686, 0.287993208062455, 
0.26272962710306, 0.256295577724899, 0.232965467414268, 0.244630749426868, 
0.257413939189004, 0.245596658841106, 0.257080787226282, 0.253929935807001, 
0.301591020178281, 0.286629531765984, 0.257680991470819, 0.324706135245729, 
0.263034740153975, 0.237579474656473, 0.247157595365237, 0.277616871713421, 
0.245799876791957, 0.255680173684806, 0.273727251709128, 0.274366078785664, 
0.277218703505841, 0.315666970236878, 0.315582199142109, 0.266656335316429, 
0.260073091497871, 0.294259715671431, 0.258622458682652, 0.257308927004997, 
0.295956735511422, 0.262107850793336, 0.266965422328776, 0.294897086050789, 
0.236807106641313, 0.298656772131889, 0.233594602420997, 0.267847262301898, 
0.27723153847494, 0.280491129360667, 0.246603770548851, 0.2702031135354, 
0.253363163293679, 0.315545055221369, 0.274251093230823, 0.298774891281801, 
0.23377200474915, 0.264055901603198, 0.242092063157817, 0.279581732930506, 
0.257161915463178, 0.266303548310028, 0.258699325826329, 0.26541552168822, 
0.280748730363693, 0.255178582725889, 0.299506263887528, 0.230631632719701, 
0.238671892925542, 0.238347618152439, 0.23448547668117, 0.248376930014168, 
0.281460117212075, 0.269050354057845, 0.261855062892187, 0.24987984847401, 
0.255825733414666, 0.232806229993158, 0.256808288047674, 0.240962961130179, 
0.260662921772458, 0.241782889627523, 0.237619942752846, 0.233435881548185, 
0.24816065244923, 0.236490960764532, 0.2639464643629, 0.263144848830549, 
0.27752886120842, 0.265507621904295, 0.268478115109419, 0.250637571936626, 
0.265510719518471, 0.244774213922667, 0.255809264208313, 0.251804695283266, 
0.256844443442295, 0.304937299225628, 0.249855176423067, 0.239866480270276, 
0.245745722326886, 0.291674527714579, 0.266056653680766, 0.273079079303422, 
0.256151889079396, 0.31723685031543, 0.24135457125709, 0.26610632766225, 
0.242111522356993, 0.240668655498547, 0.244404466740892, 0.276517123863769, 
0.236496689379198, 0.248111406749566, 0.233713817863592, 0.247758244311908, 
0.251328279549499, 0.242120872602369, 0.245951444832626, 0.270903352426434, 
0.242307045293672, 0.25254290766954, 0.248699667424713, 0.289116168295363, 
0.233765611297795, 0.2472666883393, 0.257917249414741, 0.250633163389966, 
0.246064324938385, 0.243577802853527, 0.270972926618562, 0.256435136198954, 
0.259836128310133, 0.259337902749139, 0.250692797951424, 0.247091782665444, 
0.234895050877468, 0.233527847909913, 0.246075501918646, 0.255624134133213, 
0.278556467464275, 0.245767100868962, 0.256435182068338, 0.249117601853032, 
0.231330201286293, 0.272329327467066, 0.248633346338242, 0.24585198424864, 
0.257131723725825, 0.265391408909147, 0.223520103287847, 0.265667506910559, 
0.260985415959096, 0.291402231002189, 0.24198224507157, 0.329281190594327, 
0.248280736480301, 0.246869598058522, 0.264567485801831, 0.272528713000601, 
0.259992518416877, 0.278308511534883, 0.265492914225657, 0.266563315200779, 
0.268252443794298, 0.257939257013073, 0.264765867617835, 0.240153780933126, 
0.243374722391179, 0.241106991396531, 0.240483592310664, 0.247685473104871, 
0.263774879332839, 0.238399144290585, 0.294045282651563, 0.238521117745954, 
0.242366951853087, 0.231728261272256, 0.284102468640922, 0.234319433530874, 
0.248056394018459, 0.260490750087667, 0.263545138010461, 0.230095104497375, 
0.256863633527636, 0.232363754464132, 0.253075815622258, 0.256861678293363, 
0.266837098412113, 0.287602215799423, 0.250081154203776, 0.241092678374279, 
0.267918622752922, 0.249669062938726, 0.241720525399735, 0.23844223292525, 
0.238414609537148, 0.269938066353069, 0.277090298416555, 0.269381174149813, 
0.256213696521768, 0.29569666276355, 0.240175045203394, 0.2382712597666, 
0.264816809983225, 0.290027029398173, 0.253973098749264, 0.264725051889286, 
0.26273485841992, 0.273073978986211, 0.249190681028795, 0.291285274172859, 
0.264107965639742, 0.295709693938802, 0.234948813315717, 0.234055633728147, 
0.245694840275349, 0.236700325462322, 0.242641986680758, 0.237944066749331, 
0.254334904310023, 0.265725981291876, 0.256425765376014, 0.293244723701394, 
0.237730629657274, 0.244651183137386, 0.256065245819346, 0.277466586244519, 
0.239222747809071, 0.25818082000578, 0.253373761726822, 0.253648985538478, 
0.247390751264429, 0.253648403163706, 0.25205267048439, 0.245501696361898, 
0.243679453443866, 0.299681391662277, 0.25943846214645, 0.26089891953156, 
0.266227359501623, 0.271596440322989, 0.263952365574326, 0.259166137425732, 
0.239043874088513, 0.278923468993535, 0.245028819920593, 0.250554495664765, 
0.293134527026172, 0.268181764859939, 0.242459491516954, 0.247387506903722, 
0.264164884196491, 0.290188409225881, 0.257673409610294, 0.269930577172582, 
0.255195991321246, 0.260871614983), dim = c(100L, 3L)), variance = structure(c(0.029707998718986, 
0.0319445953476053, 0.0434554029957106, 0.120513253238925, 0.0310257798497009, 
0.0428609700151702, 0.0686677235684112, 0.0245884713080392, 0.0537687058770688, 
0.0466633977559511, 0.0741820022172566, 0.0342065171644122, 0.0354479720378483, 
0.0301226361055213, 0.0460578260807389, 0.0973072705879402, 0.0279118694403752, 
0.108758069205749, 0.0298324261146589, 0.0232776923933251, 0.128698784641152, 
0.0292657416873966, 0.0242849035415745, 0.0431678376840731, 0.0302087372122809, 
0.029959785469176, 0.0737288513331854, 0.0417126014872768, 0.038123031885173, 
0.0287500306785573, 0.0331957667710196, 0.0564935300044161, 0.0740588570686078, 
0.0317383766266709, 0.0541694606669432, 0.0222305849435454, 0.0244448743079794, 
0.0361464171911353, 0.104010729138773, 0.0308638702168819, 0.0288673926532365, 
0.023545820362319, 0.039463617002795, 0.0431957687951222, 0.0363763593535394, 
0.0286570953484286, 0.12498322479336, 0.0336794499308701, 0.056832812275621, 
0.0367242147043483, 0.0339961285858459, 0.032525931903178, 0.0350008986103685, 
0.0286098917757963, 0.0448594282871729, 0.0509352103210202, 0.0277604582815366, 
0.0491040148691572, 0.04313427013544, 0.0402901503774634, 0.0407974244866659, 
0.032588056403916, 0.0318572013659947, 0.0276753549267749, 0.0402342556991261, 
0.0288686572592081, 0.0544538991587533, 0.034607518038051, 0.0510202475550122, 
0.0322396437650999, 0.0291188425496745, 0.0336461158513053, 0.0271074313753379, 
0.0299263398865214, 0.0338105291954795, 0.0455126086239016, 0.0349799819544857, 
0.0290635705447108, 0.0226462753800816, 0.0804564020601329, 0.0367347210939386, 
0.0450572301152577, 0.0313559310442591, 0.0279582702975639, 0.0371141318071257, 
0.0403578491472989, 0.0311622413629527, 0.0408149723429905, 0.050117561095879, 
0.032618840262028, 0.0311971041731627, 0.0498688283733437, 0.05315689602633, 
0.0553126779890072, 0.0371594402140068, 0.0239829078169014, 0.0408340006874874, 
0.0275699545582105, 0.0330118619738135, 0.0371847507031692, 0.0170360268362706, 
0.0184320788919397, 0.0175441368027825, 0.0175496989624544, 0.0197205556174539, 
0.0207204823488574, 0.0239438693581027, 0.0160134973357271, 0.0173678092666689, 
0.0274096942414373, 0.0214703400068496, 0.0202206472991379, 0.014525817673516, 
0.0176712829666388, 0.0232163386405708, 0.0262465131307437, 0.0184504559891695, 
0.0236816003225018, 0.0174400353379759, 0.0184868499271933, 0.0173878958245484, 
0.018210404853496, 0.016231757438708, 0.018190428049299, 0.0169276015692745, 
0.0174209584257971, 0.0278726318491816, 0.0197603071037308, 0.019432427168944, 
0.0161443869559728, 0.0177773017603403, 0.0270381613002043, 0.0254530123793763, 
0.0205492354430876, 0.01794856203568, 0.0178984261163244, 0.0170613322478357, 
0.0239536598056126, 0.0172317848538927, 0.0171424617050502, 0.0193506283106473, 
0.0180381615437022, 0.0173792899170455, 0.0180840937419242, 0.0189657286561782, 
0.015033164098309, 0.0195754082165241, 0.0189900434285974, 0.0263536841103873, 
0.0168244211436999, 0.0180017850718517, 0.0178899562508322, 0.0188571549179663, 
0.0170202381099223, 0.025308242163651, 0.018425940786044, 0.0162317256570262, 
0.0248933224910644, 0.0159063374064205, 0.0197436118998082, 0.019050730719058, 
0.0188931798368051, 0.0180824225045732, 0.0170671849383022, 0.0169256878156156, 
0.0168764250048713, 0.0240122786838171, 0.0143363534685181, 0.0251936232071432, 
0.0169108966415657, 0.0162077238970118, 0.0189591253811339, 0.0184364013563949, 
0.0175195258480438, 0.0184530989427269, 0.0188835420738812, 0.0194678668196985, 
0.0176192531841301, 0.0179020458671225, 0.0189557252597241, 0.0190408211714499, 
0.0199927819223543, 0.0195255032106879, 0.016355775877334, 0.0173451857631466, 
0.0182520361819177, 0.0180067338143268, 0.0232701516305794, 0.0202939489047266, 
0.0223883517827196, 0.0176519280535954, 0.0231321513246097, 0.026235735258158, 
0.0183622684235625, 0.015487535083638, 0.0177048503724995, 0.0219762015275939, 
0.0191042854590275, 0.0152158755522514, 0.0179096221890968, 0.0185861043877105, 
0.0190446458029383, 0.0198121651978576, 0.018563667480871, 0.0178386722590013, 
0.0188363036775702, 0.0199371205186355, 0.0206648428378783, 0.0185053509160907, 
0.0203008162366074, 0.0181989495926059, 0.0190183007913317, 0.017362143859467, 
0.0187025062680146, 0.0181116013425217, 0.0209939154867175, 0.0167204562892852, 
0.0199969296751471, 0.018680438983643, 0.0162192213657134, 0.0186520894062565, 
0.015930135822795, 0.0211775188779788, 0.0256474137871626, 0.018630230485014, 
0.0190135536678746, 0.0212425775366756, 0.0223563456499328, 0.0179212939562126, 
0.0202215769740865, 0.0254883499413654, 0.0209506398111664, 0.0206976943431593, 
0.0180496992187672, 0.0171811316832889, 0.0212289858753732, 0.017208974452652, 
0.0184505623293192, 0.0188078870100842, 0.0212881934043948, 0.0152890543159365, 
0.0223099161599128, 0.0161387964267833, 0.0200049696861508, 0.0233922480229037, 
0.017261803750009, 0.024455801432581, 0.0229636922604302, 0.0197633908838704, 
0.0164570669607601, 0.0256672713155894, 0.0181851561043128, 0.0203980717682551, 
0.0157144532828539, 0.019616966834143, 0.0251962692190179, 0.0177862453501304, 
0.0203239863408032, 0.0176087234050213, 0.0216949421245382, 0.0196548853601121, 
0.0174754555780455, 0.0216656252708496, 0.0192755383511093, 0.0175300948939169, 
0.0161593257546266, 0.0204096132804309, 0.0158423400529515, 0.0211860300324049, 
0.0185673936921383, 0.020662480991701, 0.0156712476045419, 0.0181859407979812, 
0.0175127994854715, 0.0210783082653725, 0.0176693657368701, 0.016608330628417, 
0.021493658026474, 0.0167957722707087, 0.0194006416592006, 0.0206619617432736, 
0.0173981714347798, 0.018628450975601, 0.0175337862639039, 0.0158045188494855, 
0.0256895170050329, 0.016266544205037, 0.0201884960244461, 0.017687921772647, 
0.0175995709674099, 0.0185288159296017, 0.0205950996517031, 0.0204385853150294, 
0.0177602043960001, 0.0157766069620649, 0.016787225217652, 0.0205096710335054, 
0.0194689520323183, 0.0162535974306253, 0.019782546236177), dim = c(100L, 
3L)), MSE = structure(c(0.130761108838327, 0.0347942754517967, 
0.257291540420434, 0.130650561098134, 0.135598886585442, 0.89489009415505, 
0.212130083012894, 0.244422054290519, 0.0721171293623645, 0.785164024452156, 
0.16191867045901, 0.074190377764051, 0.54471939545381, 0.121368906383579, 
0.0566179012464118, 0.159869509748648, 0.0433912693945875, 0.125394912644796, 
0.100840152330489, 0.026363905086004, 0.177135167004083, 0.46794291685075, 
0.032404089104865, 0.0487757223309038, 0.0330368007059187, 0.170304426073643, 
0.0749639073057668, 0.0413391657014858, 0.130576503072329, 0.0584718251557093, 
0.0344067341931938, 0.172519290562189, 0.119535518194843, 0.594693962328304, 
0.0761252433101275, 0.550184306599848, 0.0416682205682577, 0.111580121126988, 
0.222508148089206, 0.0308847694809614, 0.909357331732505, 0.419370284111271, 
0.708529155768791, 0.0995929901904087, 0.367894971337115, 0.163756993650151, 
1.19051034196569, 0.0343807070119302, 0.49639484493867, 0.751142722420619, 
0.0849993487324066, 0.0322007705045258, 0.0521320718981569, 0.24291960895721, 
0.621396433141956, 0.333734426278333, 0.275899125012915, 0.175010340336788, 
0.533123611835676, 0.951721539283685, 0.10719849832213, 0.0496411250168002, 
0.332054753562311, 0.194980917850814, 0.163080199921942, 1.27283061551944, 
0.0826047196011272, 0.529861917316896, 0.0507642410260589, 0.0507798485652922, 
1.32256838731452, 0.0355634883355793, 0.0618154191110737, 0.0297209011085468, 
0.0551716795139143, 0.0453378566683726, 0.197362418229408, 1.01787727399166, 
0.315924056307877, 0.455730768525217, 0.384211268768715, 0.27822546761499, 
0.0334484002985843, 0.560038197356256, 0.0967985271352422, 0.0424331432297205, 
0.597433096944151, 0.153294560994142, 0.0909880111151302, 0.25380317994327, 
0.0382117123019108, 0.079094545045369, 0.216027050236656, 0.231025845634474, 
0.385389079071486, 0.276029084528818, 0.52610936086356, 0.354264340261039, 
0.0836574665704907, 0.0791093514534158, 0.149506409561235, 0.045757667165478, 
0.251105936431634, 0.0317979900479505, 0.155206460468075, 0.684065963047094, 
0.0935332588164685, 0.235184664501575, 0.0317663392150689, 0.631872125479635, 
0.190677676250971, 0.099894830320013, 0.463729023160053, 0.0854085471776579, 
0.0584638337626918, 0.123821658783782, 0.0185102339447701, 0.0875295391006024, 
0.107854080077222, 0.0192449943150828, 0.229701906192962, 0.536022567815013, 
0.024486509563845, 0.0191168214322831, 0.0305244492867243, 0.1771262626024, 
0.042554009208391, 0.041399034098624, 0.183592218419946, 0.0575105325495912, 
0.0178030801850347, 0.186957386807754, 0.055191969807532, 0.663933430615522, 
0.0194053723414329, 0.451683559165684, 0.0235962399804225, 0.103180032138611, 
0.232910100428446, 0.0181515834341431, 0.775313501850817, 0.494667061390458, 
0.822685568905686, 0.0786435138605402, 0.300946211440187, 0.156809183846543, 
1.03136086282498, 0.0189904073164171, 0.580267322797923, 0.673898873670907, 
0.0617266159328948, 0.0178109207875802, 0.023406817577629, 0.151740194019383, 
0.627580487725198, 0.217963929767513, 0.271081488376165, 0.170414413598226, 
0.581731173657303, 1.17453405027442, 0.0409876136682893, 0.0619397786877836, 
0.307430106886241, 0.150969659330156, 0.122348852447615, 1.5726261348098, 
0.0570896132896037, 0.592954445414972, 0.0411175413199542, 0.0193122967862139, 
1.22474628209173, 0.0192817549845893, 0.0376234781191763, 0.0276664699629045, 
0.0375672332153564, 0.0383334147118885, 0.207610226277876, 0.960702601275076, 
0.400144028135186, 0.203927595060283, 0.276963077904832, 0.191308679157123, 
0.0194504236955068, 0.517514275817437, 0.0752557332723381, 0.0367550368286961, 
0.748816897668084, 0.21109639385296, 0.113222706031069, 0.247979184184474, 
0.039379312973601, 0.0683594288171323, 0.245213330838101, 0.0946002787511905, 
0.454065638232358, 0.210565041357309, 0.556871963739172, 0.367645198168333, 
0.0389911385860941, 0.0332697983156088, 0.166586477657925, 0.0461028570032929, 
0.259810734648051, 0.0344847362135209, 0.171374907704617, 0.662449029338648, 
0.0856774572351313, 0.227815646401563, 0.0339724748428908, 0.589205831806927, 
0.198031974382842, 0.115432892568929, 0.447864759531966, 0.0905226041536348, 
0.055567241307574, 0.113942981915817, 0.0170296811693275, 0.0873532296537249, 
0.103943250034676, 0.0164300630032056, 0.239081517528552, 0.522503400818417, 
0.0318495946185327, 0.0296691175791767, 0.0370207778711157, 0.17130276474456, 
0.0371882432622057, 0.0464240544016649, 0.192647928491624, 0.0682615336966394, 
0.0252437802899797, 0.178626159754688, 0.0530705760057818, 0.702314666477697, 
0.0182614995087376, 0.466139025383264, 0.0263684009276137, 0.103627961410128, 
0.230262937848886, 0.0232487844826276, 0.794047587197312, 0.488015479498919, 
0.843278194737443, 0.0831197410337902, 0.309582931299645, 0.172713674044692, 
1.10650195851018, 0.0230845198481413, 0.576339692873291, 0.673406820441684, 
0.0651697025731969, 0.0180584857202591, 0.0254114991334428, 0.152554504860881, 
0.627720248762741, 0.195855510249471, 0.258978786854964, 0.161784717958331, 
0.599432657732554, 1.18892472206975, 0.0370993434514583, 0.0642122279539537, 
0.299807719808216, 0.144627985702182, 0.121529589488313, 1.57697891587253, 
0.0509503651543384, 0.61904362763228, 0.0471897152351126, 0.0194569625824704, 
1.19398514070028, 0.0156605519239626, 0.0355996836132597, 0.027381250446532, 
0.042474332533741, 0.0405657329066976, 0.191308375186594, 0.945869099974094, 
0.383865850477666, 0.191071736955921, 0.279576375109952, 0.182560493903805, 
0.0185249440265673, 0.535458765526528, 0.0723173999384648, 0.0521679590862062, 
0.739166698264342, 0.237287524079785, 0.117154263708417, 0.257652957005997, 
0.0475254746238722, 0.0752886944759242, 0.239089232121988, 0.0892402953903686, 
0.473478815041241, 0.222027147152141, 0.565522592295937, 0.3720682635004, 
0.0352164812245798, 0.0353485523496071), dim = c(100L, 3L)), 
    Time_all = c(elapsed = 0.798000000002503, elapsed = 1.28299999996307, 
    elapsed = 1.3169999999991))
