list(MSE_matrix = structure(c(0.26554077870051, 0.242604420058173, 
0.257626203628346, 0.305930594473022, 0.280734013900024, 0.285008442466282, 
0.260523223825464, 0.273364967292611, 0.307073947930584, 0.27698880463128, 
0.285057076850289, 0.240510192467802, 0.252657038678149, 0.254979804529056, 
0.253257124439759, 0.264395920058962, 0.336718112941474, 0.228511207121406, 
0.269354075426311, 0.256749458289063, 0.287720745546647, 0.287405709892332, 
0.276821307763813, 0.238554562862687, 0.256988891308388, 0.269074500142632, 
0.30061398467324, 0.292951615739823, 0.286186795824068, 0.270269339699564, 
0.286977419315476, 0.303478457848558, 0.291565317619902, 0.265846616641687, 
0.304526807125986, 0.254828370173791, 0.276660028812295, 0.250016740822254, 
0.259363526491736, 0.264816355681707, 0.307439266408061, 0.287241078880542, 
0.256204771959804, 0.266312463403399, 0.259316717887027, 0.243538948032498, 
0.251559934901024, 0.249645907610451, 0.27889592859158, 0.314282180766188, 
0.294238126905193, 0.276681549200108, 0.285768664124544, 0.24826739984561, 
0.285525955585954, 0.302754605550144, 0.275088952371464, 0.277375806411139, 
0.252976166279053, 0.309185364220939, 0.281563600053053, 0.284705607546823, 
0.287585588128276, 0.247577888321968, 0.317444510762093, 0.246610488526165, 
0.291207121396933, 0.253330357380079, 0.281491113173449, 0.28257734036654, 
0.273639889114883, 0.2620805411021, 0.272085916849079, 0.272056066173009, 
0.286635861695662, 0.243810613889734, 0.358352152954391, 0.320589765539507, 
0.269586346049739, 0.242955451930668, 0.268344909833125, 0.249133336998476, 
0.267995093327741, 0.257720450077902, 0.266784753359693, 0.251649973286428, 
0.272503602144727, 0.315419324022855, 0.265379759886448, 0.229480803892582, 
0.261707728922616, 0.291197480160318, 0.238919258787925, 0.262795135444956, 
0.264815904128852, 0.250195751657514, 0.269607921211514, 0.253954478809706, 
0.238980933957042, 0.243582520367153, 0.258037764597697, 0.234679188250544, 
0.252199325416773, 0.248568121449275, 0.249156448242583, 0.248631827799048, 
0.238563704251114, 0.25271304274458, 0.252281486357818, 0.256177722244655, 
0.263425840578131, 0.250622972895008, 0.241796803988574, 0.245010057514782, 
0.225749019992879, 0.25176634015283, 0.274770523586628, 0.240048292416429, 
0.251403818965734, 0.26269815247306, 0.259218179293128, 0.261865012599251, 
0.267055935137539, 0.234204351136983, 0.243125585954178, 0.245803867408448, 
0.289923184513245, 0.243431415096539, 0.262539187025929, 0.2562119116336, 
0.265910276682178, 0.278812748009648, 0.276484618347157, 0.254551389008778, 
0.256776523203705, 0.244424633721371, 0.265539420685392, 0.233653597617614, 
0.245032684042784, 0.253565125398294, 0.253066473817502, 0.245229584183047, 
0.245413704811202, 0.251366454321218, 0.244668662083855, 0.22443544495546, 
0.234070898222077, 0.246271217531917, 0.273261575593778, 0.279472341929776, 
0.270222561901206, 0.244278611027926, 0.26570277349038, 0.255561144186673, 
0.25554908008463, 0.26843214838487, 0.258318530179891, 0.25099056309554, 
0.256081677198694, 0.267543084599587, 0.249730536546889, 0.260725314759206, 
0.274725234824914, 0.252139840071061, 0.251158847846074, 0.263756306989542, 
0.277099265998785, 0.259990806971344, 0.259568209498574, 0.248007359566855, 
0.253629266979425, 0.249846003286263, 0.274347010907597, 0.232968005680815, 
0.269266870418499, 0.228971228590064, 0.265786244829113, 0.238370437517538, 
0.237562541415539, 0.234260457507186, 0.25019652723165, 0.240534776155432, 
0.244237241823204, 0.241924761456646, 0.251351549937327, 0.238973782448453, 
0.230114438280762, 0.249977499807149, 0.250443039144414, 0.22350151602086, 
0.250934506643892, 0.282010043725358, 0.247034961132233, 0.230810662348273, 
0.248236677313877, 0.235132325855595, 0.244482092001887, 0.236086961290081, 
0.245539733737513, 0.248747987738769, 0.255545123931847, 0.243851936330042, 
0.252938232887251, 0.250207446774432, 0.249001059534822, 0.243875444510001, 
0.244519997235026, 0.25278494131965, 0.256146742902292, 0.259138290550673, 
0.273827653650356, 0.244967095679217, 0.241040757092523, 0.247366683921373, 
0.233445586377034, 0.258206817593481, 0.293195099708101, 0.229914005173551, 
0.247766644960019, 0.261712113702475, 0.2570797674616, 0.247600876421926, 
0.266857017018783, 0.232934923977745, 0.254794084444918, 0.236642707304937, 
0.299160475704076, 0.252034460754412, 0.259931034001881, 0.255302759697443, 
0.254722895111164, 0.265964970727877, 0.271101921743774, 0.263221913365378, 
0.257685920020816, 0.244486538784897, 0.257873083503349, 0.236937786253128, 
0.236323293188931, 0.246064709760923, 0.248096045976723, 0.251411806631787, 
0.240293324269402, 0.230746696250187, 0.245828160014176, 0.228644627616445, 
0.226927571827983, 0.247163555548772, 0.263791982625939, 0.294320117154394, 
0.276160775155404, 0.263997930803859, 0.258183502747672, 0.249702418651545, 
0.254324138767006, 0.252377987737157, 0.25224241793463, 0.25586983701783, 
0.262133344080432, 0.26206159923254, 0.24438787897332, 0.255830645104578, 
0.274930084871073, 0.250232431733756, 0.251414805933759, 0.256295994865206, 
0.268665235266087, 0.268963398373347, 0.255100232210223, 0.250211190323896, 
0.263204438439724, 0.252454160030901, 0.286571324420972, 0.240504679370057, 
0.269842961572914, 0.235270219722756, 0.250016051933359, 0.241420177017663, 
0.247315145035016, 0.238626643841388, 0.257010174303102, 0.237104848400241, 
0.251180196894411, 0.258054443972893, 0.249979295186093, 0.233591427837245, 
0.238295954779277, 0.259680117173033, 0.254532905264457, 0.226308629018466, 
0.257610671196151, 0.255736889042325, 0.242075867556758, 0.229319406326044, 
0.236938630379259, 0.231579620264716, 0.252924131836887, 0.239080220502166, 
0.241497101898367, 0.247979121648524), dim = c(100L, 3L)), variance = structure(c(0.0371584472063312, 
0.0306158093645894, 0.0356202829425566, 0.136071975371098, 0.0375069278693425, 
0.0442771674923159, 0.0770245703154269, 0.0387786498061203, 0.0474391572017557, 
0.0399354928181981, 0.0766143364279371, 0.0397269841073617, 0.0392960063829351, 
0.0337485523128495, 0.0494260375576779, 0.103588952756889, 0.0298200418883528, 
0.123163758197892, 0.0351238143455955, 0.041609525075802, 0.157107686305957, 
0.038543205984603, 0.0382719300553382, 0.0471651848582913, 0.0361274140928338, 
0.03548147654056, 0.0657616915686041, 0.0330181134857112, 0.040141267558044, 
0.0392949762270791, 0.0373974125224065, 0.0572230542279876, 0.0820008136952114, 
0.0369579164087433, 0.0542306419331448, 0.0314931816022332, 0.0469596047407373, 
0.0314069250365665, 0.0741401722518217, 0.0384996692707799, 0.0420464286043545, 
0.0295792372373856, 0.0440550925752067, 0.0346796946742293, 0.0255849860896239, 
0.0445588642862682, 0.0954910892850972, 0.0303543238396895, 0.0522994186376769, 
0.0334000434015541, 0.0351833141701314, 0.0465154324124585, 0.0283104649772357, 
0.0382207578250436, 0.0361755918609644, 0.0533639864196153, 0.0419383428484875, 
0.0572807894760326, 0.0413615171527537, 0.0322322888418052, 0.0406400282002556, 
0.0376812527347282, 0.0330342705299993, 0.0340230413369146, 0.0363556329631738, 
0.0360447245872548, 0.0609243388763486, 0.0400780271491957, 0.0486939258790482, 
0.0351323610476895, 0.0371686452145754, 0.0396564035691657, 0.0344966896083729, 
0.0336934407276964, 0.0289035832274659, 0.0628433570972617, 0.042766322427258, 
0.0333174802276741, 0.0437395398660996, 0.111632498484765, 0.0292686406254046, 
0.0463539329384234, 0.0382382277156808, 0.0411497036673301, 0.0355196554558163, 
0.0396153257953938, 0.0289861383733939, 0.0425996388397188, 0.0531216255214241, 
0.0332779970590812, 0.037122193813748, 0.0444013012000207, 0.0493288557557888, 
0.0693711447155778, 0.0414564965337703, 0.0458281863021136, 0.0410242852506854, 
0.0349192614513518, 0.03770455631148, 0.0245667031909389, 0.0137688180851521, 
0.0142379579993399, 0.0144422109253978, 0.0144595149421593, 0.0138913476663365, 
0.0156717728715912, 0.0172141996025162, 0.015869926355104, 0.0128429811875867, 
0.0130275609843457, 0.0144613935462026, 0.0126225463018194, 0.0161525532849958, 
0.015333036222023, 0.0159989661512784, 0.0147996816521104, 0.0118585160479157, 
0.0170501910562102, 0.0156321788876401, 0.0136489752638317, 0.0147037982442966, 
0.0164967001502186, 0.0158116621746398, 0.016602944225549, 0.0119614662783199, 
0.0156236712104243, 0.0130833836105127, 0.0133184579150068, 0.0152678203569275, 
0.0152880275373461, 0.0141866971239331, 0.0155828860109404, 0.0146428889606361, 
0.0135693159500594, 0.0138104140649617, 0.013301332039766, 0.0144374720101704, 
0.0138464570644827, 0.0126277111711305, 0.0155750378946609, 0.0144796965808355, 
0.0132201364710054, 0.0150875828949488, 0.0140333834722456, 0.011494683196286, 
0.0148319370244893, 0.0165321608143233, 0.0116575593337107, 0.0163775155538722, 
0.0121920778562079, 0.0133806919775033, 0.0151960085703892, 0.013127092082507, 
0.017072401715006, 0.0135031184939326, 0.0166872232770054, 0.016796475734836, 
0.0146360435942344, 0.0155545380973066, 0.0130911182101422, 0.0146961189132517, 
0.0132327615006584, 0.0146874824408389, 0.0117670605063525, 0.0123916318970346, 
0.0168628386761362, 0.0142962476144134, 0.0151853125921829, 0.0135825025165982, 
0.0142418957432562, 0.0143144854500055, 0.014304328914275, 0.0126455025141058, 
0.0156416157904645, 0.0138160576325488, 0.0152365019835973, 0.0157366568380541, 
0.0117899011431656, 0.0139452184683885, 0.0161390169488776, 0.0128997960617982, 
0.0153956591823637, 0.0133587813574938, 0.016901694738053, 0.012715317862095, 
0.0159152320372462, 0.0116685402983038, 0.0131273880915846, 0.0140549560805691, 
0.0143256424603357, 0.0125096609440488, 0.014642030016183, 0.0157571682198182, 
0.0147035219309528, 0.0149819236587917, 0.0143449501903457, 0.0137574076543593, 
0.012612876700513, 0.0146585087772015, 0.0114876077708785, 0.0123398880026346, 
0.0111110799044241, 0.0122447451848902, 0.0123045081469278, 0.0131115467400899, 
0.0165452902202635, 0.0176929250750867, 0.0148137175132976, 0.0131312678803053, 
0.0131231582547078, 0.0128294486080751, 0.0125508422759346, 0.0140376500583167, 
0.0116941503678308, 0.0175464590367614, 0.0152454548544903, 0.0117771330791552, 
0.0166477821945655, 0.0118903630800234, 0.0134142111824098, 0.0123998944171656, 
0.0142887222193405, 0.0147791415651464, 0.0157218629020574, 0.0113317917009419, 
0.0118951651524159, 0.0125300395558323, 0.0116598185666742, 0.0162341876191443, 
0.0123767677481474, 0.0117899829994474, 0.0156699261987245, 0.0148269795985137, 
0.0130740153810961, 0.0118961120170731, 0.0135484421396142, 0.0140201193151358, 
0.013575915716652, 0.0122505054902137, 0.0120247264903879, 0.0130812578568823, 
0.0132777946586226, 0.0155584101120093, 0.0119148424191725, 0.0106139399119293, 
0.0138467144727566, 0.0159847861178445, 0.0107222896159607, 0.0178704236103989, 
0.0115671486043386, 0.0112699989462945, 0.013393104904076, 0.0105934925380325, 
0.0140044966109727, 0.0132040060995838, 0.0158703396098201, 0.0132268469542903, 
0.014332195005795, 0.0136984792882512, 0.0113624636260889, 0.0146402783835542, 
0.0122171934833833, 0.0117287688774336, 0.0110029688158525, 0.0121830562005313, 
0.01357188379304, 0.0141503490845457, 0.0140409455996582, 0.0137607871238033, 
0.0137136572009086, 0.0119402535893799, 0.0118973148447222, 0.0119240411807272, 
0.012043988892415, 0.0112537503519765, 0.0124040046863974, 0.0134208062448329, 
0.0107519058615015, 0.0138186314939544, 0.012866409967534, 0.0105569439016584, 
0.0155762988160554, 0.0129763646475401, 0.0130922853324489, 0.0114322380042936, 
0.014724747289732, 0.0112655501883687, 0.0133104119609913, 0.0126504631907931, 
0.0138197504373642, 0.011876765927388, 0.0137160881307434, 0.0160398859807836, 
0.0122657999846496, 0.0146674176024973, 0.0138848191684224, 0.0130847884113333, 
0.0121263708266681, 0.0141922944230397, 0.0110729244244856), dim = c(100L, 
3L)), MSE = structure(c(0.12342534847599, 0.0316095433485407, 
0.29629568644309, 0.137301504998155, 0.13217908941133, 0.860856588888348, 
0.212392491688647, 0.220356732829658, 0.0793569853479326, 0.692963152558157, 
0.138747101150372, 0.0858443749076359, 0.497780246258386, 0.13314471017839, 
0.0549084389129083, 0.148242146854874, 0.0458768363092719, 0.145140866930628, 
0.101437498005816, 0.0460860606488284, 0.236288749611492, 0.554980837583336, 
0.0562352348645394, 0.0540979199500113, 0.037051594632272, 0.167475913990693, 
0.0749825282081039, 0.0339077349507509, 0.142518703710504, 0.0626246769559217, 
0.0370648335210983, 0.147486599352354, 0.139574998363658, 0.589283837701277, 
0.0705227998143976, 0.597899905366194, 0.0699667715097606, 0.100813944324475, 
0.187551665652021, 0.0394011992510777, 0.946402874260559, 0.390124467064325, 
0.720803072803844, 0.116935228912259, 0.350728424494717, 0.201035457791769, 
1.11253300790548, 0.0302300181080578, 0.431281698910532, 0.71394163661103, 
0.0764150417869488, 0.0470563534328779, 0.0618279609044187, 0.203513525339038, 
0.620460707920669, 0.346307053510679, 0.320355553492805, 0.172260934175138, 
0.57145715664288, 0.858981143860576, 0.0884660949144306, 0.0435049207715562, 
0.284166752967575, 0.231947393117962, 0.137833043410349, 1.39232835857536, 
0.0860815935964189, 0.569832163506952, 0.0548415819625784, 0.0448392772598139, 
1.37591813871493, 0.040423345899203, 0.0931652502932257, 0.0333573436719841, 
0.0710571655037317, 0.0646788569046174, 0.185725544702844, 1.077998088806, 
0.319759780827023, 0.427929988431935, 0.441301739174208, 0.289330228862865, 
0.0517868773843777, 0.536095735815045, 0.0976956317998335, 0.0424575253903306, 
0.601703035949116, 0.186531395912938, 0.0761982626254374, 0.233457369280032, 
0.0421112747878884, 0.0772398092540259, 0.18190564846642, 0.217536737628433, 
0.408198979408574, 0.31655621358038, 0.502279661004664, 0.299992707139946, 
0.0782121923974623, 0.0598347507716391, 0.149547420063846, 0.0351086784849024, 
0.279746146649619, 0.0282797732330663, 0.158888745235752, 0.657224723597089, 
0.086447434052091, 0.197339166992973, 0.0350917234673068, 0.57246283601145, 
0.180592788684056, 0.102078324013316, 0.4104013009313, 0.0944278129541561, 
0.0517260419290288, 0.112438679231048, 0.0120893543367015, 0.0810473752201976, 
0.0946451879938624, 0.0135537465033493, 0.22704087282963, 0.526655402421218, 
0.0332987718892594, 0.0178687848457217, 0.0250096546503534, 0.159755951123158, 
0.0334791040720229, 0.0300767601129085, 0.193134674636326, 0.0587560276208672, 
0.0140455550381864, 0.174293673646566, 0.043729975947869, 0.681340302569033, 
0.0160417708560303, 0.4792779053712, 0.0288861260599722, 0.101347733735461, 
0.211075711763965, 0.0182239008823207, 0.80546843742123, 0.460513836585627, 
0.856737362883743, 0.090367622420836, 0.278275952172532, 0.194448923639075, 
1.03810982859214, 0.0115697047602705, 0.561712555059241, 0.636246566328244, 
0.0541417382789025, 0.0160561930179482, 0.0227124903017854, 0.155036039203868, 
0.637507168486622, 0.211403350344317, 0.262838589552659, 0.163759303168146, 
0.629797049183992, 1.12498558170008, 0.0294866737941677, 0.0491421934593213, 
0.272986697889374, 0.157139893347072, 0.101739285756885, 1.56156557991173, 
0.0496861493078602, 0.65415655464683, 0.0397681633284177, 0.0143056308617822, 
1.21944062193158, 0.0147451280192396, 0.0392301866715795, 0.023066431792228, 
0.0437344225551118, 0.0346833075680904, 0.178968086883061, 0.986230500846914, 
0.359093018599825, 0.196896040275862, 0.300061751076097, 0.176834663845593, 
0.0150592186303998, 0.533059424463034, 0.0776516584449785, 0.034763282382464, 
0.75235656103526, 0.22613198371638, 0.100617943180203, 0.252988705465843, 
0.0358595688615355, 0.0604542990929182, 0.233609794931254, 0.092756635288286, 
0.493188241200917, 0.238848450100709, 0.53156618977594, 0.327292729507124, 
0.0288734992810352, 0.0223441258464492, 0.152376989805559, 0.0360510059264415, 
0.269494170822327, 0.0263779581036326, 0.161902755980922, 0.642570555640506, 
0.0814372105207767, 0.201629870415095, 0.034378384069492, 0.569209749546357, 
0.185908889504183, 0.106893937477605, 0.412290737643634, 0.0858214066615098, 
0.0554639347014827, 0.105823819441219, 0.011895050407399, 0.0860932489216538, 
0.0956091162621686, 0.0133948686761405, 0.225585258668573, 0.529934378724654, 
0.0305971654738851, 0.0188974130439334, 0.026656059739602, 0.162024125215899, 
0.0325032609664603, 0.0332965643383979, 0.201530448677543, 0.0563554617289954, 
0.0116814999579881, 0.170465850519465, 0.0481052460249451, 0.689554249367036, 
0.0139976785343396, 0.470639282527172, 0.0276584654123869, 0.100307839734569, 
0.211927774419578, 0.0141901254753551, 0.799313089232343, 0.46935062063215, 
0.866501077622698, 0.0834148966267551, 0.27881528649895, 0.19268294968923, 
1.06819113843739, 0.0106161819474538, 0.568854919312432, 0.638181871411939, 
0.0529562187795074, 0.0142074658913126, 0.0178300379968198, 0.146688872694596, 
0.632984723984071, 0.194292581947092, 0.261601673996362, 0.1555138128638, 
0.623567767367669, 1.15822483414829, 0.0273443265235882, 0.0525645264326508, 
0.278618331767466, 0.149069754951291, 0.103086198098185, 1.58398287308391, 
0.0448531864253017, 0.65546979495297, 0.0417750201236636, 0.0136421900446119, 
1.21036635969032, 0.0123174984041574, 0.0350151469852203, 0.0216587912189247, 
0.037671452775249, 0.0322579906466259, 0.178302357355935, 0.971375212234197, 
0.364166490487092, 0.19276733212712, 0.28302552500865, 0.175379201674022, 
0.0138936983900495, 0.523349384844263, 0.0756818439403146, 0.0399102931600311, 
0.75483297520189, 0.232478847986912, 0.105258873062725, 0.252506193332947, 
0.0378080206769153, 0.0637040235459789, 0.232055227198183, 0.0895341068691837, 
0.498028217718821, 0.234895528885011, 0.551819492317358, 0.337802681019802, 
0.0274181149839785, 0.0221790913411625), dim = c(100L, 3L)), 
    Time_all = c(elapsed = 0.62599999998929, elapsed = 3.14799999997922, 
    elapsed = 3.12199999999029))
