list(MSE_matrix = structure(c(0.272732813009425, 0.275059320924172, 
0.244665758514765, 0.251770323367876, 0.261564843586082, 0.237883832801441, 
0.272919942909932, 0.250055680095397, 0.228733339468336, 0.235573365578299, 
0.254591979240596, 0.235048243073892, 0.25184089736866, 0.268325006412828, 
0.250619072670776, 0.26170918673911, 0.284226886675398, 0.251344602477353, 
0.244337109305522, 0.262066343467448, 0.268658558421582, 0.265792033670139, 
0.241338829453219, 0.269941804048443, 0.247472277041546, 0.23219377843191, 
0.278110467839805, 0.254520289142424, 0.27073736552187, 0.253285984702483, 
0.23907594216345, 0.255511371275792, 0.246942309295112, 0.24888348900908, 
0.27378538026775, 0.251623147912702, 0.243314795503797, 0.262460163093936, 
0.241609327215716, 0.235574668698393, 0.259851941816318, 0.261200235035715, 
0.229548778896966, 0.238690933081931, 0.256867549785836, 0.238774000839434, 
0.238885606524355, 0.220247840337698, 0.244970864497906, 0.267098537170085, 
0.238053496397258, 0.255663710954653, 0.23458939817047, 0.268017926904065, 
0.25061907506105, 0.23557263712233, 0.264834572695245, 0.248323398856429, 
0.254546101229533, 0.24002889948445, 0.254471379008204, 0.260681550295761, 
0.22953267301084, 0.260592125038406, 0.251351503409192, 0.23042640851881, 
0.259117362399267, 0.246708988096384, 0.251201744471154, 0.246804215237534, 
0.253190375647938, 0.24537814931147, 0.277015413255752, 0.238578061773669, 
0.246013908881888, 0.254094841545659, 0.246713053849475, 0.250704869663447, 
0.259185974766544, 0.259781860342652, 0.244976846642138, 0.258058640969235, 
0.256120358154348, 0.256275125188792, 0.249761497154722, 0.255947289147021, 
0.238269022933085, 0.249236285981252, 0.249126198964666, 0.263122567385142, 
0.250499980256492, 0.262616763973777, 0.238486746424475, 0.289474655173059, 
0.266126392838448, 0.256367175185072, 0.273759135044755, 0.256687751911984, 
0.232318155133405, 0.239090624424816, 0.232956518055865, 0.23572685699697, 
0.25818741513455, 0.245203826104565, 0.251908795762994, 0.24310454490644, 
0.273851399405483, 0.246719877811092, 0.240657844267613, 0.243415141385842, 
0.247695835606864, 0.253482836289513, 0.244146232351051, 0.253830026720691, 
0.253297329862482, 0.254988399106127, 0.269957016116749, 0.259827386051668, 
0.247976068199957, 0.275693091663678, 0.240392009520576, 0.23661639325752, 
0.252554379813164, 0.28489769940353, 0.232692018698947, 0.23656600686741, 
0.259385849783615, 0.234969970827847, 0.255449411031843, 0.235390108385185, 
0.244491825395247, 0.236554940908915, 0.238855797529824, 0.247753853328369, 
0.252402631310895, 0.234994334266832, 0.237951219317903, 0.250141841857438, 
0.25457636868599, 0.228052530840605, 0.252319059865484, 0.26530690824863, 
0.253118301346103, 0.2557601387633, 0.252601514645879, 0.233340377253475, 
0.251177824586182, 0.252025929562378, 0.242819803558522, 0.229342710178696, 
0.233861378608413, 0.250087334669731, 0.237815016574847, 0.236471155216707, 
0.239276802709875, 0.240509507935059, 0.262225307724337, 0.267556516742156, 
0.253062026331744, 0.24325418965207, 0.229493049854077, 0.2437010889814, 
0.230323762226324, 0.246777934695269, 0.221839352827517, 0.238629678908536, 
0.242772679450618, 0.249379934646764, 0.233428621263985, 0.247092420755702, 
0.232613273062583, 0.248862276218899, 0.245929641130411, 0.239480695509941, 
0.239512133316697, 0.23735027659048, 0.247122893677739, 0.259559679922034, 
0.263471251080292, 0.235465327654622, 0.244518837284511, 0.260667357548357, 
0.253364884264222, 0.248517580792763, 0.245854080603612, 0.257034898957307, 
0.252108050732555, 0.236019495771603, 0.246807185031839, 0.231522236466932, 
0.239258727584869, 0.248211371951585, 0.2538997423826, 0.259765725167095, 
0.284537759251179, 0.249871601919174, 0.309843067730702, 0.23686205261048, 
0.239823377216757, 0.252322143907993, 0.236333221962141, 0.234389819780287, 
0.252411892081998, 0.254785622151786, 0.241951255674302, 0.247273599195002, 
0.257692897116587, 0.255448343349993, 0.259284231883534, 0.239267069985252, 
0.24988916850858, 0.236694208755958, 0.240976917089003, 0.243931524135609, 
0.246469088587786, 0.256858988935609, 0.264710701049148, 0.243307290927175, 
0.253702917609038, 0.2445459934778, 0.253997241055451, 0.258663534176721, 
0.255286567924523, 0.257218369103216, 0.244956464889793, 0.23312052370122, 
0.282068916597689, 0.243762721419839, 0.253908756425166, 0.262180908731167, 
0.254550381735972, 0.23758860755685, 0.242759347536617, 0.246650874150145, 
0.245988014908309, 0.24450849890729, 0.238051372345172, 0.251049124520707, 
0.246680842174601, 0.242939994797305, 0.246671289612447, 0.258346665830918, 
0.259100555657086, 0.252761831780814, 0.246028753715469, 0.245612447578944, 
0.265456525154501, 0.235754649769979, 0.239669386395578, 0.242875070928303, 
0.234213177645379, 0.246799697016308, 0.2379641883603, 0.246290990151127, 
0.256055926803034, 0.243472700571154, 0.242768455022592, 0.24524653279076, 
0.268926259535345, 0.2361320917872, 0.242957057184171, 0.248244734063222, 
0.224657708130214, 0.244366984854113, 0.238728273289802, 0.236778995680292, 
0.252371704566061, 0.238628393161516, 0.248572251193756, 0.265029856441183, 
0.248405653004614, 0.251561253395185, 0.252413242412526, 0.245181492439447, 
0.23838276235159, 0.246490980854599, 0.239948960001106, 0.25398589710917, 
0.272731834471939, 0.244655020523794, 0.24384868444728, 0.252969702209397, 
0.248177294692427, 0.246047739062734, 0.241192416129449, 0.258928911135745, 
0.24023945297048, 0.234294138334661, 0.255729916660791, 0.240560943656819, 
0.240448908080316, 0.263180234052108, 0.239559853843896, 0.261262985720175, 
0.247254926509652, 0.261945146311217, 0.266015222114887, 0.249055035355329, 
0.227480214326014, 0.245154974719105), dim = c(100L, 3L)), variance = structure(c(0.0176249551148023, 
0.018726537591963, 0.0161563006836346, 0.0838546036701238, 0.0191315976893953, 
0.0181291298567177, 0.0395983881805416, 0.013146860214401, 0.0250502373474263, 
0.0318250263509536, 0.0389081903500842, 0.0194581401358674, 0.015622315874161, 
0.0197114079281309, 0.0190960720602523, 0.046798782119943, 0.020020565844515, 
0.0921373796566222, 0.0196448269137082, 0.0220009344436328, 0.093000424628555, 
0.0194113452123537, 0.0133019526333258, 0.0228200340615923, 0.0174414186783732, 
0.0198693398929053, 0.0807392636733847, 0.0176583378130984, 0.0162147726405891, 
0.0176837997859961, 0.0158593424907516, 0.0194487295609912, 0.0331244042730355, 
0.0188564945912743, 0.037101519574597, 0.0154751043385371, 0.0201829917606549, 
0.0161435163224529, 0.0792490352076345, 0.0198220653904922, 0.0230062861109705, 
0.0148779886296121, 0.0173398556376196, 0.0161852033954862, 0.0130109498101565, 
0.0173494112885678, 0.0478959160694451, 0.0153540116853648, 0.0200016972828633, 
0.0163854087864903, 0.0136991720229874, 0.021286013237859, 0.0199277886786787, 
0.01972525425908, 0.0256577535690462, 0.0244898842979165, 0.0194035600185732, 
0.0198474842232965, 0.0157099674867754, 0.0173003047049978, 0.0169708090219961, 
0.0206844081887064, 0.0225550270704179, 0.0191474299640153, 0.0166101191912858, 
0.0195402261038276, 0.0231627325526816, 0.0170835930822978, 0.0254565770068289, 
0.0165372431503393, 0.0167608563226072, 0.0210606022628004, 0.0208714422312539, 
0.0183976865458409, 0.0224581901518704, 0.0267698020185323, 0.0237956595768979, 
0.0179539814627965, 0.0211182761243586, 0.0441160512268561, 0.0188038556183359, 
0.0182972874196716, 0.0212120157667235, 0.019280329092327, 0.0209183738108789, 
0.0216432010110335, 0.0184712476311782, 0.0209222995002278, 0.0274397639645007, 
0.016186944952318, 0.0172594953060276, 0.029299759235507, 0.0186365990997958, 
0.0349532302605045, 0.0170527720286443, 0.0214139597578902, 0.016558516265506, 
0.0218821008173128, 0.0171800304756564, 0.0149928065816999, 0.00982343839097702, 
0.00988223309418605, 0.0106480730521081, 0.0127800435746251, 
0.0105633687404012, 0.0106459719565203, 0.0117172077469106, 0.0105216899157741, 
0.0103891760687625, 0.0129628135645797, 0.0140033608345185, 0.0102238251176424, 
0.00994134351984783, 0.010285401868536, 0.0105381837201549, 0.0155463711669062, 
0.00927049243485967, 0.0121345393386472, 0.010306000258422, 0.00989358255755498, 
0.0125914782943966, 0.0126595378935204, 0.0106420653228991, 0.0127165488760082, 
0.0106098297513562, 0.0103556942018779, 0.0146071071155731, 0.0105526482597772, 
0.0102051660110839, 0.00981696642950686, 0.010741776855007, 0.0131512346375369, 
0.0150685066075814, 0.0105921480538013, 0.0121978151772135, 0.00978965271216218, 
0.00975332401758317, 0.0139788458739707, 0.011789062917199, 0.0105297769342639, 
0.0103365693687388, 0.00988550627697051, 0.00949959806056824, 
0.0107317265228284, 0.00990855221823636, 0.00933518452983983, 
0.012953546813057, 0.0106354261749602, 0.0114127605146724, 0.00975341124407698, 
0.0103563458830109, 0.0105058033806751, 0.0103151686750844, 0.0120917926152076, 
0.0146658393279091, 0.0129028998491221, 0.0103800178301535, 0.0138994499658634, 
0.00984458631929353, 0.0105722484964735, 0.0106386292964508, 
0.0140136958395461, 0.0111932585882015, 0.0115969350525803, 0.00976764195361072, 
0.0117049352122074, 0.0144015772650336, 0.00933212477409982, 
0.0110253677178422, 0.0100242469649433, 0.00968325966068006, 
0.0111983961569407, 0.0135460277621945, 0.0101777617313204, 0.0111134477133532, 
0.0121699955576656, 0.0109199950913288, 0.0108727705005009, 0.00983737852234336, 
0.0121249147446014, 0.0101880673834898, 0.0100046151249573, 0.0138857471862532, 
0.0104177395900398, 0.0106500331767851, 0.0119806867657037, 0.00919062644192685, 
0.010598570064419, 0.0142269480173197, 0.0131087646990274, 0.00995347609275685, 
0.0151803706838837, 0.0122033941875496, 0.0124643869841956, 0.00933148299119721, 
0.00992900095160643, 0.0130998199394342, 0.0130458688296144, 
0.00941859144995513, 0.00923704672864767, 0.0115071643665272, 
0.0126720677282808, 0.0108540268989971, 0.0108882726010396, 0.0123718349134131, 
0.00871162655686102, 0.00989759156394547, 0.0102138002552504, 
0.0108698615851307, 0.0151340530942704, 0.0147924975728468, 0.0134489559464247, 
0.00872274108394436, 0.0121867731611765, 0.00824652960696513, 
0.0113580659686969, 0.0094437834336452, 0.0101916506696124, 0.012013808006804, 
0.0107202259569812, 0.0106298563494883, 0.0111539387501785, 0.010261094370201, 
0.0127121371141007, 0.0125222345490359, 0.0120169725381201, 0.0147840841489932, 
0.0133395979534345, 0.00841038576057507, 0.0108698120134509, 
0.0109647138641083, 0.0099532189422041, 0.0116709086374033, 0.0127270895667645, 
0.0105772827697777, 0.0099801372608016, 0.0115312031157987, 0.0130956281263145, 
0.0119955267127767, 0.0117378291964403, 0.0107486888610894, 0.00986456446647704, 
0.00757874960214657, 0.011531888810891, 0.00921367098820735, 
0.0109788377176642, 0.013566754450702, 0.00985910436238203, 0.00867217484674915, 
0.00988811619758198, 0.0104714662817746, 0.0124609435196274, 
0.0134693000646521, 0.0108459251392042, 0.0134798969380908, 0.0129282858134276, 
0.0110229422217202, 0.0116359428985052, 0.008187118596149, 0.0135600653340892, 
0.0091003289063598, 0.0146738091843017, 0.0125473508471872, 0.0122960508453258, 
0.0101262334218945, 0.0108872020118272, 0.0121963516305447, 0.00851075843474291, 
0.0150836056303461, 0.00968347254519057, 0.0108248567820586, 
0.00975546427986319, 0.0135741580612381, 0.0118179765001359, 
0.0130266516004047, 0.0100985673607522, 0.0118051549234888, 0.0109997341324774, 
0.0110382473870482, 0.0101345640273215, 0.0136278554918579, 0.00763714733704805, 
0.0131519205021039, 0.0111364643065571, 0.0100171237170027, 0.0120247667138202, 
0.00923319816180563, 0.0143935428405341, 0.0150645773939248, 
0.0126885191333844, 0.0123051706428953, 0.0124095292550201, 0.00916370250815899, 
0.0103806314722196, 0.00780343062111806, 0.0114207223143481, 
0.0129256753903121, 0.0122370417668527, 0.00862590273415634, 
0.00902057832614381), dim = c(100L, 3L)), MSE = structure(c(0.110111473004517, 
0.0187793311675127, 0.23631693538074, 0.0884047588146477, 0.126582718345341, 
0.798989083019304, 0.164863242818137, 0.227751915707902, 0.0718512155026247, 
0.72751147785567, 0.140759514103676, 0.0730038003779559, 0.506475100919649, 
0.124217282539721, 0.0324360499316844, 0.0764698458959745, 0.0436137821792463, 
0.112239130438013, 0.0817292604569709, 0.027913608354145, 0.165062039265006, 
0.445951832181991, 0.0226035064226673, 0.0325506626394162, 0.0191201751089288, 
0.14939827031353, 0.0810475285600602, 0.0182970418444703, 0.135521746358299, 
0.0415511789928062, 0.0178102388924655, 0.0970523329343538, 0.113860581490003, 
0.597289685028405, 0.0613905655586278, 0.573661456672434, 0.0397007641043757, 
0.0937292475351966, 0.154383758126866, 0.0199531824866815, 0.936325046714041, 
0.386625518461742, 0.740743866393862, 0.0757535774749034, 0.327635593540002, 
0.158549985309527, 1.16048152265554, 0.0152093252592925, 0.438688647563644, 
0.688742886686615, 0.0700319389605315, 0.0210760116184427, 0.0462542390518159, 
0.25353494321689, 0.596027572132456, 0.321237092960677, 0.269428104262819, 
0.107583324982125, 0.523096541271738, 0.873893053065223, 0.067055788493506, 
0.0329099597049031, 0.312505222211378, 0.21966265394225, 0.10873919593023, 
1.19236633252466, 0.0362523533883816, 0.54806295797479, 0.0332361928403582, 
0.0282512360924597, 1.36615961194449, 0.0223513943354176, 0.0755992450782232, 
0.0204020078308726, 0.049455196094605, 0.0275058883952595, 0.182012873769966, 
1.09616331918793, 0.297256877034984, 0.377761514260563, 0.40582202948893, 
0.24448542464948, 0.0349127204518303, 0.558579662166277, 0.0879203651051771, 
0.0306875527615901, 0.552800669780694, 0.175339187406688, 0.0717238773977031, 
0.243472956009249, 0.023893765874427, 0.0623176395177135, 0.147279956191356, 
0.20166265724251, 0.404184714327262, 0.284876057526674, 0.538033295920351, 
0.279408956273872, 0.0546954915352964, 0.0534707930947047, 0.151962419331923, 
0.0303895274957298, 0.24702476644366, 0.0230322394184666, 0.167505167728689, 
0.65575115446649, 0.0773849530493051, 0.205345850566234, 0.0326171035916764, 
0.543810416264982, 0.192409761324704, 0.109068931293871, 0.434655819210714, 
0.0884702141102372, 0.0422350610301848, 0.0991036552516532, 0.00995528411535387, 
0.0815661265023665, 0.0899820946755128, 0.00980800409154098, 
0.208922862450361, 0.491786375361096, 0.0244241682825914, 0.0126856758450672, 
0.0254572472487041, 0.156203597507623, 0.0399953477629464, 0.0275103167351237, 
0.183501627101117, 0.0540671687210562, 0.010703480285652, 0.151589239829917, 
0.052544385328558, 0.704997293120492, 0.0149447846508389, 0.473557618605256, 
0.0231164459297331, 0.115612921167937, 0.204176078339345, 0.0126467169872523, 
0.807249976216189, 0.460135559830882, 0.824964889811986, 0.0723425732148055, 
0.277001385346151, 0.177597862098715, 0.997421526214476, 0.0105783095373868, 
0.536456496053389, 0.64473368974538, 0.0541349182722873, 0.0109764311666849, 
0.0176713512142752, 0.16621858383533, 0.673587161210333, 0.231896558035964, 
0.24937553794794, 0.144306775962025, 0.582725100627252, 1.13530125619325, 
0.0272333994332317, 0.052682004123691, 0.283064827215336, 0.155195758984545, 
0.102087361297077, 1.50415205033947, 0.0422412880682898, 0.618898411598473, 
0.043981683975705, 0.0106201411372905, 1.21236089379544, 0.011598928410291, 
0.039310639280766, 0.0162099289423431, 0.035256917291424, 0.029648978745506, 
0.176160845874692, 0.988540963032253, 0.355309865878105, 0.205131271076933, 
0.285014718833999, 0.18825078850968, 0.015627436530282, 0.536550440297707, 
0.073349141235966, 0.0237836981432008, 0.731808546130722, 0.240952818212458, 
0.107743257586524, 0.274143675710679, 0.0365123846712482, 0.0516696745165018, 
0.20796579679168, 0.0953815218214355, 0.464812026881602, 0.232384050673567, 
0.55601293072908, 0.326902855464405, 0.0275320241180058, 0.0215817968371848, 
0.152026896046556, 0.0316645862733316, 0.256215307024094, 0.0221840309803925, 
0.166723095244589, 0.661967228716982, 0.078018281577249, 0.222368735688748, 
0.0338282615362587, 0.552652708134113, 0.199697025186769, 0.110924529078413, 
0.443228692555604, 0.0912774553700565, 0.0418770340073998, 0.107414028407364, 
0.00937536582833956, 0.0764226323371917, 0.0911243085471597, 
0.0115727429806589, 0.212019671700485, 0.495013329708348, 0.0199031091846391, 
0.0128926993432595, 0.0272389478901054, 0.157407184991393, 0.0386145785425034, 
0.0274284061260638, 0.178057330651572, 0.054244541454277, 0.0111412963052861, 
0.161850850166895, 0.0415417572172614, 0.701486267172845, 0.0135628739633449, 
0.44014791413755, 0.0192759205066412, 0.111576015081783, 0.20463979562495, 
0.0136296861990381, 0.764878423890217, 0.49244686420156, 0.822222698005749, 
0.0788112356429643, 0.266901949723157, 0.162404247744287, 1.016217790858, 
0.00989318920896729, 0.54652058568114, 0.630325432860186, 0.0578251091325631, 
0.0123371895778858, 0.02222327358159, 0.163329836083184, 0.663994059318092, 
0.224096511107389, 0.251477616624857, 0.157196945166579, 0.585833339015666, 
1.11102391266912, 0.0282072993211658, 0.0553362911940916, 0.2858246114913, 
0.155262900480423, 0.0984824334092052, 1.50611245196645, 0.0473229499879484, 
0.604550830690907, 0.0469433462724237, 0.0110541660423863, 1.21787680815877, 
0.0107071811985603, 0.0381267322172204, 0.0174558572893735, 0.0381039618359368, 
0.0269644121582472, 0.197124439444843, 0.990556252372918, 0.390213717680509, 
0.201870984363527, 0.299202772231575, 0.179928328854266, 0.014495966203375, 
0.535860567855218, 0.0769284069804819, 0.0247053638343864, 0.764887623412734, 
0.242083790843994, 0.11265583242508, 0.269034429016804, 0.0382776793836878, 
0.0511930582760601, 0.218432385091196, 0.0935905736655261, 0.457912586079234, 
0.208466975303379, 0.528343341051907, 0.329119362930374, 0.0291382223516616, 
0.0188925415325571), dim = c(100L, 3L)), Time_all = c(elapsed = 9.44899999999507, 
elapsed = 1.6720000000314, elapsed = 1.63899999999558))
