list(MSE_matrix = structure(c(0.26260555988267, 0.253956584372681, 
0.263910262718554, 0.264205148538166, 0.25650085743401, 0.262044616980082, 
0.267209773621687, 0.286978104437453, 0.30342220915456, 0.298542772112516, 
0.26061281563702, 0.272010933534036, 0.246561158514252, 0.281470265577126, 
0.267329720550057, 0.273945914460222, 0.259057586990827, 0.276058664618161, 
0.256151581052281, 0.27934500639759, 0.304691869118886, 0.24525746006691, 
0.273974767155997, 0.24264860885131, 0.283730959260358, 0.283713818122841, 
0.265083738028774, 0.231002319250725, 0.242445164275365, 0.272494411296878, 
0.253625051508289, 0.243173540324621, 0.308933882334232, 0.247823985190581, 
0.25545001705253, 0.266477239981405, 0.273359737141948, 0.310929797164267, 
0.261744825991921, 0.253292837488933, 0.246780015162911, 0.252592320410096, 
0.233018105055279, 0.238357139424801, 0.22658589243585, 0.278040945018392, 
0.293397175757802, 0.257526466873777, 0.29521569043991, 0.262925648346791, 
0.239436998592572, 0.27284871892861, 0.271242804563504, 0.294289626217786, 
0.269896222911242, 0.271575101321366, 0.274681881019884, 0.266454018379642, 
0.245539038324606, 0.260235730137119, 0.273565870271178, 0.254920313817541, 
0.269513397701238, 0.247454577302428, 0.252247994463183, 0.25444296334202, 
0.261419189757557, 0.291516674478245, 0.255088189613577, 0.278516779746046, 
0.291410314181923, 0.260748529318461, 0.28748209903364, 0.243116802542446, 
0.248649410906805, 0.237961003692744, 0.252229658211687, 0.238776489692386, 
0.258674674045576, 0.243388841530476, 0.269524601287521, 0.289896483026725, 
0.244727287483144, 0.261361015864206, 0.230399332793566, 0.25091668030722, 
0.235521898855727, 0.267023265470567, 0.273844286551104, 0.297776608513336, 
0.281033122346502, 0.26425504205751, 0.266490056782665, 0.253687014940534, 
0.266760859586149, 0.252781076258998, 0.272747773838003, 0.248380423129326, 
0.247455637598426, 0.270458135531301, 0.250081015891301, 0.225191794157755, 
0.260507835466478, 0.26577915535863, 0.244502719777722, 0.255200646089748, 
0.232418267817334, 0.253585052582114, 0.265884564702359, 0.246821246883173, 
0.261097196205607, 0.273545607707628, 0.232195357337934, 0.275226876667429, 
0.270834881970267, 0.246601817225675, 0.249423306109171, 0.268619291486949, 
0.241670052226341, 0.267620700195693, 0.272564192305, 0.242015675765195, 
0.252454641413483, 0.252121508297121, 0.246812455126265, 0.271831601832366, 
0.24363110422793, 0.233484304530284, 0.251017813892057, 0.233735061960278, 
0.284235652868029, 0.235892581558845, 0.263680474203131, 0.236018988859619, 
0.240951339643016, 0.244487746697043, 0.251608586564905, 0.290076405676581, 
0.246852791752438, 0.238624709775169, 0.228393619548711, 0.253407846849405, 
0.238860225793746, 0.247083381302992, 0.236089728114904, 0.253676973541754, 
0.238886043542472, 0.250971644579405, 0.259667646349404, 0.238415536708774, 
0.237057296135383, 0.254327908334655, 0.245645327894664, 0.261320355746432, 
0.259038048921867, 0.252979752705422, 0.256937642344353, 0.241227249034234, 
0.236766605517601, 0.242875206571191, 0.254320794979544, 0.255957964225504, 
0.267767591619432, 0.242880075049733, 0.252269911480224, 0.23967761806809, 
0.240896709393115, 0.262828820739054, 0.240228119407551, 0.242724892054209, 
0.274974195727155, 0.25528028344516, 0.266704144708927, 0.250960382502813, 
0.248759730630327, 0.233009843621222, 0.247091352636024, 0.235965912117153, 
0.248905563307053, 0.240263272178022, 0.262892678339073, 0.248727680831587, 
0.253691180680532, 0.252815797828263, 0.239778099313099, 0.252464672867204, 
0.238284649575642, 0.242515683342624, 0.268817542554451, 0.254844682422079, 
0.264444961098704, 0.24448011989279, 0.248940557493096, 0.275106392548879, 
0.259903211731123, 0.247986345528685, 0.244617458930089, 0.234178633479095, 
0.250850523060116, 0.269601379499106, 0.261965077498665, 0.238718949964997, 
0.267691472902819, 0.257165308855131, 0.242256234488751, 0.24609522707396, 
0.247277871163007, 0.24830596536737, 0.271514041225498, 0.251421880429985, 
0.242362397266984, 0.258988855566851, 0.234516508760414, 0.284872560075584, 
0.262126576429627, 0.245658335079964, 0.279947764485788, 0.252359101978958, 
0.244407921355649, 0.246409617427257, 0.284927102123935, 0.257822021718915, 
0.264526103124229, 0.252449326205715, 0.282997857664821, 0.266107718812759, 
0.258584429585792, 0.229101809689068, 0.238338119962154, 0.234374436482875, 
0.265032498197127, 0.249266338424158, 0.280400651869857, 0.253281109160876, 
0.249952469501999, 0.238720761949691, 0.257116024875173, 0.299118732431331, 
0.245698852939364, 0.24553779190052, 0.236711592053946, 0.243534086643525, 
0.243009425083088, 0.234210410880444, 0.225942381650821, 0.255215095736026, 
0.236160574236896, 0.2600525690364, 0.259386190863397, 0.22486260961158, 
0.22280523180814, 0.251742684128587, 0.248830087734711, 0.283808672443731, 
0.260233229745265, 0.301944153822238, 0.259869845583903, 0.252311671020499, 
0.236603143427391, 0.27720174731337, 0.250600328433852, 0.249131157425113, 
0.254424475783094, 0.242042902486548, 0.244104422717862, 0.242221555218669, 
0.234787643526115, 0.265436788343184, 0.235775732946056, 0.261288558711907, 
0.267267875101938, 0.243603007062708, 0.2664485720992, 0.259914846986859, 
0.245587520486202, 0.261711215723991, 0.259475224782701, 0.236552936546115, 
0.25039127756593, 0.232702272409027, 0.255960231915126, 0.245578127693562, 
0.238648708319854, 0.247422947960808, 0.229454074383504, 0.245279764355726, 
0.23231044377442, 0.238801728188193, 0.266346647739213, 0.251879126299176, 
0.26051536177973, 0.235449272174184, 0.259326119640929, 0.261715534113697, 
0.267690377950643, 0.247130393400205, 0.247641036754373, 0.238309668203517, 
0.25081363511996, 0.262906606958347), dim = c(100L, 3L)), variance = structure(c(0.0252391910136029, 
0.0237089792650852, 0.0290851851966145, 0.0778572664358632, 0.0283078713811155, 
0.0284042833878549, 0.0523326875967606, 0.0292123265441249, 0.0382460733775143, 
0.0515508344180378, 0.063425196434823, 0.0253322307456402, 0.0256301646748021, 
0.0243266015073333, 0.0294998857119297, 0.0771454564120717, 0.0285849738702647, 
0.103541155946524, 0.0245367573979614, 0.0270671633811612, 0.0982452566127542, 
0.0373103331940552, 0.0295231265292788, 0.0306508495230702, 0.024349163966208, 
0.024685399734911, 0.0877539635189242, 0.0259410264556157, 0.0283169189160228, 
0.0272184757799716, 0.0310633088152332, 0.0358032555683735, 0.0574611653604042, 
0.0277647160790783, 0.0339438032091202, 0.0335800751045779, 0.0277837530701054, 
0.0440487023982349, 0.0647488948092698, 0.0261457587580398, 0.0255926332775485, 
0.0344037982188311, 0.027978470137299, 0.0292757849216623, 0.0352160918634806, 
0.02677419216537, 0.0663793976688657, 0.0333425344030339, 0.0305117028624712, 
0.0277429653872389, 0.0325435614128041, 0.0274178023822031, 0.0275088717511418, 
0.0321928703983803, 0.0528709897446068, 0.0335041706581979, 0.0287904210943082, 
0.0368362752395772, 0.0257452533461347, 0.0263734982127977, 0.0277351726727119, 
0.0285580220000214, 0.0260811830509042, 0.0265920269005455, 0.0287296996273302, 
0.0279342746525223, 0.0409506408254099, 0.0251326109367001, 0.0422249224531881, 
0.0273779182435544, 0.0264452438525135, 0.0321574478843757, 0.0268635873841226, 
0.023424969223688, 0.0279574072540122, 0.0389700621475218, 0.0270969117455636, 
0.0290949707462143, 0.0279041638219024, 0.0802913060894576, 0.0276656043051982, 
0.026399008411204, 0.029970505586582, 0.0278179451370699, 0.0298190945433057, 
0.0276838920480333, 0.0279383669769214, 0.0314588948685124, 0.0424139807273566, 
0.0397282255608528, 0.0234515384767411, 0.0478613034330331, 0.0290705679321104, 
0.0378590541082929, 0.0263450311482981, 0.0273011811185836, 0.0290768748187178, 
0.028730277747659, 0.0263768238660812, 0.0310479370121378, 0.0128474741517818, 
0.0124676897915615, 0.0129225982283886, 0.0187798150999147, 0.0126563065468055, 
0.0158584846738377, 0.0161806737003812, 0.0138603566675133, 0.014954699695407, 
0.0145373506599092, 0.0120071040066288, 0.0104264731955227, 0.0131203229508634, 
0.0138852914992785, 0.0146515558796917, 0.0157813291847463, 0.0129615901408639, 
0.0159593272627555, 0.0141210017779166, 0.012787444362504, 0.0187244746902362, 
0.0146432626382301, 0.0140832211593549, 0.0140817887983938, 0.0118921210535635, 
0.014358919186028, 0.0163589685458846, 0.0124457822916946, 0.0154216285878065, 
0.0149796035669111, 0.0174441618775572, 0.0149249733374718, 0.0153920287227152, 
0.0124201766557394, 0.0175089197140343, 0.0134686807726189, 0.0130994967635734, 
0.0158793112770937, 0.0161030577239131, 0.0157714393651221, 0.0142186131315639, 
0.0141099274547329, 0.0139492222010325, 0.012836500361885, 0.0171689366392097, 
0.0133937441196257, 0.0154317484906122, 0.0174239536279728, 0.0150633054027571, 
0.0145595979119534, 0.0176281868035999, 0.015318711913178, 0.0128210288229734, 
0.013986671631962, 0.016474666030109, 0.0144775064390578, 0.0144443277544308, 
0.0146669559076439, 0.0129546747457437, 0.0124915718763268, 0.016183222165453, 
0.0131872666841114, 0.0152191596847583, 0.0140812077745588, 0.0147395324412972, 
0.0133757843103168, 0.0148238150289141, 0.0133778519606831, 0.0108116819587223, 
0.0155664834431802, 0.0148452077648323, 0.0167545984939044, 0.0145772595922141, 
0.0127304989782653, 0.0139716004478593, 0.0185040130670226, 0.0156471437289225, 
0.0160253128375034, 0.0127078276763382, 0.0190564748990718, 0.0125104825610128, 
0.0135519376052808, 0.0156668682643664, 0.0143351416257684, 0.0153479313917926, 
0.0130740698596822, 0.0134359452019223, 0.010556294866167, 0.0123797468976869, 
0.0151134818570085, 0.0115193043725608, 0.0165172874700908, 0.0146031397448051, 
0.0184234970655134, 0.0136908894509536, 0.013140469850321, 0.0139168235512517, 
0.0161146147662913, 0.0141461135862414, 0.0153607431203405, 0.0140584633720259, 
0.013599849206526, 0.0156311852159779, 0.0124823539477516, 0.0154840597819642, 
0.0159042156739926, 0.0162943195535282, 0.0165045286147827, 0.0154319216203493, 
0.0191312718050333, 0.0133700601771725, 0.0145616133763503, 0.0156112723395659, 
0.0138720793616927, 0.0165171228784907, 0.0133295215566081, 0.0146624913296087, 
0.015618200530636, 0.0138069862904156, 0.0141250760251468, 0.0124802532959999, 
0.0159710844142283, 0.0166617509244048, 0.0102563607055791, 0.0135523836086956, 
0.0138512624582928, 0.0203532665168909, 0.0122874364467417, 0.0157582187453646, 
0.0135397831074521, 0.0158167742398087, 0.0146882477525235, 0.0133108766960657, 
0.0157299331669947, 0.012407241752109, 0.01696220126982, 0.0143838059588315, 
0.018989925264049, 0.0143028118732427, 0.0140962830420539, 0.0129754659287482, 
0.0172801766578535, 0.0156732616892493, 0.015368496340829, 0.0164372870062639, 
0.0144275901638517, 0.0113410586111174, 0.015799717542908, 0.0164191720858388, 
0.0137393411020169, 0.0158797154101003, 0.0140093694000431, 0.0144635357261816, 
0.0148605920337621, 0.0197350834977178, 0.0106488677936491, 0.0136543469628434, 
0.0136243367270409, 0.015824723011966, 0.0127732707920162, 0.0151387994993152, 
0.0140220994773082, 0.0150181983948042, 0.0138412275508949, 0.0145656503149935, 
0.0142168360898882, 0.0131529058932308, 0.0148157068253245, 0.0162599954606449, 
0.0146229911422651, 0.0136165571013027, 0.0120117808421264, 0.0144504150981134, 
0.0135061032943145, 0.0152740811466243, 0.0123430517542466, 0.013156951509508, 
0.0144729067483656, 0.0144276602088528, 0.0128978971801939, 0.0141327200436021, 
0.0159811086162232, 0.0156855692656092, 0.0136157350112097, 0.0127063747289568, 
0.010052588213131, 0.0141893165192938, 0.0155844654249303, 0.0137268946445737, 
0.0179780372909694, 0.0139913000619602, 0.0179479514051214, 0.0153336884999748, 
0.0123686560367131, 0.0151928741920742, 0.0141675611950609, 0.0129027820744784, 
0.0151984289000612, 0.0147137199236644, 0.0156375754805088), dim = c(100L, 
3L)), MSE = structure(c(0.133651470785469, 0.0235590368686736, 
0.256011569342031, 0.102846793596782, 0.14955644447778, 0.784804367735118, 
0.186848275193478, 0.23991531865215, 0.081075302604431, 0.744577063222065, 
0.200920843877179, 0.0818427099000259, 0.514017121799152, 0.142269241714279, 
0.0410161156666548, 0.110654422150701, 0.0460030945620004, 0.116997329512439, 
0.0762339765353222, 0.0319918285665103, 0.124232110984273, 0.445404425427646, 
0.0395024881894094, 0.0347316016307913, 0.0284347720233354, 0.138022676910561, 
0.0904907309213421, 0.0262550552684498, 0.156866131345068, 0.0599983624898262, 
0.0315876645278405, 0.122563688675676, 0.129796368288567, 0.633023786410023, 
0.0668624154501292, 0.57487238883012, 0.0499920116033894, 0.132410556876878, 
0.148213607445733, 0.0279804262469856, 0.933608903747323, 0.419508685622609, 
0.752314395570105, 0.0934007649185731, 0.331735572670107, 0.182504168168957, 
1.13181119116562, 0.0331411367074355, 0.441794372988316, 0.690171438212618, 
0.0835984159926759, 0.0280085372606401, 0.0582738851522341, 0.272167172723052, 
0.65733332445458, 0.305022086927849, 0.254439189332367, 0.136714595092833, 
0.53060290523834, 0.879657107155551, 0.0613547444682449, 0.0489661030934444, 
0.289003251854643, 0.210676672216836, 0.119245194946005, 1.20586577067123, 
0.0576603389392157, 0.568136669435931, 0.044503451273109, 0.0317951211957538, 
1.31801017628634, 0.0352564069306597, 0.0728103864536657, 0.0259030974919074, 
0.0620011805837818, 0.0388112212769251, 0.174162046199881, 1.08744257265627, 
0.305318861451373, 0.515734959578122, 0.426946144044853, 0.256470013192497, 
0.04113557733814, 0.601361632095574, 0.100638810725387, 0.0297685600500243, 
0.593268345633485, 0.173113465720831, 0.107352185167716, 0.285053446138594, 
0.0339956667503944, 0.0764563025407076, 0.164162718074308, 0.246223924920239, 
0.419707986683237, 0.296602727991303, 0.531749759874552, 0.291383298895264, 
0.057582908226568, 0.0611043349072784, 0.156795020370527, 0.0307496345256082, 
0.259139262025045, 0.0293161709827366, 0.168701266447943, 0.639052557998573, 
0.0760667180741635, 0.207688765073683, 0.0370522025856743, 0.553509686272101, 
0.191183343148141, 0.105184148199772, 0.427270960839758, 0.0988752760837159, 
0.0504097257169405, 0.099721848956605, 0.0130096746275036, 0.0906806993484453, 
0.0870334673055427, 0.0129925092261548, 0.216601790591926, 0.486723010440161, 
0.0281054452462367, 0.0142052122189886, 0.0266955094062416, 0.150819972540584, 
0.0420787592060434, 0.0301121378785579, 0.199962073150913, 0.0629492258311806, 
0.0172698365813939, 0.159152164857389, 0.0526701762423268, 0.702540730480965, 
0.0205261475864187, 0.465648077051315, 0.0242433817253115, 0.117864439133084, 
0.210405890894423, 0.0191860851580385, 0.784600359976094, 0.473844057382318, 
0.850567111105057, 0.0791582748761754, 0.284015385940206, 0.181969838510294, 
0.998859259397693, 0.0172620952831055, 0.555243393293001, 0.638424978037196, 
0.0583779478409488, 0.0154293744321779, 0.0217710404316266, 0.173507621742856, 
0.678250009332222, 0.229356638257618, 0.244072909452705, 0.147180848546545, 
0.60170238076578, 1.13887274008108, 0.0292140239413034, 0.0531702796889788, 
0.273703488878464, 0.15488998443541, 0.104546432123116, 1.48979524898673, 
0.042511066630351, 0.636986975459515, 0.0394253670824584, 0.015627065575112, 
1.2011184980892, 0.0175907642992229, 0.0387188618320137, 0.0174629940392319, 
0.0419772274321754, 0.0348238260477086, 0.191364139187776, 0.982490636868095, 
0.373585615186624, 0.213486359968714, 0.294184340099229, 0.182574167308711, 
0.0168101682191702, 0.555709497195352, 0.0816408784346346, 0.026858710026572, 
0.759096801287929, 0.23124954049802, 0.107126292743629, 0.276420672552499, 
0.037636244699742, 0.0507089122586233, 0.218755018582528, 0.102722295795456, 
0.484042680079248, 0.224397706311151, 0.559172084580164, 0.336920561959276, 
0.0294749189490577, 0.0262928752039545, 0.161649539764803, 0.0317106575335195, 
0.26699437387834, 0.0271375033086819, 0.175601261259332, 0.641109466491158, 
0.0791913941325207, 0.215297513077976, 0.0347202897275299, 0.55645107561315, 
0.202158394621563, 0.113852238200886, 0.426263895323794, 0.0971141549301058, 
0.052417008683534, 0.103627825199295, 0.0145734832643361, 0.0864230211124866, 
0.0886069659716457, 0.0143917250520196, 0.226709981534509, 0.488874010822097, 
0.0291390890874651, 0.0106332126695107, 0.0303196877912225, 0.15320896324711, 
0.0451137857629616, 0.028240448470887, 0.200424804812199, 0.0609668877264416, 
0.0157791074281042, 0.164069139333332, 0.0465673226380069, 0.714994957374345, 
0.0140280269272162, 0.454282586623114, 0.0257354844849718, 0.120827808739726, 
0.222698148375599, 0.0168050379801239, 0.789012694398283, 0.493969173684116, 
0.857515755249382, 0.0846476376929031, 0.274584384630464, 0.186254288570674, 
1.01075375343134, 0.0157038793177117, 0.557703437755378, 0.644826386544274, 
0.0611236831836513, 0.0144485081481104, 0.0237865489472437, 0.17303021831132, 
0.678376770741279, 0.219465723280312, 0.245069126132773, 0.153389927220988, 
0.611956728770272, 1.12432287429872, 0.027581151932889, 0.0589501852762804, 
0.27934638137026, 0.149669089319627, 0.107535305410634, 1.49509468787936, 
0.0445837173714183, 0.645664260859489, 0.0460946573466275, 0.0145616136257459, 
1.19967107962362, 0.0123160231411017, 0.0356083458926729, 0.0183800214481446, 
0.0427434010310561, 0.0331210080843274, 0.182561234222708, 0.977981264073587, 
0.377345199659262, 0.19176997336396, 0.300003615314144, 0.181853101974142, 
0.0161765463151574, 0.551253464743389, 0.0747967074347167, 0.0243453225554706, 
0.766258622568896, 0.241458735118962, 0.116253960366598, 0.28056591356401, 
0.0424878150864375, 0.0541319257103756, 0.224029760558294, 0.0874787846825865, 
0.491055069589677, 0.226011677138842, 0.5430718309726, 0.343655341077117, 
0.0289220163020759, 0.0254587566327419), dim = c(100L, 3L)), 
    Time_all = c(elapsed = 1.86999999999898, elapsed = 1.50099999998201, 
    elapsed = 1.54700000000958))
