list(MSE_matrix = structure(c(0.272732813009425, 0.256459522517909, 
0.238347854707261, 0.263663126506396, 0.265438031723441, 0.255642655543799, 
0.236888108906586, 0.240403614641023, 0.233207315708672, 0.227183830265092, 
0.264816063729073, 0.24161140559564, 0.255403020598963, 0.242632357456742, 
0.226634259971009, 0.23846510521146, 0.250646079300879, 0.25070184083094, 
0.254720269234644, 0.261176394978632, 0.242858849622799, 0.230808541807729, 
0.247735581997916, 0.24973426448808, 0.241185355069007, 0.262381165863603, 
0.243067595589079, 0.254167238945447, 0.251657699514205, 0.239366416502688, 
0.286919464439538, 0.236313477120138, 0.247332410074676, 0.274481701733952, 
0.254189731247899, 0.241865278550665, 0.270411696545378, 0.265875120697077, 
0.255048602865461, 0.241898786840419, 0.270814912943217, 0.25075396234448, 
0.256722597028221, 0.236213289419473, 0.243718580659982, 0.252468417499269, 
0.256651186791969, 0.236917166667503, 0.252079019105297, 0.257995059004947, 
0.238797175171047, 0.247520017606533, 0.245387326312016, 0.259529271006624, 
0.24251240591271, 0.23397218495534, 0.245254955860433, 0.234066155644086, 
0.252921233867368, 0.236870458821592, 0.24551370349246, 0.269461795908866, 
0.224073372734972, 0.244103758326267, 0.261375936724151, 0.251582262186035, 
0.251341176773344, 0.253216038928159, 0.235819804162017, 0.231296045328082, 
0.267451278118697, 0.236978057630107, 0.261404410433977, 0.265542070376425, 
0.275773399085648, 0.236740750307363, 0.267426029393219, 0.262575583681468, 
0.23545560031309, 0.233229559100147, 0.260607492486114, 0.274843846371783, 
0.255429502061632, 0.234063298726547, 0.249319415316873, 0.229028575996858, 
0.266085626761751, 0.236933812314942, 0.240158113756247, 0.233588085763936, 
0.245059644411994, 0.24840983296433, 0.243964439736471, 0.260213042061127, 
0.235858233730588, 0.249569093736189, 0.233969209415858, 0.228200585798793, 
0.238692110901993, 0.234777242507504, 0.23403081499631, 0.244839633702201, 
0.229240598548008, 0.251151825286495, 0.236015574304835, 0.241911236297998, 
0.238124865589634, 0.235466308630592, 0.232803592762443, 0.23159835666961, 
0.236043373344008, 0.253329582096786, 0.258768658172331, 0.243834089275135, 
0.236487799217473, 0.239535350520624, 0.231277726813786, 0.23222939380911, 
0.238150004763178, 0.239843098529424, 0.251277998167987, 0.233837691800019, 
0.2456946550093, 0.246930569331855, 0.239947663855652, 0.25765127229459, 
0.233968642206007, 0.245285311136325, 0.25378305029511, 0.234943860292049, 
0.258191308132878, 0.233209745301839, 0.236418541412733, 0.246088814948447, 
0.242047628122911, 0.24399594405184, 0.241723650235492, 0.245573730830887, 
0.244600963903031, 0.240326210013694, 0.241324816047684, 0.233382824493259, 
0.24573313128564, 0.250842963652834, 0.228756965537487, 0.239140847148211, 
0.252801366887415, 0.242674655935218, 0.24360884134481, 0.234587826832786, 
0.24950443880065, 0.251615368992863, 0.245279989781031, 0.234382666267814, 
0.245272428524561, 0.240450810580396, 0.240041329274851, 0.241026703174087, 
0.236159392460909, 0.23927630724175, 0.242505508419751, 0.24237629665981, 
0.23901865785555, 0.236140443635294, 0.241849952786947, 0.248401586914585, 
0.237082744136502, 0.250130335162619, 0.239871081600038, 0.240149662707123, 
0.257588998106628, 0.250221413827132, 0.244123372145019, 0.236788006048589, 
0.250236792999665, 0.239483026346478, 0.248842400301719, 0.241970818025384, 
0.236535338936811, 0.232066148249636, 0.235119767500163, 0.237382385302342, 
0.238893580991886, 0.229056235955141, 0.241251122581263, 0.244544103312802, 
0.24372452473959, 0.250299812728832, 0.243196024689717, 0.233640405228059, 
0.238572455783673, 0.236235085114733, 0.244773441476086, 0.251715689187905, 
0.227142105882433, 0.247402936650223, 0.236556627212126, 0.239665395141551, 
0.251642229941498, 0.233574437616347, 0.23826992042943, 0.23736948634028, 
0.237390414370093, 0.259885284982553, 0.241920455708547, 0.248532955353312, 
0.238572091461203, 0.230312366075258, 0.226706656624807, 0.245370146067617, 
0.249841121758406, 0.240539093619337, 0.250100576539591, 0.238515902553904, 
0.241001425089361, 0.242169326909509, 0.232054057816299, 0.238827930354423, 
0.253680197053581, 0.252002943599075, 0.241434753953378, 0.236808736056896, 
0.243859988043649, 0.248518368339487, 0.246053187027425, 0.253492103343794, 
0.24399317977481, 0.239230445576619, 0.257793926781694, 0.239313281537515, 
0.254515292629217, 0.235873751587511, 0.251884313215624, 0.248200862691299, 
0.254128266203413, 0.238922283118402, 0.254127633275156, 0.251576886971827, 
0.23824711457796, 0.244595178811357, 0.234977168634831, 0.244433435919414, 
0.252475591991099, 0.236782192118041, 0.234563747738165, 0.259899093326161, 
0.247414552568302, 0.246001538910436, 0.240250337764547, 0.244436869313043, 
0.251205525899151, 0.242272661032405, 0.244046665326453, 0.231794774977425, 
0.242497540781818, 0.23602905598351, 0.248279172794888, 0.245326689249223, 
0.23828360498811, 0.23904758394653, 0.247910316087219, 0.243774641774217, 
0.235235266412507, 0.244820710062039, 0.246688944681687, 0.239251260099297, 
0.234385721751865, 0.244379390539417, 0.233243549003817, 0.248274287271709, 
0.258854115288002, 0.247276814861125, 0.252281010439391, 0.239975976335976, 
0.257145531920998, 0.24051612030845, 0.26922390129913, 0.250150863663292, 
0.236157253235012, 0.235184986559858, 0.23237574462712, 0.254284362522001, 
0.241011810574927, 0.236846253571663, 0.237642402782575, 0.236914400131626, 
0.249949784467287, 0.24529160242821, 0.253137948534145, 0.236552990046595, 
0.236686162482869, 0.234893518807643, 0.249619931105535, 0.259437791534326, 
0.231742025851774, 0.24368779360758, 0.241503903187335, 0.228582397370206, 
0.247023962308371, 0.227441425285303), dim = c(100L, 3L)), variance = structure(c(0.0164936936316313, 
0.0159938145473798, 0.0145255059714875, 0.0950290330508241, 0.0170499365816201, 
0.0168471065914015, 0.0292470167223521, 0.0132894772232952, 0.0243377210228569, 
0.033358759536365, 0.0548307857323232, 0.0166324037346459, 0.0171469107713072, 
0.0174028180431538, 0.013613479012626, 0.0463427066468216, 0.0169652853233359, 
0.0609108992246365, 0.0177547664900072, 0.017737106373827, 0.107750248707556, 
0.0237026749481945, 0.0131445296941537, 0.0244878445257058, 0.0165862252564783, 
0.0176764646043081, 0.0635426376229656, 0.0174436701958169, 0.0155184094643208, 
0.0183887173251431, 0.0192835794697388, 0.0196663326772121, 0.0315872644356127, 
0.0170167000648987, 0.0286572601101227, 0.0110654195165715, 0.0168366676236522, 
0.025528101795375, 0.0590806577737329, 0.0182753292229759, 0.0207885489326757, 
0.011153774822406, 0.0147606182184432, 0.0145986802280889, 0.0157915476367754, 
0.0147578168407902, 0.0590353348276585, 0.0168976707874177, 0.0140822778377762, 
0.0189418037808065, 0.0193450102007763, 0.020669137089252, 0.0149876158879675, 
0.0242310636211508, 0.0327457180222811, 0.0276051243595551, 0.0188639327375771, 
0.0191005918460297, 0.0152936734823453, 0.0178475467492004, 0.0182770412807452, 
0.0230080372477963, 0.0162678817575804, 0.0173937440206116, 0.0200933795061345, 
0.0233063503572419, 0.0211252444461827, 0.0156450512439858, 0.0253212859524556, 
0.0158649518114263, 0.0184358625913464, 0.0166112515914302, 0.0177172688592156, 
0.018600052020022, 0.0147596576463124, 0.0242785533050937, 0.0231040226889988, 
0.018082396318429, 0.0168465160127005, 0.0568368041698902, 0.0156149050772762, 
0.0131543369875911, 0.0176582240590525, 0.0192489104516183, 0.0179093073952024, 
0.0184353583838857, 0.0183392235749593, 0.0197265135585172, 0.037352485906978, 
0.0223754362673762, 0.0156155676498782, 0.0311209238740034, 0.0154795582160911, 
0.0315149561941429, 0.0150656011476092, 0.0179321803107522, 0.0166603554111846, 
0.0168016756788681, 0.0148893078891595, 0.0184202437519876, 0.00724460505887688, 
0.00753410038509575, 0.00818880201104467, 0.00795989365275665, 
0.007909544932354, 0.00713136309107427, 0.00816963746784373, 
0.00601156270025755, 0.00855060773320583, 0.00945290924210829, 
0.0106256541477229, 0.00812910923133158, 0.00657015671269841, 
0.00710100894623583, 0.0058430772401639, 0.00698604716776537, 
0.00543671564663379, 0.00859610578058533, 0.00703372197024169, 
0.00535993736328176, 0.00791773164937473, 0.00942350989159628, 
0.00603105118361433, 0.00660956481415288, 0.00766777678988595, 
0.0069615615564363, 0.00985813145042189, 0.00754965327328646, 
0.00654688494544946, 0.00687045870639339, 0.0064214691002941, 
0.00636773178902945, 0.00702320316246021, 0.00800627403785538, 
0.00766338419710013, 0.00488751080557029, 0.00552014577973138, 
0.0100314128195242, 0.0089504127274113, 0.00662154196790176, 
0.00603882236023464, 0.00500037066633394, 0.00557602187213487, 
0.00827805557111279, 0.00695778421168538, 0.00562936264185388, 
0.00735257591333822, 0.00755827557537722, 0.00597943550364319, 
0.00743012567616652, 0.00654543601824207, 0.00662206135809029, 
0.00798245370466026, 0.00908366820490373, 0.0102327237927822, 
0.00683082747810776, 0.00732441685682169, 0.00695993232660828, 
0.00686952616802835, 0.00778258846274039, 0.00724829579552795, 
0.00929254302733421, 0.00711243054503004, 0.00788400342434925, 
0.00786328824655934, 0.00881397173497502, 0.00715657058971158, 
0.00562025875621421, 0.00924168248696004, 0.00650166462206484, 
0.00691982996014867, 0.00681480392260631, 0.00862954200720457, 
0.00762835616519685, 0.00788881626651478, 0.00736364004612597, 
0.00668660226308666, 0.0076772858974319, 0.00529717353725894, 
0.00777514871723059, 0.00810122038486664, 0.0057940874262647, 
0.00876342180158064, 0.00733735551143656, 0.00730462035426013, 
0.00639993528721778, 0.00589587564243348, 0.00875855527846208, 
0.010170505296852, 0.00957639741064624, 0.00747693961016211, 
0.0098154676107173, 0.00613556949749978, 0.00756501755632307, 
0.00555068808436632, 0.005549458056405, 0.0074134948488208, 0.00839406716575503, 
0.00565204091583494, 0.00676596881920851, 0.00793171527761367, 
0.00831478340858946, 0.0061260722544028, 0.00931653683447619, 
0.00855421328353652, 0.00753024607264309, 0.00793258878623425, 
0.00637532198165153, 0.00908859672943232, 0.0110276119327004, 
0.00908897979986137, 0.00775102085907897, 0.00552515610288705, 
0.00861074102409872, 0.0064190783873667, 0.007847984626407, 0.00899482840503866, 
0.00803905607692349, 0.0086889254989162, 0.00903729641787209, 
0.00938498195325034, 0.0100879438740758, 0.00648828216060963, 
0.00886543368987978, 0.00748298558667053, 0.00869811638959863, 
0.011903935250844, 0.00814237943927552, 0.00712287748545538, 
0.00840879815102165, 0.00812830005816167, 0.00685951140378346, 
0.00781694979799353, 0.00857595710243567, 0.0093599258891621, 
0.00724825036275331, 0.00789662519518303, 0.0112335069750904, 
0.00924439699730584, 0.00873245188359829, 0.0101629553515202, 
0.00718402093858859, 0.00606746458784333, 0.00631219601899127, 
0.00714807516240886, 0.00626178606361021, 0.00912887606248342, 
0.0073416778456665, 0.00652813236941337, 0.00910363804822898, 
0.00786065769699286, 0.00893594422455796, 0.00779108856847092, 
0.00973296986924013, 0.0117030567055664, 0.00898892481761847, 
0.00892087327103528, 0.00742556524666713, 0.00552598312130345, 
0.00795093969146579, 0.00765950227836062, 0.00864303100901705, 
0.00835507258503958, 0.00774624043810577, 0.00890777734545606, 
0.00946221657117456, 0.00782665247860824, 0.00559990310165275, 
0.00913078447977003, 0.00700679988388174, 0.00811789819702283, 
0.00994486994725385, 0.00836186120622492, 0.00868278342451843, 
0.0077841417060392, 0.00977172619051239, 0.0103224671365805, 
0.0076613824499123, 0.00845858039881724, 0.0100232020083989, 
0.00770532411088429, 0.0058705805819944, 0.00864341121536061, 
0.00896988538331165, 0.00939935662487513, 0.00866787088897127, 
0.00911987001678568, 0.00847413367468535, 0.00897766901904879, 
0.0105648400961261, 0.00754170684830411, 0.0111923152350483, 
0.00649991055528706, 0.00951869535811146, 0.00583678716101037, 
0.00847912022843766, 0.0078322216493723, 0.00818029731451074, 
0.00605449888059051, 0.00782649390089184), dim = c(100L, 3L)), 
    MSE = structure(c(0.112355731661167, 0.0168123068438707, 
    0.216684689772894, 0.100071688052558, 0.123243561742136, 
    0.80127403469913, 0.151221285516034, 0.211248170774558, 0.0560993593376492, 
    0.766924550330384, 0.12906843933774, 0.062752191113828, 0.531239524213819, 
    0.125155140927902, 0.0211642140864601, 0.0828177017246587, 
    0.0366920279905733, 0.086196898847175, 0.0758844852671, 0.0239197951254614, 
    0.173555766482564, 0.47014822875657, 0.0268317750802247, 
    0.0305474399402702, 0.0174275222049428, 0.139233916145428, 
    0.0629093189377768, 0.0175421685049997, 0.128292586703948, 
    0.0492120922782594, 0.0191849767705023, 0.101919190071221, 
    0.100900662120857, 0.588549327886472, 0.0523594384983045, 
    0.595312261240159, 0.0404295542908263, 0.0906694032019627, 
    0.163939312463212, 0.0201596067577738, 0.923138379447084, 
    0.359960106890098, 0.689000522106432, 0.0662036783983942, 
    0.332135853222776, 0.163336635578206, 1.15018276790586, 0.0167288532888623, 
    0.404106829280712, 0.6868002933822, 0.0619539815885504, 0.020703845170202, 
    0.0381112271085228, 0.239551302371673, 0.559012367049816, 
    0.307061711980341, 0.256452187058888, 0.119016190894498, 
    0.48064542341324, 0.892250560465166, 0.0634361668454006, 
    0.0314447729778099, 0.285252359253493, 0.22488778918914, 
    0.118281391543751, 1.25481049069066, 0.0393890223178522, 
    0.520276013522262, 0.0291571501071397, 0.026169560203365, 
    1.32595847846638, 0.0192121354185264, 0.075684476466364, 
    0.0193718238995027, 0.0427610571240758, 0.0245134928682667, 
    0.178110127964859, 1.09090609368615, 0.284654031259572, 0.410991220334491, 
    0.386013955216032, 0.270739253496428, 0.0286126260891202, 
    0.573171270736636, 0.0876076599235525, 0.0223243720790989, 
    0.580040500896931, 0.157798719676165, 0.0687485079679759, 
    0.234848825532896, 0.0212763221094935, 0.080430622171624, 
    0.140316009247456, 0.202050845017144, 0.370699115702055, 
    0.292045928545955, 0.517470638523265, 0.27760014381789, 0.0580552756848818, 
    0.0529485555249231, 0.138882889604871, 0.0284431158527687, 
    0.238390426900647, 0.0193475006337139, 0.148475603850044, 
    0.670263793360392, 0.0780189423245063, 0.206097517794956, 
    0.0284632851838276, 0.585437585555079, 0.163584398761317, 
    0.0880736279224622, 0.445664128539003, 0.0873807918883265, 
    0.0324267508422047, 0.0878079122579072, 0.00569032030727662, 
    0.075412873903886, 0.0845075638952331, 0.00564300666889283, 
    0.208037164877935, 0.505936333023846, 0.0187219262108833, 
    0.00729126264657849, 0.0177397353229714, 0.149359474850282, 
    0.0278612542248374, 0.0271842743086946, 0.169377940227812, 
    0.0508970423340527, 0.00635783902400616, 0.139086839795, 
    0.0468020943075757, 0.663310044447929, 0.0102996047289127, 
    0.460046958185485, 0.0156650908140684, 0.0976093034805541, 
    0.211488687454996, 0.00947153303992712, 0.774401939992325, 
    0.461140395299554, 0.793106695327678, 0.0669912972139387, 
    0.276259935360559, 0.162717251089784, 1.02097227139859, 0.00751089038210716, 
    0.511247175460489, 0.641596925581327, 0.0476224201976714, 
    0.00661141530593636, 0.0152717992442399, 0.156801488348164, 
    0.632090564785064, 0.210322720522398, 0.247354645967343, 
    0.132868397407178, 0.562253424236965, 1.15047474432283, 0.0266479447872004, 
    0.0400485051727525, 0.272401714089164, 0.161830827137098, 
    0.101957557194322, 1.51941490914007, 0.0328547131407647, 
    0.592766170652285, 0.0297701188846749, 0.00795151462999606, 
    1.21541730368905, 0.00768583028707099, 0.038830116704285, 
    0.0139377226037554, 0.0329949542004064, 0.0239165654290615, 
    0.186557492527453, 0.993261859163729, 0.3682111393098, 0.204502999905733, 
    0.27987062569476, 0.196796111421799, 0.0109883972434596, 
    0.533959973632141, 0.070993249502025, 0.0224400020645251, 
    0.743407362897841, 0.205804435241304, 0.087665111167594, 
    0.248988602375115, 0.0272712069071375, 0.0536606126169956, 
    0.192928885658689, 0.0905782244992507, 0.440629446186312, 
    0.213712525495037, 0.562657315250483, 0.31745633715806, 0.0279666108758984, 
    0.0189059295036396, 0.144471699645265, 0.0283119568146934, 
    0.245442007071948, 0.0213606780943246, 0.154338114628898, 
    0.664126928037978, 0.0772392221804201, 0.192350380122295, 
    0.0284657481946542, 0.579140964305409, 0.17106648530418, 
    0.0937952221413884, 0.426097700965216, 0.0911973553631687, 
    0.0347886211182787, 0.0883721617435158, 0.00990480236182859, 
    0.0747175649611805, 0.0839266215353712, 0.00894914526243294, 
    0.21236612631626, 0.505287900621135, 0.0229999158981227, 
    0.0100298107458096, 0.0193731786109994, 0.147860225025621, 
    0.0296053550542534, 0.0268085473740344, 0.174426435616242, 
    0.054507320386721, 0.00810085610880405, 0.140947228291672, 
    0.0474191881511148, 0.675930528055357, 0.0115495564442017, 
    0.484321580077559, 0.0218220313073058, 0.0993860754409171, 
    0.21292113777683, 0.0121816677742342, 0.805810839312221, 
    0.442877581408889, 0.808983487971747, 0.0692836892332638, 
    0.284513453666972, 0.176335004418012, 1.04607409779602, 0.007268875034139, 
    0.517174618311367, 0.65231878597018, 0.0458436108225469, 
    0.00939088335975708, 0.0161162081770694, 0.157439719491252, 
    0.631578722609355, 0.204036365701558, 0.245495222094267, 
    0.134635307208012, 0.577794750163325, 1.14167230902403, 0.0255352346479463, 
    0.0422183052040078, 0.266241963177339, 0.156372160089729, 
    0.105524186415755, 1.5219747333755, 0.0340577044403877, 0.612563022630042, 
    0.0330270134795372, 0.00781833435031867, 1.20469285235431, 
    0.010349318689471, 0.036518357193657, 0.0146994989923531, 
    0.0354014399252644, 0.0277954886968702, 0.177206776650755, 
    0.981664581093819, 0.350731794867303, 0.202135992955917, 
    0.285248255317497, 0.190088554814714, 0.0105102894299094, 
    0.540168232772324, 0.0701002714720583, 0.0258428086248913, 
    0.726259562070941, 0.215519050921508, 0.0920089473454669, 
    0.252652491805309, 0.0298425981652253, 0.0587177246389968, 
    0.196212197049136, 0.0899026282395558, 0.45481557978041, 
    0.23268074093766, 0.558165682166751, 0.322190808543708, 0.0252196723946146, 
    0.021780149884698), dim = c(100L, 3L)), Time_all = c(elapsed = 9.74300000000949, 
    elapsed = 3.36799999996583, elapsed = 3.43699999995806))
