list(MSE_matrix = structure(c(0.251472714454523, 0.253257202589821, 
0.246765076001137, 0.291421022734775, 0.243031288040103, 0.251178805580707, 
0.255511213702229, 0.249776338999478, 0.252489210767354, 0.265731406985525, 
0.251083200925458, 0.260819261188023, 0.326443725157304, 0.251030854811444, 
0.258498923187804, 0.242806984201179, 0.237085544842838, 0.239180031714545, 
0.280853129469487, 0.239990626133552, 0.259640744671471, 0.269838533991472, 
0.24219076183151, 0.267850639914914, 0.280620902915054, 0.248307833256824, 
0.237739220308568, 0.284361116335284, 0.294457443490658, 0.252065978831363, 
0.236482562219178, 0.251796783158782, 0.251138683958377, 0.243738185031124, 
0.248262900824336, 0.253418717003509, 0.233215283003722, 0.250882378986905, 
0.237977945768304, 0.23878614973488, 0.245623652676377, 0.259959391936967, 
0.270851696794249, 0.245414940996519, 0.267772582808141, 0.256396184731451, 
0.240644869612822, 0.286539989593763, 0.270074595986796, 0.245798657991194, 
0.271997935803761, 0.234850224365449, 0.236037380440944, 0.249158379487772, 
0.290963600314147, 0.24520474763495, 0.238047016719167, 0.253548860325235, 
0.24702684744466, 0.268907478025432, 0.270375621875823, 0.248009569044981, 
0.251967032107451, 0.245242077778729, 0.249832411909697, 0.246661300513067, 
0.243324296372236, 0.251653886018403, 0.270736936535315, 0.272906218953179, 
0.287451059563933, 0.275010797774563, 0.255735455226508, 0.255115031284021, 
0.247733107881543, 0.236690988686074, 0.233504711517945, 0.258124298574032, 
0.234928670650198, 0.253051102818407, 0.289983083038241, 0.254170800617689, 
0.251255621347358, 0.258595817924031, 0.254408621712487, 0.275686098080964, 
0.248445873601876, 0.267324972477785, 0.244497268634098, 0.293323999864012, 
0.236730289029659, 0.253261883275118, 0.241269863954123, 0.260471015000904, 
0.263189330199771, 0.239650478247119, 0.277006433558886, 0.236935810112126, 
0.232091935844179, 0.240890999662215, 0.253755618175794, 0.2772749255456, 
0.27324821542355, 0.273939217102071, 0.237596314388612, 0.234753484619312, 
0.264001277009933, 0.256107676802418, 0.228363050917734, 0.263163308151379, 
0.261950519927655, 0.252750395141458, 0.308055512752166, 0.264209848464135, 
0.236089825541642, 0.230742894128376, 0.230515676257541, 0.25944639821247, 
0.266325992219684, 0.270083925711484, 0.31094168709114, 0.267815960405993, 
0.24779731003632, 0.259438893842446, 0.246367678826188, 0.24947370874934, 
0.234296591060373, 0.235767023533886, 0.292954408415336, 0.239148385240951, 
0.257001987471976, 0.242715787234988, 0.236318194018044, 0.23747426132211, 
0.257344530112185, 0.269132247952646, 0.241267052305786, 0.253313034268098, 
0.259325569289334, 0.253597024414117, 0.238964198585235, 0.255245745771287, 
0.250632877796814, 0.244732008571029, 0.286302297724649, 0.248383115117938, 
0.243681448567275, 0.249322546388773, 0.242822336582135, 0.242283181407274, 
0.236771138742578, 0.238506629657788, 0.256570855228072, 0.242909064099798, 
0.26853646621877, 0.243616116304944, 0.253989210934626, 0.261291986689264, 
0.241297149251593, 0.25959202149658, 0.281612732213684, 0.234579317066022, 
0.254606793220028, 0.245252231304709, 0.257622105276026, 0.246679432660165, 
0.235766517217735, 0.250127284512656, 0.288340170270634, 0.258267045091557, 
0.250423541214884, 0.246526510332836, 0.249976394743566, 0.259428588874054, 
0.263190025118895, 0.244031136528882, 0.266158534824915, 0.227175632841717, 
0.250264319833837, 0.296588309723146, 0.294410973106938, 0.251633452860966, 
0.258139163489306, 0.243844140967011, 0.264974124277106, 0.258046509775803, 
0.244624592483945, 0.276388213296198, 0.255952673586818, 0.243659668100347, 
0.245788151108648, 0.256849156181287, 0.239270714233032, 0.276537388408029, 
0.263293267536382, 0.245579647588201, 0.275575071489854, 0.238453611497414, 
0.248019245750022, 0.23723437397157, 0.268594373974863, 0.250849878031852, 
0.243863548444415, 0.253656507384253, 0.235250462453206, 0.235606852930746, 
0.232591443773668, 0.244130382161878, 0.247845274198606, 0.245439196235739, 
0.244744597301359, 0.223290926066398, 0.281702459268817, 0.234785106334205, 
0.246987972479139, 0.252150904350564, 0.240161176175128, 0.260584055435706, 
0.263421474395286, 0.256375674440821, 0.246821782330873, 0.265750772890354, 
0.265280416931356, 0.244049609666779, 0.249110991639693, 0.251875044897333, 
0.254756438437035, 0.25839219565747, 0.25918542295977, 0.237460130671609, 
0.233408935334034, 0.247378236524292, 0.277917782439398, 0.247942761036472, 
0.261355509929063, 0.261395579725845, 0.232131028251893, 0.244908674520492, 
0.26662069050028, 0.244862375110446, 0.227685707127808, 0.254543794055806, 
0.256111366296505, 0.269536481607654, 0.26768408441053, 0.294932885616058, 
0.255447258903827, 0.258493980515398, 0.247651713295094, 0.254198771797722, 
0.268210880401661, 0.237123700757672, 0.247409889128604, 0.25967005554956, 
0.231479369081961, 0.272852038920741, 0.230390467217104, 0.263152733821536, 
0.237309508780575, 0.239925117938496, 0.25759648681932, 0.244615456984592, 
0.265454260374933, 0.237022586182316, 0.247998439105247, 0.253859499458478, 
0.244929906083037, 0.240032224722392, 0.256633208512238, 0.236298121606255, 
0.295072204126418, 0.234177432771129, 0.281832263782478, 0.251238224935109, 
0.254035543757536, 0.235205037808174, 0.235807328690354, 0.241463920901945, 
0.237342450581691, 0.290675323178265, 0.274862706724394, 0.247053323703499, 
0.269899539838349, 0.256906318760178, 0.239443351215739, 0.250321769718217, 
0.247714755497426, 0.257137201957712, 0.27410621328638, 0.263950921387597, 
0.241015755452639, 0.241862211157575, 0.244840675013853, 0.271772127878911, 
0.256164522674741, 0.236626909967953, 0.254986661997598, 0.224468395660832, 
0.237651782264022, 0.227854517445441), dim = c(100L, 3L)), variance = structure(c(0.0156974732581856, 
0.0214318058787859, 0.0182967056565985, 0.0819783968960171, 0.0171063629127905, 
0.027650440062338, 0.0379024685706459, 0.018705413417878, 0.0339894895581895, 
0.0335639594494446, 0.0523909700275327, 0.0172457499375406, 0.0160575716146958, 
0.0206083869598676, 0.0207143031979362, 0.0649920006536758, 0.0176877511507653, 
0.0625317926736907, 0.020234735655673, 0.0199002165063415, 0.0958431859891825, 
0.0195203544926878, 0.0185699610414907, 0.0315988510693936, 0.0183038298953189, 
0.0199442932693583, 0.0604062835308901, 0.0195749190817163, 0.025121126452327, 
0.0155197537515243, 0.0164729216019537, 0.025690503622084, 0.0463109247326264, 
0.017447481203675, 0.0315268796527187, 0.018591037760457, 0.0240487645533438, 
0.0237829447050976, 0.0577881528328431, 0.0178431933507081, 0.0197669891747195, 
0.0183954861834792, 0.0206789648234837, 0.0188062740142551, 0.0208115401065608, 
0.0228922299599871, 0.0592251282064007, 0.0193926555589195, 0.0200840833086134, 
0.0249957619623569, 0.0167526124832968, 0.0259321612000842, 0.0193861972951256, 
0.0205556266875136, 0.0305522212490511, 0.0330284336544353, 0.0170903090627332, 
0.0278602824703248, 0.0173894763910261, 0.0187957374800673, 0.028697713337211, 
0.0241568423148338, 0.0190087412091147, 0.0182648555125726, 0.0269203969548021, 
0.0218042198166167, 0.0312065890793405, 0.0186091911159201, 0.0252632072128412, 
0.0225027244954191, 0.0154129944746172, 0.0230337679112211, 0.018688392998255, 
0.0218171750584991, 0.0187649254203377, 0.0319896147537983, 0.0230977092574667, 
0.0174454026815768, 0.0215876737478038, 0.0674335514928152, 0.0190115619556041, 
0.0202493022549369, 0.0177924040032753, 0.0181172376698697, 0.024755909101254, 
0.0307717552447779, 0.0188764434753169, 0.0191369495998101, 0.0360217533158193, 
0.0207799039770124, 0.0167987005675394, 0.0305092843796323, 0.0207642690524837, 
0.0346277748792514, 0.0195405678602229, 0.0230745477746482, 0.0204723764285374, 
0.0167698225763312, 0.0204198933038232, 0.0224857959760808, 0.0180491300675562, 
0.0177704947449671, 0.0135787008493559, 0.0208084364456983, 0.0170521832200462, 
0.0168771232042325, 0.0158671115410656, 0.0162778830338864, 0.0197616889864337, 
0.0170638617918708, 0.0165998727710578, 0.0150028975786381, 0.0152570335772074, 
0.0182482836796458, 0.0144469117775652, 0.015086414667357, 0.0155445426538782, 
0.0153326406774913, 0.0184427693725317, 0.0157558646977153, 0.0207299850085064, 
0.0162054625828756, 0.0163183507609936, 0.0178339373778812, 0.01462275441514, 
0.0185619345448198, 0.0168239840099637, 0.0167861214757316, 0.016882067773636, 
0.0206201000807337, 0.0201858935804653, 0.0130715525835237, 0.0147278933487925, 
0.0167759681453179, 0.0187178117130902, 0.0168023999521567, 0.0161432801445706, 
0.0155869496314421, 0.0208178923995636, 0.0196251426130475, 0.0156598838076513, 
0.0170271352117094, 0.0157144954285625, 0.0136623611068094, 0.0184162428517774, 
0.0163886492471204, 0.0200073550963216, 0.0185070400315066, 0.0137186495313482, 
0.0176814727568891, 0.0206128101378252, 0.0165043527895398, 0.0170290355756193, 
0.0165303869769749, 0.0157085105577627, 0.0183539055488345, 0.0193098522500223, 
0.0137948671891636, 0.0138061183375093, 0.0164712918294123, 0.0173421958766167, 
0.0141964317086483, 0.0178366811118024, 0.0151143950314863, 0.0186346255582758, 
0.0166229090816921, 0.0144828487617098, 0.01620255700227, 0.0167433978804706, 
0.0171287525405985, 0.0203705701268732, 0.0158331723511997, 0.0145531883248436, 
0.0177204306670085, 0.0167361784435034, 0.017964638578748, 0.0166639898606004, 
0.0177773120958363, 0.015976744075263, 0.0189688943187487, 0.0168269913069151, 
0.0136003806488351, 0.0162098669692443, 0.0189662150845335, 0.0171030447157194, 
0.0169901657036263, 0.0155617319314443, 0.0159437783654931, 0.0154324374844146, 
0.0158695919946489, 0.0157815371177431, 0.0163059449370496, 0.0127544738415153, 
0.0188730623089483, 0.0160834942497404, 0.0160777254014802, 0.0145699091390121, 
0.0161128936005277, 0.0167364048943057, 0.0173497372797296, 0.0142862662254466, 
0.0217502819047151, 0.0147513838910662, 0.0141709655221423, 0.0135600259820379, 
0.0183167236203607, 0.0191097843082692, 0.013929231882793, 0.0137388832763471, 
0.0150626900631368, 0.0137361063415465, 0.0129107008391938, 0.0132422651601781, 
0.0209658284265232, 0.0162839485817133, 0.020391288988372, 0.0166978874990665, 
0.0191860371378, 0.0208374353385319, 0.019827834592231, 0.0140919754620809, 
0.0155934706293437, 0.0139644134620723, 0.021621143891585, 0.0129247928251992, 
0.0207387133950535, 0.0162746068167499, 0.0193559782065311, 0.0175107407825844, 
0.0176904989142, 0.0179571567017121, 0.0179493606804457, 0.0195829607555045, 
0.0133680904925988, 0.0131524674269448, 0.0169954162063758, 0.0199305563288882, 
0.0144570741054602, 0.0147635749252019, 0.0200765653162683, 0.0190516384469602, 
0.0165443065979664, 0.0153226617578368, 0.015190753776713, 0.0145901789594769, 
0.016701177955259, 0.0203141561334208, 0.0145640194948408, 0.0170090063702874, 
0.0131718392876465, 0.0175327144540618, 0.021030602818879, 0.0197594344323495, 
0.0176160692101092, 0.0152935699345725, 0.0215592740497677, 0.0184534834232687, 
0.0181162127559238, 0.0137740798158908, 0.0188118472386374, 0.0188027559447144, 
0.0132276624871799, 0.0190046650679154, 0.0133601637471636, 0.0132233526399134, 
0.0192774361499337, 0.0185995126950575, 0.0146079900065994, 0.0145450511487719, 
0.0178218919919036, 0.0166931442298695, 0.0129731788753534, 0.0132654678219341, 
0.0214571032584691, 0.0182627683554012, 0.0126523293425912, 0.020383252507337, 
0.0145216963064856, 0.020064529455104, 0.0127763291527926, 0.0195118284320463, 
0.0149863321006866, 0.0136025314258675, 0.0192110921751802, 0.0130357039514878, 
0.0216694973234917, 0.015149655821353, 0.0136854887647762, 0.0134920675265721, 
0.0140124531162208, 0.0130476410285476, 0.0179411840732215, 0.0170743540198056, 
0.0129947249637626, 0.0149925728556818, 0.0204148451910483, 0.0174880897812758, 
0.0135659476994295, 0.015755381081912, 0.0135993975976455), dim = c(100L, 
3L)), MSE = structure(c(0.108819653972645, 0.0243423386803987, 
0.206900605546747, 0.0928741016890898, 0.126717377274704, 0.854594208423643, 
0.180181035963001, 0.216156251086738, 0.0571141660857909, 0.72116996930136, 
0.14223898746209, 0.0775303252781908, 0.525910686741521, 0.107935401631913, 
0.025209741554746, 0.103617443459994, 0.0404990253088258, 0.0791890208290117, 
0.0960308961449518, 0.0280855333423776, 0.143712498233868, 0.478730010488628, 
0.031919480451094, 0.0401074532240497, 0.0208978619157842, 0.16713226432185, 
0.0606538468171344, 0.0194083261208175, 0.123987887473941, 0.0366696953955024, 
0.0179835499275586, 0.100858233013238, 0.117672042932542, 0.604948531883344, 
0.0573152388855806, 0.598844461999363, 0.0529876133047165, 0.0982140041297136, 
0.176466686044872, 0.0177151975488227, 0.947794192424987, 0.373635555236069, 
0.66912182254744, 0.0621243446164584, 0.342639917589382, 0.182678477354187, 
1.19028037548622, 0.0192227056042296, 0.394891764483684, 0.737682296426855, 
0.071213137451896, 0.0275280144035083, 0.0358594594285064, 0.221497154864542, 
0.591000458263101, 0.322268757866267, 0.288249521961016, 0.116698867587241, 
0.472069076819069, 0.941065070521233, 0.0792330123264839, 0.035993917070937, 
0.319138532017513, 0.2119701655997, 0.144884018856552, 1.28683943338373, 
0.0456862269710644, 0.523897402122127, 0.0347661723086381, 0.0329453912080924, 
1.37586250688074, 0.02624396695174, 0.0701333241403656, 0.0216304110187074, 
0.0400149804889134, 0.0316832080922065, 0.16112516702385, 1.08440161143053, 
0.276276992720306, 0.468855021239158, 0.360702692479516, 0.296454282110535, 
0.0283382055929896, 0.521875932342244, 0.08671150408975, 0.0367591462702652, 
0.557953621511098, 0.184054999891242, 0.0746400978124394, 0.242726618743966, 
0.0250543674332007, 0.072188415726831, 0.135318863751955, 0.224770825306831, 
0.364717061206076, 0.314470859011537, 0.556281179346763, 0.289193596283161, 
0.0651635392196691, 0.0654432368745861, 0.157119401790645, 0.0413048427859349, 
0.25985415050885, 0.0357618842323084, 0.164919496925606, 0.655018427188898, 
0.0795953799056683, 0.20799005004587, 0.037563783706957, 0.587890679870883, 
0.20046293588353, 0.112102415835024, 0.427361041076151, 0.0901178638227826, 
0.0492076417490197, 0.111502331290329, 0.0161298555105259, 0.0868570720060707, 
0.104848567820662, 0.0156319909114054, 0.236071331760974, 0.530049547696372, 
0.0307324034782655, 0.0185783642236089, 0.031145914984574, 0.173081575053109, 
0.0321923714142877, 0.0341770388374874, 0.194355101242723, 0.0619908623060403, 
0.0201423751920355, 0.165046441090097, 0.0449611398481673, 0.691668060556536, 
0.0198177350577864, 0.477646799526611, 0.0293113821794707, 0.0986933805370817, 
0.230975880572329, 0.0209031325323343, 0.810873364162074, 0.470502620221616, 
0.845920696170348, 0.0801735531810968, 0.288824585576579, 0.188348586772723, 
1.04964989545281, 0.0183219719693842, 0.55446746657656, 0.669983763121118, 
0.0654586852642974, 0.0168838664491319, 0.0238637298963424, 0.152566246280899, 
0.620488672065974, 0.217182541430286, 0.271906099869427, 0.157410046262629, 
0.604134407811798, 1.14059222357626, 0.0327498249007019, 0.0585277068340023, 
0.295125378481268, 0.150026531756952, 0.118393862920358, 1.56550421578785, 
0.0482311938709904, 0.639365977367513, 0.0450873871028273, 0.0173989752062972, 
1.22980775029991, 0.0158203729449293, 0.0355573173188896, 0.0263355696749557, 
0.0403923525760603, 0.0398735393228635, 0.182876988428845, 0.977999755668578, 
0.363550155311202, 0.197188146702111, 0.290221936687563, 0.182610804272375, 
0.0167646089047249, 0.523801779999436, 0.0736497560328039, 0.0328208624174196, 
0.734946795948491, 0.237652243339473, 0.115282441635035, 0.250844421996245, 
0.0425393682566446, 0.0675287690769358, 0.222359855352624, 0.0916489056069341, 
0.483048795666573, 0.237079968021136, 0.54043035496025, 0.347315176269436, 
0.0328340136923945, 0.0306790361175475, 0.156397485970245, 0.0507565222923636, 
0.213370188435733, 0.0240690684791284, 0.167205794434709, 0.698467433017938, 
0.0956034382510427, 0.22672113917065, 0.0386453926081979, 0.568354582169358, 
0.193602531831304, 0.110714996090274, 0.478706776129377, 0.0897626258632492, 
0.0361504280654626, 0.0886891756154938, 0.0167842265439546, 0.0798879654247878, 
0.109206783753969, 0.019746915573122, 0.209572020488354, 0.514649568403663, 
0.0234559024046337, 0.0227890089641566, 0.0282617202424572, 0.177629061939846, 
0.0348331662353985, 0.0481413192285396, 0.171313077994919, 0.0613767503805014, 
0.018018883964673, 0.131189354757985, 0.0696933422379573, 0.700183218383544, 
0.0165732493122393, 0.461294460788031, 0.0318451177720158, 0.104814384843567, 
0.200604035519492, 0.0213318847260167, 0.809210026093654, 0.486443886802456, 
0.771311162798758, 0.0580429090698286, 0.275481866058154, 0.175481763817118, 
1.05266066824165, 0.0144968981863035, 0.489680133226491, 0.628994437614576, 
0.0633135627043585, 0.0214450855288109, 0.0225034910058027, 0.158826001878336, 
0.63894482073845, 0.215976342366902, 0.26372237614744, 0.124434761981373, 
0.528781067079557, 1.23071567140394, 0.0390062014648025, 0.052750759652009, 
0.309225621724609, 0.154749815208335, 0.0988738870008187, 1.56221991070275, 
0.0363152868841596, 0.583693944033195, 0.0449106476113177, 0.0191620348401405, 
1.21787745470709, 0.0136365865216664, 0.0382639575748164, 0.0313024664834981, 
0.034797437450574, 0.0294060491577116, 0.184740707091316, 0.987572654618215, 
0.373908967587866, 0.205367820590956, 0.257747776673163, 0.22904254033508, 
0.0152019639242884, 0.532595520460019, 0.0809847450031216, 0.0411617023098081, 
0.758991682926192, 0.239368532160911, 0.108185936023565, 0.260734687853988, 
0.0398115853206122, 0.0662600325917325, 0.180707671747776, 0.0979854875106667, 
0.430276756727961, 0.237820606565843, 0.617550493674187, 0.329117869443486, 
0.040555164895658, 0.0236131343941946), dim = c(100L, 3L)), Time_all = c(elapsed = 4.53200000000106, 
elapsed = 0.739999999997963, elapsed = 0.720999999999549))
