list(MSE_matrix = structure(c(0.26554077870051, 0.248231082605424, 
0.317842581495529, 0.23927689186008, 0.317834334640408, 0.263447405183724, 
0.274211047627226, 0.276075350258151, 0.248388075955248, 0.272776568500958, 
0.259425023483484, 0.297351782173582, 0.281620056465872, 0.281796025253843, 
0.269017716767998, 0.299236270245144, 0.246616666658053, 0.252873648293667, 
0.256795939927649, 0.294621425422214, 0.257960832647522, 0.253916165713769, 
0.281240709349627, 0.239422912514111, 0.258801239205348, 0.25863244443821, 
0.233259413305114, 0.298131460341552, 0.246739351452418, 0.252346203224579, 
0.287511325144304, 0.303943396246784, 0.251889959557097, 0.258019483233244, 
0.259834233387706, 0.280332477365722, 0.234964599069066, 0.236433493572165, 
0.277088243162876, 0.298012319281057, 0.244065915408387, 0.272028399289746, 
0.272222124193955, 0.277045713378728, 0.310560112548729, 0.304606672723547, 
0.272282542779381, 0.294901698407555, 0.253399096287757, 0.258867118919982, 
0.274377708003599, 0.261954871002231, 0.314442332363157, 0.266857585237879, 
0.27433624063157, 0.28926547438662, 0.252865228847097, 0.25880549124338, 
0.274270754595757, 0.289431761322575, 0.27594666212144, 0.250703983220485, 
0.298305738268259, 0.280750988514039, 0.264643345517637, 0.283173455370269, 
0.330536344505077, 0.242172051141663, 0.271218199679086, 0.307718612177296, 
0.304392371247359, 0.306082537618285, 0.267429272449697, 0.289458084514136, 
0.252861314095821, 0.272720275756049, 0.261428171337483, 0.259324872271877, 
0.287007836799897, 0.300120626511585, 0.310841882855663, 0.276463156787407, 
0.271699761178756, 0.228641316862682, 0.276669768454956, 0.270116213614593, 
0.280566973294209, 0.265336911035319, 0.254058071547087, 0.311147963660369, 
0.266072523412063, 0.267768535172654, 0.275653619842644, 0.301073357166, 
0.283289524803564, 0.290575140175333, 0.250827294859131, 0.273530672186037, 
0.280814963533144, 0.271345593405034, 0.252124870849647, 0.233223680400966, 
0.246993695329807, 0.245199412722785, 0.245245312815545, 0.245372680147731, 
0.248274007027889, 0.286715661709973, 0.247470512404579, 0.244113542622192, 
0.264620889225045, 0.244452744941326, 0.2417079959214, 0.267455506758757, 
0.256172802222056, 0.238446469292248, 0.260205490837311, 0.235503032850554, 
0.269864969334001, 0.240025347972492, 0.243457378546007, 0.26276829234636, 
0.233495143099772, 0.232911838314457, 0.25842340683691, 0.254183154672013, 
0.237866454371967, 0.2563557147817, 0.22624669654087, 0.252454047082162, 
0.250740703619459, 0.273940763861024, 0.24949772968863, 0.251032360156163, 
0.236177827845796, 0.271677897220994, 0.25529151390699, 0.255058140969178, 
0.245475325327676, 0.244232464986604, 0.231475107575227, 0.255874349065507, 
0.267118312006368, 0.254464842228104, 0.270188620498312, 0.266308803565711, 
0.246877742953998, 0.247654799000513, 0.24892151918159, 0.2366802241631, 
0.267925106308575, 0.260513241709059, 0.293554709932687, 0.256279940813535, 
0.252287617105859, 0.264401622093573, 0.244142360595788, 0.257825935199262, 
0.274781437530369, 0.271258356076271, 0.263183682138701, 0.253157981510033, 
0.288108210278227, 0.281638322558717, 0.243474509426919, 0.254982036338968, 
0.25765080317659, 0.242116127983092, 0.2578538616078, 0.25102098400351, 
0.285318529277691, 0.292544413233951, 0.253524984420116, 0.236070238712666, 
0.253593658693195, 0.244993577552586, 0.254658666710014, 0.243677885178793, 
0.266896437913754, 0.281799532245597, 0.259954574429508, 0.256313798195837, 
0.257339004746169, 0.238447443178364, 0.250748647611312, 0.259451891534285, 
0.248888389433167, 0.245397978898219, 0.245519968282087, 0.277794237115604, 
0.244165456893347, 0.234403292250812, 0.264157303698148, 0.268975600618213, 
0.226397370167703, 0.253289694023694, 0.23830116608907, 0.277398706687037, 
0.249822920911745, 0.245343570560056, 0.266904254285693, 0.231384902521658, 
0.241291524566978, 0.248567010026873, 0.25021226190386, 0.250440488645917, 
0.246482456794222, 0.279874659644967, 0.244476583077666, 0.251169972853702, 
0.255317686053626, 0.247315318320938, 0.235816321674249, 0.251670026043772, 
0.248846858226335, 0.263547452739943, 0.269256059882727, 0.256655968802264, 
0.241210112220241, 0.248138482298801, 0.244748084829864, 0.257913963308218, 
0.237972351471433, 0.234573837520679, 0.234321117041, 0.266283591109298, 
0.238533667190555, 0.248728251370528, 0.235899421347285, 0.245072716966679, 
0.25959656634268, 0.291220351726335, 0.247094553792952, 0.244760577594645, 
0.24438162797052, 0.255966350757199, 0.247082937534371, 0.244331562117048, 
0.235860573496687, 0.243683536169396, 0.242959412372526, 0.237868274058816, 
0.270096129767949, 0.241987872650658, 0.290263273071686, 0.276063515136823, 
0.242564930651687, 0.256566778895351, 0.242893221572029, 0.238562137041924, 
0.244793199971771, 0.233586797323237, 0.28224672090235, 0.247677321419489, 
0.239113711955915, 0.271111643690654, 0.255108660798617, 0.236717603142956, 
0.264777352479667, 0.239628810144327, 0.262969693309443, 0.258017453990743, 
0.273461178008569, 0.28407264545397, 0.254417692821944, 0.259217580068736, 
0.260555827061744, 0.269661320183269, 0.247540721623206, 0.261027241295856, 
0.28330679672447, 0.292345901117434, 0.238964036745697, 0.253155049997497, 
0.256225499270663, 0.25580616828177, 0.272925415890276, 0.243811054610254, 
0.274248224875877, 0.264480068724258, 0.254628846963289, 0.273984226586953, 
0.246870986088032, 0.23664023633154, 0.247471179435673, 0.279779031425173, 
0.248097294272391, 0.25456194704471, 0.256254429774154, 0.265667126023763, 
0.237512694361117, 0.241453744409533, 0.245654044359984, 0.260278445106068, 
0.238320524406593, 0.250968865403015, 0.23858764832823, 0.255701006596119, 
0.251332986955444, 0.243673979514335), dim = c(100L, 3L)), variance = structure(c(0.0318459659740385, 
0.0303722754846978, 0.032486684045545, 0.127253177866571, 0.0356153916579385, 
0.0494483865490279, 0.0996450720272667, 0.0492537473358823, 0.0573379780424615, 
0.0486685099057496, 0.0895224062529952, 0.0316387390856352, 0.0390529857406754, 
0.0312890275103596, 0.0450564841241448, 0.100580782378315, 0.0376309191942311, 
0.16189915922696, 0.0313274511652507, 0.0451772386715072, 0.133335273277533, 
0.0342283381335035, 0.0487858565604466, 0.0431542451410824, 0.0303821217566582, 
0.0315488404831711, 0.0767049055346899, 0.0336435403923747, 0.0390006832958112, 
0.0309291200023083, 0.0367074353599632, 0.0527450269414117, 0.0819530899598578, 
0.0359777516421702, 0.0690377276973351, 0.0474686240354709, 0.0474190932515222, 
0.0367419277548958, 0.115580594220981, 0.0324494425507406, 0.0464980853148709, 
0.0466379385263981, 0.0341934681576273, 0.032701569970113, 0.0389485409086466, 
0.0458251731610767, 0.106848795370301, 0.0395563687956212, 0.0514388293318761, 
0.0406454202571302, 0.037098901130054, 0.0440309158091942, 0.0318014170435847, 
0.0322692764411826, 0.0441762680703713, 0.0471927651977256, 0.0319567514053129, 
0.0565145402153973, 0.0332895375181711, 0.0326355700087591, 0.0439139634334818, 
0.051709962275276, 0.0337682081154734, 0.0357974248602137, 0.0418009449220641, 
0.0310748550803456, 0.0650589231335831, 0.0355317859086313, 0.0430513038911396, 
0.032230529221751, 0.0305642786659195, 0.0478950691081994, 0.0464137335895899, 
0.0298865250679645, 0.0333561294245077, 0.0604889814341786, 0.0489938179047836, 
0.0366518531288131, 0.0467707374149881, 0.0847300174052861, 0.0314192201321489, 
0.0382956966399504, 0.0538918352569464, 0.0315848612744033, 0.0479944010035073, 
0.0425632338485822, 0.0349324742287372, 0.036276415034527, 0.0690693368746843, 
0.0357713768273073, 0.0308441363446913, 0.0552534305715451, 0.0470573578064338, 
0.0702191355024617, 0.0324506617770958, 0.0466522580042971, 0.0469338833593199, 
0.0453474923776328, 0.0314748842260482, 0.0332059187659554, 0.0174986329115315, 
0.0192188855596328, 0.015516379271519, 0.0176731052489498, 0.0187723732180132, 
0.0128982195308272, 0.015739106752485, 0.0197717232253104, 0.0180442560045592, 
0.0212930487915959, 0.0159278868567587, 0.0160587529413836, 0.0172192159145721, 
0.0198938329682648, 0.0153478352473432, 0.0193627269425386, 0.0172063770332777, 
0.0169834964513257, 0.0201572642470904, 0.0200549571288643, 0.0174540228316391, 
0.0217625093567245, 0.0197129992208708, 0.0182023818126256, 0.0143848841299935, 
0.0200961347218501, 0.0209909760911789, 0.0176910494153257, 0.0125998530066315, 
0.0196318147148202, 0.0189487416006414, 0.0185486519119823, 0.0189389868472973, 
0.0186665364360811, 0.0188005315401166, 0.0193032578647385, 0.0210985120070426, 
0.0215983294707201, 0.0183858767173467, 0.0199596835262761, 0.0206210860046681, 
0.0190095815133631, 0.0136688107849184, 0.0154539798077914, 0.0167615874668048, 
0.01945935103517, 0.0167506673769939, 0.0167778888137165, 0.0171445574928023, 
0.0167336333667517, 0.0186068004876346, 0.0215108766871036, 0.0171198390916491, 
0.021761083456956, 0.0213746558019122, 0.017815371634979, 0.0211273347189912, 
0.0181629626950523, 0.0157989348382523, 0.0171785690997533, 0.012838440534972, 
0.0150611418752793, 0.018266294961654, 0.0146868517456024, 0.0169834019629856, 
0.0214810317292666, 0.0183406219941632, 0.0157039228709979, 0.018751044805106, 
0.0140492707109318, 0.0185455540402752, 0.0198369833295359, 0.0153128312247894, 
0.0205255226228549, 0.0168851216825876, 0.0201637727197309, 0.0220051914140744, 
0.0160619688945215, 0.0205876502964669, 0.0202577536725461, 0.0168872056607765, 
0.0153889972268444, 0.0169539835114253, 0.0212797921958778, 0.017684445790944, 
0.0190982409044596, 0.0165024146168443, 0.0177279577523268, 0.0155869997037486, 
0.021409549029915, 0.0155871723242945, 0.0195789914638481, 0.0180157944809815, 
0.0193222376615999, 0.0141358076399626, 0.0210174532640344, 0.0174695255218045, 
0.0163769890237016, 0.0142723443360456, 0.0159660215283371, 0.014204047506917, 
0.0191885945598636, 0.0170916579069939, 0.015807390130775, 0.0150117557408122, 
0.0141593375891288, 0.0164996797369867, 0.0168350448973056, 0.0187657968312516, 
0.0178130203193392, 0.0191699721965787, 0.0144029437508631, 0.0157828238898387, 
0.0179422768209124, 0.0170934403123364, 0.0184348780303939, 0.0175047806247752, 
0.0166740433244542, 0.0176645279881238, 0.0175168475426428, 0.0154681437681576, 
0.0167495368501248, 0.0169116938638827, 0.0224947309237198, 0.0142325880032724, 
0.0175176667015813, 0.0183545062711536, 0.0196352771000934, 0.0139629879412899, 
0.0149837949955172, 0.0164259465065494, 0.018203160875426, 0.0183862499751609, 
0.015128364861943, 0.0170813441830937, 0.0174010409714309, 0.0171097953026089, 
0.0176659534161801, 0.0177954687318781, 0.0165822354588161, 0.0180672955531187, 
0.0174523504765557, 0.0148658347314576, 0.0172452618398189, 0.0181389657231084, 
0.0156366817971996, 0.020391779401704, 0.0179167877381173, 0.0181543828880385, 
0.0178768624679699, 0.0163971068021993, 0.0173680819562878, 0.0187333873619683, 
0.0172620675053589, 0.0181161612399928, 0.0218476315685642, 0.0159384781354427, 
0.0179724462132246, 0.0161751109652354, 0.0190775378032977, 0.0123855506793889, 
0.018231431791241, 0.0175188042552565, 0.0158192841763799, 0.0184269542651796, 
0.0179763009968754, 0.0183781559055643, 0.0144355452513225, 0.016177762975184, 
0.0126079600349136, 0.0146908271733151, 0.0175328241403183, 0.0181247128475672, 
0.0186861351779003, 0.0180737266436536, 0.0172282488270376, 0.0185938003485897, 
0.0163164729466429, 0.0173638370602157, 0.0170292123255571, 0.0187782008062991, 
0.0166275210391946, 0.019563026864736, 0.0164489959441501, 0.0173978497521707, 
0.0226429191954899, 0.0175115211190536, 0.0154514822203298, 0.0188767639120935, 
0.0170307931520272, 0.0139083173069943, 0.0180894364039027, 0.0181853925610325, 
0.0168736084688594, 0.0143176705078425, 0.0173689265885602, 0.0183998589325652, 
0.0188373213021495, 0.0135935417508384, 0.0184867011680718), dim = c(100L, 
3L)), MSE = structure(c(0.111421315904574, 0.0306261112613329, 
0.221028397954716, 0.134257159512826, 0.123619318891352, 0.856625195003093, 
0.210929395438526, 0.265951089908583, 0.0804838872353936, 0.748106595822238, 
0.195972595299328, 0.0670843703885795, 0.59336330780491, 0.145523317400103, 
0.0514327391380473, 0.140006196183395, 0.0531214432367874, 0.193631932599946, 
0.0854179518093234, 0.0479496515233566, 0.191440638815851, 0.48425475331361, 
0.0579668387928458, 0.047967479125902, 0.030509470560019, 0.147474750803309, 
0.0822108102041159, 0.0334081050971912, 0.138132918786533, 0.0562563954277011, 
0.0364208071941549, 0.13162399820525, 0.153248610435958, 0.564985355432128, 
0.0949963645604085, 0.599011452072993, 0.0635582039880221, 0.114093239135313, 
0.228254203099561, 0.0344989925096894, 0.915503038358134, 0.416931912919912, 
0.660257856761199, 0.0771862598510965, 0.3729045581616, 0.169248606937037, 
1.19475221339596, 0.039558591997646, 0.451130783676381, 0.727335468589732, 
0.0792155885980652, 0.0435960184743816, 0.0566211211306282, 0.249022729947387, 
0.643925244170165, 0.323330875616015, 0.280731555619871, 0.14424978348021, 
0.464017716290255, 0.955254729504659, 0.098799059276595, 0.0656307230536353, 
0.289712453717584, 0.235899912208095, 0.153532076048481, 1.24983722377677, 
0.0780298501841426, 0.486910166152224, 0.0446641768832628, 0.0498144261929531, 
1.37594558600232, 0.0520308167228187, 0.0926785799362258, 0.0310741605146782, 
0.0654959703800059, 0.0599077998997013, 0.211832950582597, 1.0888967034218, 
0.340426283278718, 0.457490948096758, 0.398769187258682, 0.317984198829004, 
0.0590236214138445, 0.576596592870016, 0.117570015549546, 0.0445251470552999, 
0.608606600536389, 0.15666187980506, 0.115438949016871, 0.249961766753452, 
0.033215177577852, 0.0799762149125882, 0.167786138224979, 0.252783259768153, 
0.346122518656773, 0.296656810670599, 0.595591428410909, 0.337209334319641, 
0.0918123561607541, 0.0739926847896797, 0.155132626591671, 0.0445978853705302, 
0.236970219123997, 0.0298052667329967, 0.162708332541096, 0.673266826625998, 
0.0812234153776335, 0.233739492655817, 0.0317152358438503, 0.59537062329294, 
0.188369270686302, 0.102638528428435, 0.471639296958357, 0.0926181328662987, 
0.0473899350515743, 0.111732729661853, 0.01749676531406, 0.0872334259657244, 
0.104709298263439, 0.0203451995394259, 0.219835372085539, 0.525590097131559, 
0.0290060800500475, 0.0193550194764874, 0.0287198894147983, 0.171973580189705, 
0.0391084794087068, 0.0405331040835323, 0.176418309406302, 0.0640732264550039, 
0.0188200533485911, 0.166107327420054, 0.0522199865652926, 0.682004651585853, 
0.0205618492296351, 0.463963631101148, 0.0293562968455599, 0.108205791204731, 
0.236297495070106, 0.0216760778139402, 0.786207819374406, 0.485165472043735, 
0.805798005555007, 0.0698381611327199, 0.299832500173683, 0.166810358530006, 
1.04204255322527, 0.0167842342782622, 0.554909482008271, 0.677485073665485, 
0.0602185792350726, 0.0212967277590836, 0.0218333505232641, 0.163113939501249, 
0.641551646021049, 0.21351682830841, 0.266077966723977, 0.153620327106654, 
0.563475672823808, 1.18347314367049, 0.0340118478204392, 0.0576729661770869, 
0.299802699819257, 0.149380458691883, 0.124008975277196, 1.55731400177045, 
0.0478003064481443, 0.590437149202351, 0.0408536262198773, 0.0162068274603506, 
1.21425636964679, 0.0202955756645466, 0.0352808980135412, 0.0289998372029355, 
0.0368015725918006, 0.0374451786352785, 0.205318071053856, 0.960533789124765, 
0.391043791971729, 0.216268603547155, 0.273105516619388, 0.198380665827468, 
0.0169705738593676, 0.537000140258656, 0.0753277569036935, 0.0380502320940705, 
0.740020066139391, 0.221640490645118, 0.109400688488802, 0.259411078966503, 
0.0393227007665057, 0.0644771808051241, 0.222135270933694, 0.0995294812825693, 
0.445259687419144, 0.222486909778345, 0.567678366126732, 0.361510950405819, 
0.0385233910854932, 0.0318412242659377, 0.141489196396761, 0.0490238228846844, 
0.231260256457137, 0.0325158727055908, 0.15116739246453, 0.68955832957046, 
0.0883619856131776, 0.23387428089245, 0.031610892384214, 0.59133776055406, 
0.189867415533752, 0.0963106569148211, 0.478125640440431, 0.0840449073499155, 
0.0444129639538787, 0.0995419381600777, 0.0177589998185241, 0.0806159467413697, 
0.109838773027438, 0.0179102944979839, 0.236155156051065, 0.536999265404827, 
0.0256436700944525, 0.0240195813700914, 0.0253673497758585, 0.179311724787824, 
0.0375784003226121, 0.0472328445505152, 0.170379805974635, 0.0533288190325727, 
0.0164838837529817, 0.153961387929929, 0.0588903190144595, 0.663465936786523, 
0.0178038263142698, 0.45820621569484, 0.0248455291151601, 0.102179333368617, 
0.245466230167077, 0.0174738347507785, 0.786476473088472, 0.48735370505889, 
0.789068187969283, 0.0677117494342499, 0.294759284010936, 0.15954363570132, 
1.04025993430519, 0.0177497802175361, 0.534201048229428, 0.685888782501939, 
0.0613596248194856, 0.0171969281137415, 0.0220434136028705, 0.148998808459063, 
0.637263810346017, 0.214776529788009, 0.275770021513124, 0.141180074987673, 
0.552304504122479, 1.21663566416668, 0.0351862084326964, 0.0560330407216489, 
0.307658122901273, 0.162483463761732, 0.127474458138814, 1.58743252307971, 
0.0418687680128005, 0.578450408969835, 0.0379704048421117, 0.0152632176659625, 
1.24445142222871, 0.0175684280569087, 0.0424563243495869, 0.0300254578305522, 
0.0358322903218889, 0.0392796076327351, 0.199831871072628, 0.990127463401079, 
0.391006376705897, 0.195418418505382, 0.263426085111252, 0.20969846288202, 
0.0200628361882017, 0.511517658223057, 0.0711707683005872, 0.0445621055985127, 
0.740039652059188, 0.21591972081092, 0.108673778273824, 0.248890517209213, 
0.0338702595122843, 0.0628620129862095, 0.209251186726878, 0.0877919676845081, 
0.434206521686942, 0.216723929121203, 0.594306104093756, 0.348106306690166, 
0.0401461689820138, 0.0338335009026087), dim = c(100L, 3L)), 
    Time_all = c(elapsed = 0.60799999999999, elapsed = 1.55, 
    elapsed = 1.51400000000002))
