list(MSE_matrix = structure(c(0.251472714454523, 0.254337236774093, 
0.242341102200639, 0.243631597918586, 0.263371343891034, 0.270646579938261, 
0.250874274152209, 0.25769557540123, 0.232939079401819, 0.228563614411225, 
0.266477157142278, 0.275733971452262, 0.258008258769723, 0.252360808643762, 
0.251753323928647, 0.259676702007438, 0.265780142114017, 0.244791185057241, 
0.258898795067358, 0.253760040188331, 0.260965200914891, 0.266200592461965, 
0.233244236815637, 0.256173140065388, 0.25567936836395, 0.26157937823743, 
0.230330433453707, 0.256667968630313, 0.249670124459071, 0.227536539802838, 
0.250169284927733, 0.273038096263764, 0.294376146590288, 0.265256690569411, 
0.245958298421054, 0.240263958402749, 0.22899777710277, 0.281883221672322, 
0.239801730962926, 0.240288309850148, 0.268792110539908, 0.254544740881793, 
0.25066797679613, 0.268797617521647, 0.237290983724671, 0.253037771860235, 
0.2439667335304, 0.276838173634167, 0.234215312623251, 0.256239077647585, 
0.256296871036427, 0.278473011552291, 0.253844135263827, 0.249366740854963, 
0.30283243348997, 0.229303184870371, 0.237563700491202, 0.261223520760104, 
0.241789682241231, 0.290835181839159, 0.284888300011969, 0.251105208397734, 
0.248086114347323, 0.260421319958298, 0.263177470400739, 0.232054337295446, 
0.234603800418686, 0.222078415663043, 0.254834268093559, 0.262595441437605, 
0.31157719196306, 0.257419563496753, 0.256936508975921, 0.243977125580312, 
0.256935494481032, 0.243226493494408, 0.270801374898007, 0.249318721899708, 
0.242733053449004, 0.232362220473623, 0.249623278033671, 0.24908386913127, 
0.243906029557188, 0.241288749162987, 0.233749820833297, 0.251033963155121, 
0.2509847840707, 0.273889281661807, 0.239495725891407, 0.27272916905909, 
0.28997964358999, 0.253951077071009, 0.245010810189739, 0.23558600122285, 
0.241982780879649, 0.280975990269084, 0.269278586357269, 0.259898139885028, 
0.259257520715272, 0.232104211820002, 0.236021292074695, 0.241185826119933, 
0.24283124014358, 0.228716458601852, 0.243069242647975, 0.276980765846868, 
0.241414071115984, 0.260193132732979, 0.235244609229678, 0.227946719345659, 
0.242619373476526, 0.241901790442161, 0.247682229139091, 0.246917638899214, 
0.238334444730312, 0.251038703869925, 0.237918039930934, 0.246463457934139, 
0.255244853105741, 0.244920553094524, 0.244269202929573, 0.250337763779408, 
0.23517139746344, 0.243349154670494, 0.249076922044499, 0.256334893156811, 
0.240860279183405, 0.25540394846761, 0.263659579459046, 0.245421902004541, 
0.227476209137675, 0.252982821350697, 0.265467040932053, 0.24301080519214, 
0.22608329366258, 0.235111323094227, 0.239211860797427, 0.249088094165346, 
0.251593613935944, 0.238196773829024, 0.243424971679301, 0.242386112490122, 
0.25453686770538, 0.260547373603963, 0.252762646013477, 0.238036120622115, 
0.235558605460142, 0.246322099717897, 0.237592080695427, 0.249243191872347, 
0.246716757470907, 0.248749770431952, 0.247558160043141, 0.245506277926431, 
0.253353728048327, 0.239389592670416, 0.248110317116355, 0.241123551970602, 
0.254353201102919, 0.250040739765253, 0.250296701166202, 0.238106244532135, 
0.237230083685609, 0.240434768285706, 0.269078350794165, 0.238922963266071, 
0.246427704553589, 0.235332205334951, 0.239392984690108, 0.234324272505131, 
0.246828798437089, 0.239687184531475, 0.243539317197467, 0.227699967164062, 
0.241154821394525, 0.23973136921027, 0.228925770112963, 0.251774779915715, 
0.231250166731156, 0.243492175748593, 0.239986668157831, 0.255359712345568, 
0.253183890237188, 0.228004847591896, 0.243256387459728, 0.23417397847926, 
0.235066605008533, 0.2465351949551, 0.235144250630867, 0.245044621473958, 
0.234634625141429, 0.245163339679279, 0.238024257109343, 0.22958617701412, 
0.230895694384132, 0.240784218246217, 0.253943516233446, 0.249836351020093, 
0.248883920328203, 0.229430170071536, 0.24625253703354, 0.2546153095185, 
0.241491587066803, 0.226872243398807, 0.236935273307928, 0.264503868639908, 
0.256399742945392, 0.262715374344103, 0.236214044645553, 0.239086930655, 
0.238452052559425, 0.237473031096539, 0.250730311850118, 0.241103146034093, 
0.242234849503019, 0.236235656905804, 0.253794361799679, 0.238388684315984, 
0.253199774849225, 0.242653295007476, 0.252863183000866, 0.252655433798215, 
0.232513854768977, 0.24030212376866, 0.254421529662914, 0.251763728224063, 
0.233816888574405, 0.25007554299472, 0.255624970443574, 0.243349882775995, 
0.235687371826105, 0.251930764662603, 0.260957841378155, 0.247584584368333, 
0.227428134160925, 0.250649784678035, 0.240083412334906, 0.248680962051991, 
0.239878161459422, 0.250533002636413, 0.247505184687863, 0.264348595288438, 
0.248389422384879, 0.249320036064172, 0.251932808086223, 0.245697440593085, 
0.236201915488309, 0.247720970246489, 0.239381666773459, 0.247697256330168, 
0.24780791728398, 0.261129065835973, 0.247879021259786, 0.254066360190148, 
0.260542939262788, 0.246327107919471, 0.236490885651849, 0.242904537784857, 
0.242741684138094, 0.248611446954362, 0.240747116667783, 0.235933895522208, 
0.243677179312007, 0.237942423064363, 0.26368435610182, 0.234869698298754, 
0.247350133710485, 0.24055969256, 0.237933071730937, 0.237258050525651, 
0.263731829740297, 0.238696960563208, 0.244466795027711, 0.232888990416583, 
0.245692153101498, 0.247863415554331, 0.237116413848628, 0.239747717935943, 
0.245590609710762, 0.235833639799313, 0.24679979005001, 0.240913787618059, 
0.259336034031773, 0.234770894945837, 0.240321521800991, 0.250038844690605, 
0.240687286695067, 0.239664298002145, 0.234837000416696, 0.252993520645806, 
0.233579729762274, 0.238078985658133, 0.249170082577687, 0.242291090565549, 
0.246301825925597, 0.239418486785391, 0.255262096941224, 0.250669163582423, 
0.255010729090622, 0.223264227542375), dim = c(100L, 3L)), variance = structure(c(0.0183219256630131, 
0.0140735073399355, 0.0206721991597893, 0.115408556277945, 0.0217690787429464, 
0.0255788116512641, 0.0498282988405241, 0.016019496112364, 0.0300771127721788, 
0.0268402909526971, 0.0695979866802497, 0.0173337622806965, 0.0189745306653239, 
0.0169688442754893, 0.0168044120969494, 0.0402165717356426, 0.0207690326447639, 
0.0991594505743809, 0.0178843909842959, 0.021768235859683, 0.134886027800331, 
0.0294083704870883, 0.0160048161046413, 0.0224724618408014, 0.0173215109424673, 
0.0177453365560796, 0.061749149222727, 0.0191736437438527, 0.021141374558832, 
0.017293445866985, 0.0173610342840673, 0.0197104209014118, 0.029550858324334, 
0.0211710735964689, 0.0400148273454336, 0.0197390918909193, 0.0199292966045474, 
0.0206538023417272, 0.0605048095028449, 0.0174246348786869, 0.0222332549735904, 
0.019490047683588, 0.0181966612537643, 0.0210102158582756, 0.0183817527070453, 
0.0177447617350719, 0.0583510615245676, 0.0195834676404505, 0.0197040844390742, 
0.0235567412667453, 0.0176389223982089, 0.0204113672200199, 0.0135307937602738, 
0.0290745561931825, 0.0250772928082978, 0.0253311937118148, 0.0226800130084068, 
0.0201830483075509, 0.0201577996548106, 0.0198741888092587, 0.0264964017602831, 
0.0215080934315647, 0.0146137656335741, 0.0189155563903823, 0.0234858077901852, 
0.0264453111263082, 0.0232407322305005, 0.0195234657625976, 0.0218136261031744, 
0.0204165679304968, 0.0161034354202966, 0.025608946475174, 0.0189390503521771, 
0.0186561822713952, 0.0134416764488799, 0.0380785328346534, 0.0220037090985005, 
0.0195582704435867, 0.0211773345514272, 0.0671289298229397, 0.015133093535711, 
0.0175713023277913, 0.0211859448250497, 0.0229923089492705, 0.0265052138113937, 
0.0210452244537417, 0.0206681245588216, 0.0175555914478067, 0.0413108723026182, 
0.0227738032825308, 0.0177687662321388, 0.0355756900340704, 0.0182043474001159, 
0.047069938321857, 0.0191745072506468, 0.02084310820933, 0.0220533310513736, 
0.0201181030184228, 0.0193278253372712, 0.0180654832512357, 0.00677342164512847, 
0.0085493747484428, 0.0071456740797995, 0.012479384471233, 0.00677774367183128, 
0.00789108825300008, 0.00950775474720211, 0.00584518773592069, 
0.0111801650491607, 0.00796074384509929, 0.00982240984673802, 
0.00605947475982885, 0.00585081000377285, 0.00854550912635804, 
0.00743932779980183, 0.00901601030611332, 0.00888141008273355, 
0.0101063460303874, 0.00864081172530078, 0.00843989041846801, 
0.0120493522966212, 0.00912152815352439, 0.00590197825545969, 
0.00878063714000732, 0.00628657224676506, 0.00856695723395661, 
0.0095695013610348, 0.00906975124223286, 0.00730932021868728, 
0.00810283301322102, 0.00759235618093752, 0.00819813583176568, 
0.00918390369128959, 0.00662571279225854, 0.0131642428546954, 
0.00713642577196905, 0.007006164369277, 0.00871426870505178, 
0.0133252606150352, 0.00829130485429614, 0.00943113439678634, 
0.00708611890466034, 0.00668643258439325, 0.00745622923532404, 
0.00717900836209517, 0.00557507896363671, 0.00959667002819021, 
0.0072200465528216, 0.00758031529312157, 0.0107981653110958, 
0.00761134373929631, 0.00708349179295914, 0.00775426411412527, 
0.00954833368363744, 0.00932317850835746, 0.00902747646776604, 
0.00887611255372768, 0.00911422724647737, 0.00663496013269472, 
0.00902670655262802, 0.0071837774794617, 0.00875179225438093, 
0.00734586343416116, 0.00692665260459297, 0.0104527147361955, 
0.00961077026390064, 0.00940307172129164, 0.00580786900178938, 
0.00685473966623045, 0.00611896885052922, 0.00763579001350623, 
0.0120852371539978, 0.00819262273565274, 0.00908763743619204, 
0.00698260475452082, 0.0125925943205865, 0.0088007134973558, 
0.00708401869341994, 0.00780281536756866, 0.0118310044793204, 
0.00807471754175778, 0.00715928899716873, 0.0089803981554231, 
0.00907747741139227, 0.0120522491843911, 0.00851523103973592, 
0.00927804668965598, 0.00642891467146532, 0.00948149623853426, 
0.00823749713615306, 0.00610131769972282, 0.0105605411034559, 
0.00780421614231363, 0.0129225852366567, 0.00624891275995963, 
0.00758046871671644, 0.00955396379590207, 0.00810574767002567, 
0.00592195078909161, 0.0079045587972544, 0.00657684750027775, 
0.008279634131522, 0.00881545349992283, 0.0103362878523095, 0.00716511936512359, 
0.00812946711282205, 0.00964844195460073, 0.00885888111679493, 
0.0103185923477641, 0.00922208455640101, 0.00841400376012211, 
0.00690873903457387, 0.00780727860583714, 0.0080266222591713, 
0.0078295565076467, 0.00709037024987297, 0.00824609958507825, 
0.00988338542115189, 0.00800130037968388, 0.00841506687465383, 
0.0100800872698029, 0.00809596940799824, 0.00896391787438612, 
0.0092070140821922, 0.00600988019158533, 0.00799624221302313, 
0.00977864018250705, 0.00873290911617507, 0.00759957064574189, 
0.00732485732741288, 0.00853363318320364, 0.00736757865962272, 
0.00729054805038303, 0.007260704828435, 0.0101538144740953, 0.00911941378873901, 
0.00816273796004852, 0.00882610826219935, 0.0114231220524536, 
0.00804117743811192, 0.00829375802879064, 0.00919366871552054, 
0.00705069479453648, 0.00889369303448155, 0.00790745768533078, 
0.00723013263073525, 0.00951590155289135, 0.00752032740098662, 
0.00792181506894539, 0.00908498783265218, 0.00833979082790586, 
0.00785416785119087, 0.00855176728457841, 0.00815999230858931, 
0.00926756199234802, 0.00927990566691461, 0.00771389383709178, 
0.00749628346608584, 0.00802257679593245, 0.00879076872338072, 
0.00732708119823847, 0.00715170046457993, 0.00820476989799137, 
0.00623346040316282, 0.00937386289651802, 0.00824085771978007, 
0.00763909153766413, 0.006740142432261, 0.00851922589745859, 
0.00656813178148234, 0.00700543828362928, 0.00891512269381061, 
0.00698814601810469, 0.00815402581248105, 0.00839384742276175, 
0.00957899066504123, 0.008250559416433, 0.00672043331956051, 
0.00842101712709408, 0.0094139120192064, 0.00873618914396154, 
0.0075599193305567, 0.00799399334923333, 0.0078485271919901, 
0.00934066644822468, 0.00883229395491684, 0.0081375070968366, 
0.00786198421724358, 0.00782741829972838, 0.00836146593699632, 
0.00626024271637741, 0.00939590370392545, 0.00756853945632409, 
0.00999371693854273, 0.00676562158897451, 0.00828464933780681, 
0.00819392711170576, 0.0074677424099746, 0.00649085227559795, 
0.00807382600563836), dim = c(100L, 3L)), MSE = structure(c(0.115328969897421, 
0.0153141574600849, 0.211739398470644, 0.116579408273157, 0.126453341102703, 
0.807136071429807, 0.174118450363633, 0.231796075756665, 0.0683889246020462, 
0.764175175015356, 0.15748831572766, 0.073406534166671, 0.556910025175979, 
0.10673919387693, 0.0291174758350781, 0.0601047238732556, 0.0455611208374258, 
0.118260394396168, 0.091875542303743, 0.0304277982879315, 0.215060371334002, 
0.501726273664282, 0.0251441670539626, 0.0312326510521032, 0.0204521598876396, 
0.163406378454241, 0.0611327397144446, 0.0196221335965974, 0.136773582920268, 
0.0415061796361096, 0.0188574661091875, 0.103572899149129, 0.123015316757774, 
0.592971085289528, 0.0588152216556731, 0.605169375475376, 0.0486312524803906, 
0.0785543290672449, 0.170921482327571, 0.0172901188882938, 0.938046422964984, 
0.371054800440092, 0.702371263355422, 0.0679969483962612, 0.340282681418373, 
0.172703855447222, 1.1620448915073, 0.0193981720670195, 0.44990012736065, 
0.711152356658496, 0.069405691250955, 0.0213815965773574, 0.0331595049848688, 
0.230238988086571, 0.533564547702255, 0.317544719381522, 0.288522553008552, 
0.106731805572139, 0.472912792451909, 0.883958194185012, 0.0709027582492929, 
0.0313755683238445, 0.326781211252417, 0.20967953671744, 0.122592866198638, 
1.27332736936112, 0.0331427220153148, 0.519661776496453, 0.027725485123149, 
0.0292092433339204, 1.34767103590422, 0.0283123134630646, 0.0760104451488016, 
0.018904435731868, 0.0323239047316432, 0.0380119956404896, 0.172925887576425, 
1.0732169600265, 0.273752653890484, 0.439822889359143, 0.380819656578963, 
0.263043779099239, 0.0384048511776069, 0.53363412443659, 0.0885572447760398, 
0.0286711379556823, 0.555884348730043, 0.168373859761292, 0.0776218709902667, 
0.221223137047578, 0.0265626475418537, 0.0887975347586332, 0.154149579403206, 
0.210072325820787, 0.375580931491829, 0.311816240241103, 0.553388426967506, 
0.272470066678973, 0.0616018454334483, 0.0568819577170213, 0.141747003972731, 
0.0329587576529617, 0.234320462578548, 0.0219851785564104, 0.150592156488686, 
0.666541316613945, 0.0791529081946811, 0.208571328111007, 0.0332517181616967, 
0.584324948911161, 0.174128040913195, 0.0935560018577722, 0.44679165798183, 
0.0801713948521038, 0.036375824999864, 0.0945589443778903, 0.00927055827778168, 
0.0757153557186189, 0.0950737494343407, 0.00847092853509414, 
0.205000710731077, 0.515592126331869, 0.0177963329014412, 0.00933376299926928, 
0.0191326949578134, 0.163148611503319, 0.0260581350762117, 0.0285430335339566, 
0.173096006002285, 0.0499855338585704, 0.00762773864097651, 0.147965649399057, 
0.0458248595502478, 0.670703511462122, 0.0166699120189354, 0.464714712795038, 
0.0189719638987084, 0.0939929546041674, 0.205502059192604, 0.00975121721499313, 
0.790769811163223, 0.462549995528444, 0.802256293709286, 0.0647895453691024, 
0.277381054375249, 0.167644284650709, 1.02426928081184, 0.0071582877826662, 
0.52584323383895, 0.63878355067873, 0.0513325878758052, 0.00737474692154972, 
0.0132834514132188, 0.150058305295637, 0.622805028712645, 0.213663837549129, 
0.258784976124391, 0.140643185022396, 0.562337931764345, 1.15204829104561, 
0.0255519920987331, 0.0441160240391891, 0.289865988096641, 0.152700461736675, 
0.101636792292591, 1.54424236386797, 0.0374636133993807, 0.597610374899776, 
0.030237963471406, 0.00716527837928908, 1.21921599214396, 0.0130568840833149, 
0.0350791953952164, 0.0175421880929106, 0.0277303153119214, 0.0277448195100466, 
0.180348804779688, 0.981673333437712, 0.361149011101866, 0.212078930923459, 
0.271792236629304, 0.193080516483739, 0.0107847306630881, 0.518331944824845, 
0.0782876181051624, 0.0237777410533934, 0.742212657625611, 0.213626156230901, 
0.0948704869299573, 0.245133591701675, 0.0290699403608026, 0.0568498256688873, 
0.20275165251911, 0.100195336241212, 0.446270712291939, 0.223923879000967, 
0.556245431076276, 0.323281573458455, 0.0269665427575073, 0.0202221997884144, 
0.151460195190493, 0.0313880049240837, 0.246782646094153, 0.0204225874965372, 
0.162389367553859, 0.64377487289675, 0.0718006311768996, 0.205849218126478, 
0.034123745705363, 0.558000247254091, 0.180823631557251, 0.104413612698097, 
0.431874085016546, 0.0839181892591162, 0.0427614218406264, 0.0922711346043174, 
0.00843884382528164, 0.0826996666327677, 0.0896940943937329, 
0.00853401982875928, 0.206091884331534, 0.502668797760472, 0.0222166215934462, 
0.0100727445320156, 0.0218376325997449, 0.155981511319367, 0.0303624031915458, 
0.0289613745834582, 0.18557153713139, 0.0537905469174635, 0.00846196908576152, 
0.15322064635301, 0.0441260799760542, 0.69673230786774, 0.0137985175794542, 
0.465974715617618, 0.019988270978346, 0.101576860521887, 0.200266561112769, 
0.0103227311444608, 0.782222614886442, 0.464774654479814, 0.831601908459685, 
0.0710703727095872, 0.277868649528737, 0.173857369330352, 1.02594834413895, 
0.00744710449608971, 0.548907508361217, 0.628220836039451, 0.0496248763852949, 
0.00810071106221524, 0.0150370924839134, 0.15319096860951, 0.64197924601446, 
0.209947853706757, 0.2477042809303, 0.140627702226502, 0.58557648762882, 
1.15400283546064, 0.0227242386821502, 0.045474450934869, 0.280917596447425, 
0.145421077176437, 0.0971622751602457, 1.5336120078406, 0.035435996090924, 
0.618874103440735, 0.0385153485821516, 0.0070361069002097, 1.19460506183814, 
0.0101018228942071, 0.031993420326737, 0.0157799514218942, 0.0318607284721097, 
0.0248212743586657, 0.18254115979761, 0.968170935721408, 0.364535389108744, 
0.207823810397206, 0.277055313126412, 0.179917968389269, 0.00963822324851283, 
0.530375416935742, 0.077801833286449, 0.0260461429985441, 0.751038356656574, 
0.23247136764081, 0.0984491569717518, 0.257819073252151, 0.0337054233631267, 
0.0534493211265596, 0.212813501447327, 0.0969259240172399, 0.466895720462563, 
0.222897668954898, 0.55687185717085, 0.325762586875814, 0.0239167918163305, 
0.0194292852462394), dim = c(100L, 3L)), Time_all = c(elapsed = 4.52599999999984, 
elapsed = 3.16899999999805, elapsed = 3.2809999999663))
