list(MSE_matrix = structure(c(0.251472714454523, 0.261854067549701, 
0.248425467620015, 0.246910183389154, 0.259410197650622, 0.228908840770663, 
0.24341565207389, 0.223583264922308, 0.258327743450053, 0.2682669265786, 
0.244527614487331, 0.256650058826704, 0.272313792820599, 0.249333811437222, 
0.249762664711773, 0.263550207969425, 0.311531154741049, 0.229336961898032, 
0.262097013411835, 0.247630140506958, 0.2609688228828, 0.266286083841733, 
0.233255609606384, 0.233311968577504, 0.239200878640266, 0.285875948545944, 
0.265959046044918, 0.269049944849563, 0.25269767175198, 0.242272208473999, 
0.237707050515245, 0.250251221982697, 0.247231026580804, 0.246785538738532, 
0.282789451377472, 0.275589124893693, 0.288973656079854, 0.27976797189783, 
0.281127248933094, 0.259044133446152, 0.230493464101892, 0.241723327691598, 
0.254336463843555, 0.273323273159598, 0.240618307697649, 0.298037950531947, 
0.238713714055419, 0.260715127646096, 0.248333169428357, 0.248445968821121, 
0.25493178346226, 0.2467889098798, 0.229042788663592, 0.244364290834947, 
0.243173538303443, 0.22771542135377, 0.267139047490456, 0.254523800581614, 
0.264192618301226, 0.262934672647819, 0.302062449954685, 0.244636230028845, 
0.240455258167068, 0.263034455776301, 0.247915852320923, 0.259357209287712, 
0.24600387281386, 0.257702165032387, 0.254539890908808, 0.252417436344239, 
0.246881644917421, 0.292122365345579, 0.244585120189438, 0.236573032673066, 
0.243367794968923, 0.24908311072238, 0.243042241929815, 0.236300770625223, 
0.246934279242043, 0.260025657304061, 0.271330855423549, 0.236132419159343, 
0.236345105649529, 0.253411188480231, 0.261004232597395, 0.249625551775546, 
0.268080576860911, 0.23147868446241, 0.256249576294046, 0.245707505540996, 
0.229719072475759, 0.235211693122621, 0.239489581784104, 0.262766878633828, 
0.240576716715511, 0.249426526866094, 0.225137036568067, 0.258775191841957, 
0.241561552874532, 0.239561005413834, 0.247240895930999, 0.241619034722024, 
0.237387104172982, 0.251501741120531, 0.245855297066881, 0.241981487631243, 
0.247612010236149, 0.232960341073206, 0.250058678679088, 0.24532145274881, 
0.247104723471749, 0.252431804548303, 0.264791323483883, 0.250222240125661, 
0.24250420154755, 0.251972066695319, 0.264462115968615, 0.249024306676855, 
0.252798717049314, 0.251155196931996, 0.226749093202162, 0.23768859990179, 
0.243453730719271, 0.246204555990145, 0.253264075236346, 0.244400751107746, 
0.265907046046273, 0.25670546971841, 0.241907761526141, 0.240245721373362, 
0.235462980833776, 0.227034503171519, 0.249061430564248, 0.233490972205448, 
0.245993621189144, 0.247449317288798, 0.238203113647123, 0.297462258536077, 
0.244079355795768, 0.234796583463163, 0.246928272366222, 0.247159562774672, 
0.262824654297181, 0.259797220578068, 0.254560081160082, 0.276860003255006, 
0.260659242050215, 0.265966071335059, 0.261021430259375, 0.249010244763028, 
0.238815620264354, 0.234038520505652, 0.243443211914109, 0.245683420892064, 
0.238742591857158, 0.22932614666391, 0.245321359203536, 0.248024923517196, 
0.255959272629485, 0.242586626826608, 0.283252366331447, 0.246788617670124, 
0.25517091895605, 0.273870653698595, 0.240816559169945, 0.253022191382646, 
0.270951840463773, 0.246538071028078, 0.227445856340343, 0.230177210473935, 
0.268759209200592, 0.266696745377953, 0.256494201363743, 0.262124094310694, 
0.258267187832337, 0.259098628679804, 0.233046184986309, 0.265617004755077, 
0.25072054204537, 0.240015801837181, 0.25047464349028, 0.235208298827525, 
0.239397884975557, 0.24867372195267, 0.25563684438746, 0.246777468361537, 
0.247198580314723, 0.248791683884717, 0.270524828757854, 0.239491668025299, 
0.230999117702338, 0.240421049097513, 0.246586070648095, 0.255950467869618, 
0.242910021227509, 0.244658662160878, 0.247149785412726, 0.241156786030309, 
0.247611811304363, 0.229786124313445, 0.241978284812472, 0.255996993089151, 
0.230932241209188, 0.242479647765911, 0.258135309261999, 0.244817693265999, 
0.237003267475229, 0.235077464541214, 0.250321610719816, 0.244595147553944, 
0.246548206063576, 0.248104187190033, 0.252066577901845, 0.26999690786171, 
0.250695518437749, 0.25289513317669, 0.281231745576587, 0.264261977833503, 
0.249182227399545, 0.248569549185658, 0.26937161554244, 0.258202021723117, 
0.232703744878157, 0.248654473250531, 0.242955587389927, 0.236983935965447, 
0.263059845844711, 0.271347109940622, 0.251166110122329, 0.250538897595048, 
0.257643339819235, 0.243138756597041, 0.256563868130777, 0.24773019800315, 
0.261512914485417, 0.257633093978585, 0.247183227992821, 0.252290545401923, 
0.263177521650577, 0.240178177293627, 0.241155483000988, 0.241305244403894, 
0.25031902007729, 0.249380167437796, 0.251632874781571, 0.269238347667177, 
0.241520156194849, 0.267214167706494, 0.245778625615146, 0.252585797575856, 
0.251980781401273, 0.257892826695913, 0.243181311774039, 0.242121620257146, 
0.234187918553416, 0.223303399647594, 0.242164493571211, 0.248187808282423, 
0.252201113072054, 0.242817369135724, 0.28229490352143, 0.253192942487713, 
0.238943867076348, 0.246348600065197, 0.245081181712224, 0.246943635384421, 
0.251928818463432, 0.247316372484954, 0.232612740967998, 0.258064921846773, 
0.244246271241272, 0.25933759004486, 0.260216104423445, 0.243614602814108, 
0.232497122160151, 0.232936835670513, 0.223282394568048, 0.262089098907056, 
0.232705547771462, 0.247176938072313, 0.235616376289916, 0.226503661665594, 
0.229567147157681, 0.24604441904056, 0.262254998989775, 0.243207424534432, 
0.262785078766369, 0.243128211529264, 0.24900076096994, 0.232371204822637, 
0.230795137831561, 0.226733690163241, 0.252079490799807, 0.230961815111907, 
0.252377621811109, 0.245613631310141, 0.246694570620768, 0.249485655011955, 
0.236892216498717, 0.239875559840778), dim = c(100L, 3L)), variance = structure(c(0.0221159473122904, 
0.02355538024169, 0.0153222234842125, 0.0720266119856523, 0.0249463190986193, 
0.0233021586312699, 0.0440572853624246, 0.0173538435731364, 0.0295936173881049, 
0.0403121765427494, 0.0641687189755173, 0.02367125069074, 0.0170503122973944, 
0.0243418166378408, 0.0176990610414395, 0.0503534251626425, 0.0218551297010203, 
0.0907805427491055, 0.0239706709356589, 0.0211948044845495, 0.0912219950839205, 
0.0238888921897741, 0.0175472990464261, 0.0232847239307032, 0.0198852200057254, 
0.0239267655822637, 0.0774074422978511, 0.0186458983557262, 0.019428334506221, 
0.0208750922254769, 0.0236847397518637, 0.0283788652118852, 0.0374536130718432, 
0.0251661987506133, 0.0224452039144567, 0.0198591254445412, 0.0198628012123387, 
0.0283771821938514, 0.067346379475605, 0.0229350057436734, 0.0243787945103815, 
0.0210432137511446, 0.0175465035637208, 0.0156555860550587, 0.0236904115040293, 
0.02254554100924, 0.0555444112459661, 0.022684332297788, 0.023713788299591, 
0.0192656046153253, 0.0233405871011446, 0.0212459984063336, 0.0231121857872464, 
0.0222294052320172, 0.0380975846524806, 0.0262911839475259, 0.0219346415374166, 
0.0245005655771278, 0.0155413952955958, 0.0188743564337561, 0.0266885636087845, 
0.0235380996763251, 0.0241035382562823, 0.0203653321432807, 0.0207933437585149, 
0.0213101440181116, 0.0273227204153146, 0.0201494997458296, 0.0339474295714242, 
0.022752762079963, 0.0204301621952882, 0.0224491790221661, 0.021706483895624, 
0.0227201690687671, 0.0231806220253293, 0.0273698892998023, 0.0225145545747846, 
0.0209859019444097, 0.0199298115681008, 0.0721258942700937, 0.0215825266927747, 
0.0183293313311515, 0.024146555470243, 0.0220632528463587, 0.0187999612792772, 
0.0209565944970431, 0.0216887663197661, 0.0275636663265046, 0.038965476901962, 
0.0258867726252731, 0.0214809365789308, 0.0492892875284527, 0.0261646638810867, 
0.0269138097322444, 0.0186484386872993, 0.0201283166281321, 0.0200664689128033, 
0.022721297796218, 0.0206257912251046, 0.0224082510164282, 0.00977480382629833, 
0.0162834516716776, 0.013597369313897, 0.0120914959922505, 0.0101594201071361, 
0.010190957756237, 0.00959822721869467, 0.00980607062001782, 
0.0126449130738702, 0.0129058766533637, 0.0100618549621884, 0.00982193029643388, 
0.01036619577794, 0.0152788649386521, 0.00986267488303868, 0.0111097331443085, 
0.0138499632694395, 0.00985932065325655, 0.0149486391773548, 
0.0122443218476264, 0.0119582081817688, 0.0103929659622309, 0.0100533825380371, 
0.0103600235096933, 0.00838021266805139, 0.014884899828613, 0.0123871416573199, 
0.0148304377838324, 0.0102461695119468, 0.0116110361455092, 0.0138205151708707, 
0.0119042986141127, 0.0111934593326789, 0.0103285225527895, 0.0124308091272508, 
0.0121333637166922, 0.0102663211410698, 0.0107684623484497, 0.0129137445342816, 
0.0142319605149919, 0.0127248214031656, 0.0125018916214149, 0.0102390878076343, 
0.0139727089829371, 0.0130731205463287, 0.00915781367449116, 
0.009586549076143, 0.0118986902173687, 0.0104597707736267, 0.0129285334626201, 
0.0135319491379493, 0.0107049303491223, 0.0163940184276352, 0.0115455852307231, 
0.0110885838818621, 0.0100680104463297, 0.0120982172295553, 0.0117196915849729, 
0.0115453178065161, 0.0149220946940907, 0.0113429634691981, 0.00891911388239267, 
0.0151413693817384, 0.0085684922582508, 0.0127518482509415, 0.0126475692114141, 
0.011342419021447, 0.0101936141603374, 0.012503020989699, 0.0112697067429511, 
0.0110229685494029, 0.0126562927775683, 0.00892530408576465, 
0.0151616549825593, 0.0156716595287966, 0.0124070620510256, 0.0120854273293712, 
0.0100556181468265, 0.0113840936005953, 0.0123549733140296, 0.0162519873349388, 
0.0106402919712717, 0.0102363257360537, 0.0127454159898691, 0.0127384594644042, 
0.0119867634137591, 0.0138715325810976, 0.0113857587525129, 0.00962652453910548, 
0.0104832003862676, 0.00906967147996135, 0.0102819337597036, 
0.0115929470609251, 0.0123442526288001, 0.0104254954943665, 0.0109737333687485, 
0.0120650833172574, 0.00993067609074764, 0.0105469060067128, 
0.0134086892681885, 0.0114519185706352, 0.0154321334072779, 0.00984602289424933, 
0.0132292644100608, 0.0127206045707001, 0.0106303111128653, 0.0110061257539809, 
0.00886771629510664, 0.0122003139603011, 0.014448117947562, 0.0144218432086007, 
0.0123255052863751, 0.00888150824883743, 0.01589003800566, 0.00944713658282359, 
0.0123155377609714, 0.0105786294020824, 0.0112056562331845, 0.0158185962486091, 
0.0099542916181967, 0.0131369544017329, 0.0154421659314951, 0.00891291025491716, 
0.0109924403487525, 0.0106953266942115, 0.0156742180567811, 0.0141818993222798, 
0.0124887847725988, 0.010233829333787, 0.0125099196063779, 0.0122105432877393, 
0.0109580302414406, 0.0122422344938618, 0.0128025212358136, 0.0128425704167739, 
0.00935551427219353, 0.00954959183737836, 0.0148426161396875, 
0.0130822723962337, 0.0144236717574016, 0.0105268587359373, 0.0095546849022543, 
0.00899485274271054, 0.010227574255151, 0.0113211373722362, 0.010020974516222, 
0.0104831434396672, 0.011040866862669, 0.00989754651930976, 0.0115352204211354, 
0.0118888550824359, 0.0102354534170493, 0.0141396447483503, 0.0159784489149166, 
0.0146562649287261, 0.0108724824813925, 0.0144942792719138, 0.011706513710365, 
0.00852334773573453, 0.0124095396541358, 0.0113277713332737, 
0.0126210351454143, 0.0144048985079646, 0.0102987579594961, 0.0116676497472408, 
0.0160586017422901, 0.0121521476171666, 0.00937786001486151, 
0.0140311638099782, 0.011240449215655, 0.0115951706008334, 0.0120342834567096, 
0.0114249436623904, 0.0160912374635946, 0.0139359228590827, 0.0128086977930924, 
0.010392965237048, 0.0102664804931052, 0.00962684165188062, 0.0129131107871935, 
0.0134817224795059, 0.00883494853837617, 0.0118667188540638, 
0.0151439179157834, 0.0119201896399356, 0.0116883553910076, 0.010847387668795, 
0.0134349169368771, 0.0138781174513617, 0.0146992474719612, 0.0111153425362151, 
0.0136179941210678, 0.0103408481074626, 0.0130117154868245, 0.00910544410017964, 
0.00967270264084596, 0.0119478189889349, 0.0111085577029438, 
0.00991746631614339, 0.0111791775653762), dim = c(100L, 3L)), 
    MSE = structure(c(0.116939940620474, 0.023573923846844, 0.207192011962321, 
    0.0839461703531521, 0.125987023172948, 0.767290095047096, 
    0.147227171585281, 0.230870612856014, 0.0681848832065861, 
    0.76522203475646, 0.150078355731878, 0.0723516052410849, 
    0.549813428074007, 0.13458286274259, 0.0272621597782936, 
    0.0847513573638596, 0.0406946183340823, 0.122931030928148, 
    0.0812260990743331, 0.0296588283868347, 0.135933397963693, 
    0.478808771268576, 0.027299497085476, 0.0299123638180574, 
    0.022100810006529, 0.145265553256369, 0.078579239538177, 
    0.019020809679779, 0.146592574619047, 0.0491138256457822, 
    0.0240805516905644, 0.0993985669360415, 0.112427652658019, 
    0.585746652485186, 0.0528680199770949, 0.588001395994411, 
    0.0469023893719672, 0.0955677462365198, 0.174376830327005, 
    0.0241239401711562, 0.960508187938366, 0.386256038650095, 
    0.707410662485724, 0.0626323445914994, 0.323562271810258, 
    0.170067245238044, 1.10321479110174, 0.0225147363239051, 
    0.415920960792793, 0.6558081517923, 0.0718353596589599, 0.0218266757168588, 
    0.0491144672203617, 0.237702795324756, 0.594877037733411, 
    0.314295886376893, 0.267820356877453, 0.112770767373557, 
    0.465401311923977, 0.883666403188018, 0.0682101317416159, 
    0.0360647126346079, 0.29816016942843, 0.211755550215162, 
    0.106027002450015, 1.23570854650485, 0.0419994461444161, 
    0.521905262590677, 0.0373038607888639, 0.032347339427195, 
    1.33664636470527, 0.0266389455902649, 0.0724048373274398, 
    0.0243387703717696, 0.05116505924916, 0.0271874349162153, 
    0.162168502982815, 1.07850857164263, 0.275179837503661, 0.488350720859219, 
    0.403825747946152, 0.278400349830753, 0.034885593983229, 
    0.567065592223197, 0.097400795553325, 0.0256847229372174, 
    0.596887166174311, 0.165111428719541, 0.0777534719821998, 
    0.232806993104839, 0.0283689648931619, 0.079806571530341, 
    0.139558119910704, 0.22355977025037, 0.379722555842779, 0.309448566223705, 
    0.539363267771942, 0.287407830271387, 0.0617755208181314, 
    0.0496171655678572, 0.154081761721434, 0.0373479155191799, 
    0.249719432254541, 0.0252398088306329, 0.165202602094409, 
    0.632219701457138, 0.0666758695771246, 0.215238577979486, 
    0.0330160150700992, 0.568321802042767, 0.182880382818757, 
    0.103108566305055, 0.439231142719159, 0.0944376237381128, 
    0.0475743017458397, 0.0969518077863032, 0.0140654730610088, 
    0.0881941985072448, 0.0931492439977936, 0.0123071889926107, 
    0.220125397971272, 0.490948898396521, 0.0211410386285283, 
    0.011528136522761, 0.023168613340532, 0.158656405953321, 
    0.0326690479098041, 0.0343865409619343, 0.194841417966625, 
    0.0586919331573615, 0.0137914632000997, 0.158547337925719, 
    0.0476653892355273, 0.69737379402746, 0.0141135534988705, 
    0.456718196200932, 0.0213892742725433, 0.105940761819235, 
    0.216035287873623, 0.016609561937547, 0.799624262705735, 
    0.481624798957746, 0.844906127316126, 0.0753430914106388, 
    0.275706963200351, 0.172167513597057, 1.04398281040534, 0.0118308501790542, 
    0.560016371496496, 0.650923586814044, 0.0579136071792194, 
    0.0109069766625935, 0.0231901253718512, 0.165422892468328, 
    0.648690884192142, 0.205735482164598, 0.245340621440887, 
    0.144981204122445, 0.588179888259152, 1.15637701433544, 0.0254526068084231, 
    0.0477048667668254, 0.288256767915456, 0.149977811877149, 
    0.106560987284309, 1.50970749304847, 0.0392770340787997, 
    0.62239943061592, 0.0385625800641527, 0.0115960416485876, 
    1.19987334147129, 0.0127967547159875, 0.0337132762834037, 
    0.0211924983174211, 0.0389440878457296, 0.0329239801518404, 
    0.181325777572107, 0.979964733268188, 0.369665034485551, 
    0.194725266968608, 0.286787925991928, 0.179387239719156, 
    0.0115649819006079, 0.546554859265525, 0.072753527941935, 
    0.029267380281761, 0.747251621668523, 0.227087842632013, 
    0.101095171203854, 0.264420942499777, 0.035221005803355, 
    0.0528550888573361, 0.218846766144936, 0.0885343363031866, 
    0.47506797922204, 0.224175137046865, 0.5603401187547, 0.328678444266853, 
    0.0273286585705807, 0.0245636245979503, 0.147994528254186, 
    0.035774755646048, 0.244494500152256, 0.0258026785165183, 
    0.160099574004293, 0.646201135744254, 0.0729173037937699, 
    0.218304212303292, 0.0358202574771864, 0.58003820124585, 
    0.196021823939316, 0.103367812336341, 0.44456796866462, 0.0956557119466422, 
    0.0403406821048496, 0.0922052086812646, 0.0104731680886084, 
    0.0855028176319313, 0.0939124737507619, 0.0107471546841084, 
    0.219960227103334, 0.508248535974972, 0.0191832197265857, 
    0.0121398407485133, 0.0240312096569223, 0.159334788494781, 
    0.0324773647879344, 0.0320089266395491, 0.186660844725124, 
    0.0555772424631092, 0.0122761923024457, 0.14561879438556, 
    0.0524608787874007, 0.684899211614734, 0.0155722203375792, 
    0.439848249851958, 0.0181682794805661, 0.104541552437695, 
    0.209079786049911, 0.0166453583727989, 0.767232629908331, 
    0.492099990559453, 0.821146958785636, 0.0710721099420168, 
    0.26258149629782, 0.166058513334522, 1.04302413585671, 0.0112303561345351, 
    0.529129323789848, 0.623795602396838, 0.0587359173469638, 
    0.0101827764648297, 0.0217500311607304, 0.164970371562223, 
    0.639710502536238, 0.206750003357303, 0.255341367153751, 
    0.137684765597678, 0.574704845319326, 1.15297625029497, 0.0263877299591651, 
    0.0521762624677628, 0.28361394675561, 0.15678172345805, 0.0969442668842866, 
    1.52268937592828, 0.0375097706774236, 0.608658107586602, 
    0.0400623977490685, 0.0118120094107304, 1.22252136372192, 
    0.0129513029671519, 0.0370718131346324, 0.0221219075562104, 
    0.0389412105989839, 0.0305094859705094, 0.19139342233309, 
    0.998193802518582, 0.385710956489456, 0.200270956286951, 
    0.287888585408233, 0.190216821186578, 0.0134097295171074, 
    0.540167568549738, 0.0801439772442489, 0.0291158826157793, 
    0.776971318739904, 0.227604958184435, 0.109732232317194, 
    0.25881052253494, 0.0348915183342821, 0.058038274946097, 
    0.20179919113068, 0.0941736165669647, 0.460117764152437, 
    0.210215320328956, 0.567606403224682, 0.323190485509467, 
    0.0289473558204749, 0.0193963857550501), dim = c(100L, 3L
    )), Time_all = c(elapsed = 4.46099999999205, elapsed = 1.45600000000741, 
    elapsed = 1.55600000000777))
