list(MSE_matrix = structure(c(0.251472714454523, 0.252246172435837, 
0.257941146539601, 0.25464074204295, 0.290831258515946, 0.288171854060724, 
0.251060055331019, 0.247324864292587, 0.259097059556913, 0.256272880460619, 
0.304512131503672, 0.281232511913424, 0.249059930940657, 0.276952510548598, 
0.231998002198409, 0.259482587077639, 0.267859613148448, 0.280863390515403, 
0.313614741321319, 0.247000134329331, 0.267359564561608, 0.24479713189918, 
0.313735294006427, 0.228977984423571, 0.253134117218365, 0.254760991444952, 
0.221560817353243, 0.314369751721955, 0.237545580061246, 0.249663814650259, 
0.256143028347367, 0.233416408206598, 0.260421637988614, 0.245353095053183, 
0.245458048613804, 0.269596118028458, 0.250225866580917, 0.261018190884694, 
0.253431442698958, 0.243522128281124, 0.242437340931593, 0.249233951889221, 
0.24200076677781, 0.243578403541193, 0.255067855331037, 0.237171067280032, 
0.27192495767785, 0.244397082245891, 0.260807074396213, 0.260328622413744, 
0.269255681768958, 0.236037253808644, 0.247004586022444, 0.253242624730831, 
0.232430567476058, 0.260371410654402, 0.247726818558951, 0.234876079459858, 
0.254458138303327, 0.255187874382305, 0.239560730245851, 0.265407815870201, 
0.260922134849031, 0.273689728674333, 0.275406386607999, 0.238625670563707, 
0.262575133055536, 0.250517652496866, 0.297784078907871, 0.270294925946061, 
0.24129004521379, 0.23384140918689, 0.274202915393841, 0.269388574948649, 
0.239632294123206, 0.267604518372947, 0.286958038059247, 0.245631213526953, 
0.239687529476053, 0.256834794142831, 0.242400251820887, 0.299493023765617, 
0.246884170051373, 0.265696935376256, 0.261671637379713, 0.237055514086522, 
0.237015681986594, 0.266706461427866, 0.267287015224669, 0.250309121473541, 
0.229711949674789, 0.252283820064679, 0.242851795595817, 0.242477476198229, 
0.242658242798875, 0.246035202454066, 0.245732212570185, 0.25108950049808, 
0.268311325672445, 0.259433056680821, 0.244791769538359, 0.254059656114253, 
0.242769393841071, 0.247881960396559, 0.263128414710363, 0.236304114940625, 
0.242431519284333, 0.249005104353607, 0.238395080538385, 0.244295145596048, 
0.248714490016059, 0.253156957735798, 0.240388732901231, 0.253173470575174, 
0.223473772644285, 0.251012416471942, 0.252507686044005, 0.256643607175073, 
0.25775509563524, 0.230086842893976, 0.250046691691194, 0.224863955415076, 
0.242529593211238, 0.236138152856639, 0.236951447219841, 0.251221938509487, 
0.222640472415567, 0.242262436070006, 0.237851892331351, 0.248231245157133, 
0.248633851632013, 0.229226789731887, 0.249595658840932, 0.251260056703774, 
0.248208511335149, 0.256941065319421, 0.253212821004333, 0.240267503892669, 
0.239835714690799, 0.231890320104747, 0.237553537419383, 0.256903161317084, 
0.256820535166811, 0.238462681226666, 0.250754470740539, 0.236760402534641, 
0.241122850200843, 0.243241720563734, 0.238865126269836, 0.23282951008489, 
0.246006707166853, 0.237259297983854, 0.235024830866465, 0.250621559130879, 
0.226672822212239, 0.234900454293634, 0.241644143920453, 0.229162521857027, 
0.247120007492669, 0.246824760981742, 0.243749472226129, 0.275662127924388, 
0.243091646611654, 0.235095397354319, 0.262343868613, 0.24051738954891, 
0.247573389267935, 0.23579876437462, 0.24915800130118, 0.242077815234462, 
0.233337676020777, 0.231676241056261, 0.235485017841236, 0.247913649330827, 
0.228180966384315, 0.247046614883064, 0.288797782503407, 0.252888662970135, 
0.236264436194645, 0.245749970210202, 0.237908633248534, 0.282177709273503, 
0.237476324731468, 0.256064162219279, 0.261426035901509, 0.246813671556274, 
0.234015300741826, 0.252514925696687, 0.239809262121438, 0.244397135775052, 
0.227267394315631, 0.23419156749823, 0.233679501243477, 0.224609406160093, 
0.260730298287403, 0.234353084569222, 0.237440765769111, 0.238845250388446, 
0.262986207507095, 0.244144865133958, 0.23388203560849, 0.248958614211457, 
0.242462289838658, 0.242695720873597, 0.261610334317026, 0.239538585286923, 
0.248558874142951, 0.231981834818251, 0.235559841375122, 0.232991087217134, 
0.249417419722281, 0.233519263177846, 0.235727454370633, 0.262657386642781, 
0.237365524276083, 0.243788502008928, 0.247257286574044, 0.264365337523288, 
0.25656180899559, 0.230939667752032, 0.259467431875399, 0.249711007357874, 
0.249127924996122, 0.231130217875755, 0.232235730680878, 0.243264907347123, 
0.231181204568916, 0.256827225784464, 0.24036143975144, 0.250371512787477, 
0.235596075116271, 0.227388432273324, 0.234171882781079, 0.249665932178498, 
0.252024394990639, 0.230206727323932, 0.259261924655287, 0.234549426095082, 
0.243125267584419, 0.248140667964558, 0.237858865893803, 0.250767936904044, 
0.240567064824359, 0.240474344901035, 0.23732980729724, 0.232379692377892, 
0.249334251045799, 0.243559794938738, 0.243400246271949, 0.236253672389987, 
0.244560826038852, 0.225278768700798, 0.238439017514976, 0.242165408866938, 
0.224571887782535, 0.238573486658063, 0.240630747148854, 0.234274970996896, 
0.248339926942013, 0.243516706939663, 0.230007565815781, 0.249805012296484, 
0.23724460012313, 0.239864994600802, 0.266230189803201, 0.234815450703464, 
0.250147532454942, 0.249888375606585, 0.280900784360193, 0.23741698610129, 
0.223426143651334, 0.239089330847226, 0.256653146451402, 0.257554804321357, 
0.251941347769011, 0.24316597078715, 0.261464969320011, 0.239861976046938, 
0.237505794397189, 0.260246167892224, 0.231329634001213, 0.271356410282192, 
0.233682334605951, 0.268201105304871, 0.253684576576317, 0.247234090511769, 
0.239629245160505, 0.250821721918856, 0.234234613535222, 0.243326091977581, 
0.233630324069711, 0.240825809742747, 0.242346910891866, 0.234043909149704, 
0.250155993960615, 0.247618402935257, 0.233032666261139, 0.242793371485524, 
0.230170760287542, 0.241682146874276), dim = c(100L, 3L)), variance = structure(c(0.022015086536044, 
0.0166095934342109, 0.016205610985031, 0.113866605314074, 0.0278519893602802, 
0.0257376051670277, 0.0386909701591031, 0.0151683180140326, 0.0361577969919879, 
0.0307885518223236, 0.0555897383977638, 0.0260993735209894, 0.0144959513880066, 
0.0168579640825141, 0.0208316342188966, 0.0642950065853461, 0.0204043617702938, 
0.0843062096114494, 0.0170751232463856, 0.0214903467031992, 0.134825265302128, 
0.0213728755605374, 0.014855417939864, 0.0304979476772099, 0.0208240001006646, 
0.0170988626285757, 0.0472648587563496, 0.0168476392876679, 0.0247402327828193, 
0.0163370581354241, 0.0195630716678457, 0.0325316819743054, 0.0465272200182342, 
0.0284789957870373, 0.0347003382734457, 0.0143109776743092, 0.0245094905411355, 
0.0252786368017214, 0.0680980314338372, 0.0178415326439469, 0.0229790141798316, 
0.0138969540131469, 0.0208283489896539, 0.0159779547473951, 0.0213690841941663, 
0.0215683985045854, 0.0755825632860214, 0.0194657190607946, 0.0240896659726878, 
0.0245589258206139, 0.0197384646719895, 0.0252836901672758, 0.0133603764842595, 
0.0187472126744656, 0.0269202991085466, 0.0368863558711834, 0.017321881222972, 
0.0296312261102789, 0.0168196334319582, 0.0161908346181671, 0.0282397661787051, 
0.0204530543472633, 0.0161854200109893, 0.0167858350688833, 0.0262025301585342, 
0.0182846927773758, 0.0309726692061256, 0.0158009678679992, 0.0275861439243027, 
0.0223322832310119, 0.0162056186089359, 0.0248434087867746, 0.0173223826507982, 
0.0179232340453131, 0.0130602446702459, 0.0399752384441502, 0.023665102089883, 
0.0160995632239488, 0.0222707649112001, 0.0849794187221696, 0.0138876096260366, 
0.0186769349969552, 0.0205039803891064, 0.0172186579630532, 0.0236195508637589, 
0.0224865907534148, 0.0222012708080736, 0.0258429797551805, 0.0332755655756107, 
0.0266961405153529, 0.0237716072120779, 0.0353226629353523, 0.0250139377102686, 
0.0445960905168848, 0.0184752303387042, 0.0237131358653563, 0.0193649711750971, 
0.0168424306571593, 0.0184917473747691, 0.0220806357118649, 0.0130856013867737, 
0.0127706169011182, 0.0105616403651899, 0.0221250419634211, 0.0139719704605667, 
0.0138830182967019, 0.0156191454052644, 0.00832118581539279, 
0.0156083625836955, 0.0167479563445378, 0.0191974477171315, 0.0139274513083408, 
0.00957010466000758, 0.0117048453443657, 0.0109899251363206, 
0.0199005635412264, 0.0142035419634133, 0.0169053809497561, 0.0115247685002343, 
0.0130300127009895, 0.0234935006649892, 0.0141853041493582, 0.00830567355282163, 
0.0154071507561419, 0.0131633306512266, 0.0114073521385933, 0.0196478504330332, 
0.0132419994325599, 0.0128763307813331, 0.0117931122766625, 0.0105959998758981, 
0.0138222481850682, 0.0182753887889537, 0.0141241172506345, 0.0174171166614731, 
0.00955240026519986, 0.0117259015557145, 0.0165841877051873, 
0.015879763319718, 0.0108125169985384, 0.0157746851232675, 0.00967261910913547, 
0.0104904966972045, 0.0108220085622343, 0.0146299520437374, 0.0104626013673942, 
0.0192382977471681, 0.014243694334953, 0.0118707356434322, 0.0153209546685893, 
0.0112720386644475, 0.0148025800720895, 0.0129446397409059, 0.0134109426172329, 
0.018046091409462, 0.0163777372484338, 0.0118778043876477, 0.0151996540192489, 
0.00953845294398122, 0.0131224021082989, 0.0143799720585743, 
0.0151721204434957, 0.0112823261584338, 0.0131877472166825, 0.0155101975751064, 
0.0132008470807243, 0.0164928504479865, 0.0101802418831588, 0.0159385957610512, 
0.0130166803877123, 0.0120724508602032, 0.0179209964703198, 0.0140738520892702, 
0.0123972934948223, 0.0122231259924163, 0.0206561951518754, 0.0168274397714007, 
0.0130617081828485, 0.0120389917785266, 0.0247653058930995, 0.0130507224772418, 
0.00954724963402683, 0.0145945104950903, 0.0117035933719604, 
0.0154349506992821, 0.0135487953841855, 0.0151682624885644, 0.0149377679896383, 
0.0173483144770639, 0.0155294630909806, 0.0132744043071095, 0.0201496377321074, 
0.0119657906027422, 0.019856586027243, 0.0104213113584055, 0.0124790831923705, 
0.0143527321071634, 0.0141215590039494, 0.0110839229697176, 0.0159597835923796, 
0.0111722916961467, 0.011226930466898, 0.010265762506449, 0.0197859295941486, 
0.0121494571422301, 0.0146442194411833, 0.0163815490747009, 0.0078881964318545, 
0.0159138342606317, 0.0147207604022543, 0.0178010989585087, 0.0116022086567822, 
0.0093142991895008, 0.0116211909935736, 0.0126684079549141, 0.0178082620683401, 
0.0117787282222497, 0.017465673911174, 0.011688778852263, 0.00982201803565055, 
0.0203915894276738, 0.0136147204575732, 0.00798786167767543, 
0.0156706057733457, 0.0109040701317844, 0.0116089989581524, 0.0160960668571603, 
0.0109653491370376, 0.0139092345802704, 0.010829884377097, 0.0105082958390732, 
0.0144871226183935, 0.0168811384279801, 0.0122488804800356, 0.0168393950380937, 
0.00947779779818154, 0.00887334068293059, 0.0147039596465899, 
0.0189966663649688, 0.011172118336876, 0.0106191961811111, 0.0097047906763457, 
0.0122663224703788, 0.01026668003947, 0.0102737435751369, 0.00883198638568616, 
0.0170364708386966, 0.00947684074165846, 0.0130616295308697, 
0.0147311240669217, 0.010345904424456, 0.0103405110072163, 0.010169180309754, 
0.013538020636425, 0.0153798937351825, 0.0160306849116954, 0.0118239142258279, 
0.0150614919321045, 0.0107567357577106, 0.0106883735648992, 0.0146172474943694, 
0.0136421207564716, 0.0107448417858288, 0.0103609100690727, 0.0147159778889208, 
0.013444132710762, 0.0156810135647407, 0.0105827766453146, 0.0130494668762652, 
0.0130563736377967, 0.0105250677393329, 0.0143163470568755, 0.0116359591639601, 
0.0121956662502648, 0.0101769077617137, 0.0172373824705534, 0.010849531201818, 
0.00951966009907506, 0.00925437141376725, 0.0202190481790486, 
0.0100070751058261, 0.011993537649777, 0.012006362181718, 0.0120170485607541, 
0.0150763933677348, 0.0140307768176082, 0.0126469590569313, 0.0123308915987855, 
0.0160959892981625, 0.0139966071222598, 0.0111443086818823, 0.0156951291512775, 
0.0134078200689001, 0.0176452363495274, 0.0117356831564343, 0.0091927682463703, 
0.0137189111128517, 0.0103473663711974, 0.0117422241573929, 0.0120150625040186
), dim = c(100L, 3L)), MSE = structure(c(0.117945337911, 0.0176618964103979, 
0.200664790449743, 0.122089465367905, 0.137492204917171, 0.821172450962021, 
0.15688707227897, 0.217865760771356, 0.0701066082510789, 0.713236517315524, 
0.177857769662157, 0.0817333902723374, 0.55163814886404, 0.118814200485384, 
0.030964291610266, 0.106502096211235, 0.0435592208445945, 0.111868505124435, 
0.0799236566234462, 0.0334324169945071, 0.183637287539402, 0.47479625476481, 
0.027058959353288, 0.0337896760178972, 0.0226321763651311, 0.146226279068558, 
0.0477743262575519, 0.0167390696910057, 0.131950308940982, 0.0431812158458461, 
0.0204191582294478, 0.126611240801713, 0.111424253614652, 0.612919184970116, 
0.0562645217169815, 0.60685696554053, 0.0587313603507297, 0.094366495404022, 
0.191184523375314, 0.0185154307758776, 0.979209310907275, 0.363330203218743, 
0.682883844284804, 0.0591105554788133, 0.308377506912135, 0.178230637021154, 
1.22851942744492, 0.0199560599403872, 0.44852054191941, 0.694697879029418, 
0.072578480293512, 0.0271759089973431, 0.0330608257719997, 0.229613875011284, 
0.569062120859446, 0.292028508991925, 0.264395658019461, 0.131803917237057, 
0.459827363799175, 0.910758151831012, 0.0794478639986564, 0.0355756523423271, 
0.303793420929565, 0.221209562862484, 0.120234277334961, 1.25615739312514, 
0.0489810821012206, 0.503269505881531, 0.0363595788708632, 0.0352877534966976, 
1.34760949683984, 0.0272926173297532, 0.0717053952163965, 0.0185725697522912, 
0.0355419672702054, 0.0395770323370041, 0.156669074738392, 1.11456517883766, 
0.258226332293547, 0.509182327934801, 0.370602668532693, 0.274135241980039, 
0.0329742589882875, 0.55762053920549, 0.0878243651192334, 0.02520970125321, 
0.574601999387592, 0.184297678844797, 0.0882788225615688, 0.243173241439088, 
0.0311075302933747, 0.0902707604596363, 0.165132848804787, 0.224832395158353, 
0.359465316524871, 0.334227260257416, 0.534487052846445, 0.264856814998085, 
0.0670439824461619, 0.0495876258102201, 0.132578465109715, 0.0237890943360225, 
0.23515356362179, 0.0257703081940399, 0.147995760539928, 0.761944754118469, 
0.115445224779439, 0.201149821078312, 0.0415582750404569, 0.592249795703298, 
0.160091740134635, 0.0835443988961547, 0.467270593227404, 0.104555782993175, 
0.0249970581462114, 0.0978998982458762, 0.0167070779028781, 0.060857553051916, 
0.078736414071402, 0.0133241189908209, 0.182578781479764, 0.479385818179344, 
0.0229907439081948, 0.0163800337699658, 0.0181138388380836, 0.141554576702792, 
0.0397112188636785, 0.021215995380539, 0.139139618684884, 0.0517365796491911, 
0.0105141289352845, 0.131666105153764, 0.0581216957429372, 0.654388033685974, 
0.0222010312581638, 0.500784587682909, 0.0285692873300796, 0.1122463437581, 
0.193742359023962, 0.0140345720524738, 0.849526833859275, 0.435460415945732, 
0.728419725229642, 0.0688554155997207, 0.275088558423305, 0.170593649732878, 
0.96210158289631, 0.0148173111600912, 0.460302831061932, 0.652010339063255, 
0.0556192955227557, 0.0155353431483042, 0.0254096709518617, 0.187517747032659, 
0.664456831427135, 0.27335696042775, 0.24540671473409, 0.139787498385526, 
0.533323426801852, 1.06541950777678, 0.0479934452568765, 0.0352852212558429, 
0.268108311091152, 0.195936221615414, 0.104949785040433, 1.41975415789203, 
0.0446193028171541, 0.561734764111392, 0.0335795245163136, 0.0179360111259273, 
1.25703221962628, 0.0183548971706486, 0.0589898556152223, 0.0139423160474857, 
0.0413085051550974, 0.0326749629011428, 0.171358958929988, 1.06165903845246, 
0.332556842941611, 0.252032617162197, 0.317854627839344, 0.232814903510253, 
0.0221245796471676, 0.556357455450946, 0.078373805213171, 0.016362260345083, 
0.706041660122366, 0.200411604310778, 0.0819486653137686, 0.264892863625043, 
0.0270292432867535, 0.0509603983982647, 0.175318283466137, 0.117482087879227, 
0.401756277407707, 0.252585787474034, 0.5388926727128, 0.282665134818016, 
0.0434891391557271, 0.02872372681545, 0.134147121467745, 0.022640956754672, 
0.236914917722374, 0.0231817330533039, 0.144891794799261, 0.747827721389153, 
0.111187315180095, 0.200446595218695, 0.040833815375452, 0.617707642462027, 
0.171975875867781, 0.0848650025227542, 0.46437703600317, 0.102778481829579, 
0.0289189620170281, 0.106066110145735, 0.0143456243395604, 0.0642766717206679, 
0.0804338442341561, 0.0102722330785621, 0.17856964051515, 0.4947792896265, 
0.0226534459445549, 0.01608445378233, 0.0183283124996188, 0.143802330380089, 
0.0294452345856011, 0.0183047694255322, 0.146170533136691, 0.0515001954517327, 
0.0104347513952786, 0.142305882539795, 0.0505458021499727, 0.649160873484324, 
0.0221841734702613, 0.50088051453716, 0.0274054941022624, 0.0987602447868952, 
0.194793768766444, 0.0141591415502778, 0.848873587903686, 0.43596308649059, 
0.741069657698919, 0.0696108401827293, 0.277493813668383, 0.175021961692415, 
0.987318690619, 0.00964121055633703, 0.477246289482836, 0.652158883815999, 
0.0541394398929729, 0.0118084232290821, 0.0226805815298829, 0.179407907745109, 
0.624653528217885, 0.261278258627225, 0.248385549710064, 0.149589710327894, 
0.538326786385625, 1.05466504584549, 0.0446295954917362, 0.0404788278439687, 
0.26988607108254, 0.177419017167473, 0.105693571075949, 1.44167699586935, 
0.0486833729613998, 0.570082486080385, 0.0297651175277201, 0.0166234182318593, 
1.24484456961093, 0.0149225998149203, 0.0478505618501697, 0.0140894097526586, 
0.038882063584348, 0.0286949608830587, 0.160870346965438, 1.02837270956762, 
0.325314328870009, 0.24768976092741, 0.316174014843431, 0.228915374257673, 
0.016505437749335, 0.551071665853636, 0.0791238006585042, 0.0174379675527589, 
0.703069300359355, 0.198207628444166, 0.0911684410042523, 0.248727630317117, 
0.027310491441814, 0.0559906020314093, 0.186905124347691, 0.117383233476079, 
0.410365949524652, 0.254658729912673, 0.523265967244801, 0.299004840525549, 
0.0416005882114191, 0.0259087561890283), dim = c(100L, 3L)), 
    Time_all = c(elapsed = 4.42899999999963, elapsed = 1.57900000000222, 
    elapsed = 1.62499999999864))
