list(MSE_matrix = structure(c(0.26554077870051, 0.242548789358494, 
0.34541323419115, 0.259535180302285, 0.272774617503192, 0.270427353246024, 
0.27505922036051, 0.249407277298479, 0.27976135910261, 0.3084420380236, 
0.282408815402312, 0.28676441214158, 0.343254875595225, 0.258837934871698, 
0.283038285029221, 0.260061677953156, 0.269069704149066, 0.260751194846109, 
0.266644421221861, 0.244543222464712, 0.280045252670949, 0.309066423514162, 
0.273727590420889, 0.263748830200055, 0.280802833170901, 0.247765562622563, 
0.253031327914906, 0.253916202090754, 0.308532990070804, 0.244269229164714, 
0.285706970826911, 0.306610623664491, 0.274357075405279, 0.262605559553515, 
0.314051762917023, 0.289537425565804, 0.240375038603045, 0.285915543625914, 
0.310730733509441, 0.271703721105887, 0.24212688423, 0.305028292011169, 
0.324958287346421, 0.258221239249648, 0.300303897299848, 0.272416698431529, 
0.294065392940816, 0.274040996348963, 0.291400829673426, 0.29974926861376, 
0.284870635829555, 0.268375650323394, 0.299229124250988, 0.240471905224311, 
0.264802287852696, 0.292258039266512, 0.243708797869267, 0.274168796821271, 
0.284620444178365, 0.250087159475291, 0.262154382194365, 0.265129376879058, 
0.289017737604514, 0.242698689856959, 0.24989808196377, 0.316183398506728, 
0.267887192047211, 0.305169340092538, 0.289371471621876, 0.274263365201111, 
0.250790695077304, 0.281887339378358, 0.242818394161256, 0.26293218620093, 
0.278385470417691, 0.268283783297808, 0.264327986769735, 0.244163484661195, 
0.281327135346252, 0.317539025163846, 0.260528031968025, 0.270854895650627, 
0.242172051141663, 0.291705302931375, 0.260284934005021, 0.285006067399677, 
0.279961106491155, 0.348794142950719, 0.259386355652613, 0.288072705026909, 
0.255486221833208, 0.251912783543573, 0.305620364216631, 0.249414003520192, 
0.247355610125233, 0.293992115364898, 0.275078036914322, 0.274815416957704, 
0.249017840415733, 0.245348724293579, 0.246639986484586, 0.220818789178218, 
0.259743833350248, 0.246470124980885, 0.258200223181344, 0.263585259912841, 
0.283389205154018, 0.257620097780971, 0.295568444102523, 0.309066907758632, 
0.265554114331849, 0.252070519354006, 0.284920418060296, 0.254439911539857, 
0.230818977281958, 0.251328651444376, 0.269020072070465, 0.242178347574958, 
0.269112089789284, 0.286438192789205, 0.280084919825233, 0.265615098309984, 
0.283499828146693, 0.25335848795094, 0.244994952305089, 0.252816459394108, 
0.240706513865448, 0.230088137141374, 0.288861213287172, 0.23418254117595, 
0.23983918833057, 0.248369847621032, 0.258164343794388, 0.238361726150088, 
0.24723744981972, 0.263325033535154, 0.236231225006224, 0.272610960566224, 
0.244939166316078, 0.265378065418468, 0.235663021499811, 0.258209366603214, 
0.256799982184444, 0.251994246677781, 0.281142000303968, 0.272191952433687, 
0.278695914908363, 0.26023545733605, 0.24306992563516, 0.259441047602604, 
0.271763396766275, 0.259742627169581, 0.269231277035928, 0.240837449452038, 
0.279173301424742, 0.245062674635639, 0.230318605525481, 0.23560474237668, 
0.244692177456004, 0.257069932758745, 0.235417442362125, 0.241690683552293, 
0.260980500272147, 0.246940217314344, 0.258078219918721, 0.270011443048315, 
0.248996911283403, 0.268327672188298, 0.253888075932747, 0.251428012364959, 
0.236562707583202, 0.247268702232407, 0.233643745160238, 0.250725984399452, 
0.251922340327289, 0.246227832896292, 0.249330325771618, 0.243231425764374, 
0.265514441302067, 0.267613681512328, 0.23988448666655, 0.246722745569935, 
0.257308866881293, 0.252557801615676, 0.247031796935109, 0.234503374255452, 
0.27284280650186, 0.309901113372641, 0.244392855548076, 0.251341082250247, 
0.252101972636787, 0.25162449736238, 0.250417256841748, 0.25445102123478, 
0.247812394116756, 0.279324822759214, 0.247683848323457, 0.254412136211314, 
0.240347328785248, 0.258040245733543, 0.26350603174241, 0.224454622200659, 
0.252200656375173, 0.242222172265288, 0.252318989063193, 0.259420181012949, 
0.264412002784327, 0.260586232588608, 0.266241773637923, 0.262556020889401, 
0.259341066860578, 0.238847928461127, 0.28936508685121, 0.256998656994826, 
0.242746087758596, 0.253930427674327, 0.253142824989025, 0.230015976027487, 
0.250012016515477, 0.263954583880171, 0.263507883525009, 0.294620972697601, 
0.252978440598113, 0.237107010013745, 0.252540308143053, 0.240794131972238, 
0.255166987275408, 0.2405905281016, 0.258430169840112, 0.24612895160627, 
0.265223812045335, 0.247618815930785, 0.247428781246948, 0.246699447974869, 
0.286030890833787, 0.283327076313189, 0.238006385482409, 0.262554670959369, 
0.237777075445827, 0.268378335715634, 0.233967311902164, 0.253663570948774, 
0.258957201651694, 0.266320445567816, 0.269379358731095, 0.299904401005648, 
0.26204119888677, 0.253058710502193, 0.246478722254835, 0.250632050833524, 
0.245209835054559, 0.293300635899898, 0.254575448998566, 0.269176424319396, 
0.242953128021645, 0.246256771569208, 0.241651894566356, 0.25275773139783, 
0.258036506718607, 0.241938145847075, 0.24077945678281, 0.248476208492049, 
0.280281430854451, 0.233653279278275, 0.227958342211306, 0.245617402613714, 
0.250537028001811, 0.243352889454982, 0.241036475904171, 0.262092093246194, 
0.243105303434178, 0.237032584018233, 0.259840382188779, 0.252733779192389, 
0.259752292311745, 0.247731339806816, 0.249913161086217, 0.246796171789227, 
0.268417395567486, 0.270522527099273, 0.270117655955805, 0.244566099739896, 
0.258295911501718, 0.274174001341936, 0.24173455292111, 0.257689449677433, 
0.274783642310435, 0.286111804934304, 0.296786226442491, 0.250901452412485, 
0.230303936616794, 0.238689059374251, 0.250690667608781, 0.24323108982286, 
0.247144412232304, 0.269212613529972, 0.268065627594694, 0.232367184550126, 
0.248424351619903, 0.267435973260244), dim = c(100L, 3L)), variance = structure(c(0.0404821477412154, 
0.0431169578277663, 0.0314007877947792, 0.167743098157404, 0.0341904555022078, 
0.0534562423222981, 0.0902322970431613, 0.0398450577080492, 0.0497311494396111, 
0.0454430536032241, 0.0880273827595344, 0.0371348166250755, 0.030671517127263, 
0.0404480910867806, 0.0431095832801141, 0.104358705197358, 0.0459737936290407, 
0.145617720408118, 0.0398001910081548, 0.0425608837128393, 0.180631102703805, 
0.0284834274026053, 0.0399545280032018, 0.0442068257713291, 0.046740396520063, 
0.0394413622143112, 0.08865713852783, 0.0346212472670556, 0.0450148198868685, 
0.0364823317660247, 0.0355130477763156, 0.0467413021525566, 0.0795933196579231, 
0.0333396828335655, 0.079745935745729, 0.0471637715907536, 0.0416086654916704, 
0.0339487539490034, 0.112516064157452, 0.036746319026899, 0.0394185713184028, 
0.0466728144201024, 0.0386306500067621, 0.0321175472348738, 0.0419141145811872, 
0.0435558132669122, 0.101888388025774, 0.0419724639636799, 0.0461007843438778, 
0.0431966486568822, 0.0354234699484637, 0.0365413524978755, 0.0396149777538213, 
0.0312951039240508, 0.0504165054809425, 0.0506481049775103, 0.0358325549676728, 
0.0485586750710674, 0.031696847826884, 0.0336635220329352, 0.0547719386692892, 
0.0467528038067418, 0.0374506950898502, 0.047237109480431, 0.0410704001299638, 
0.0341910781460274, 0.056588842350625, 0.0366827596612832, 0.0399244434951547, 
0.044159380961638, 0.038061745472747, 0.046878690581121, 0.0433433282343571, 
0.0412862210500558, 0.0365204475276682, 0.0699041549506933, 0.0359124563347296, 
0.044057954291631, 0.0425180434652467, 0.108932683786508, 0.0387507126985604, 
0.0401219613170544, 0.0420049149072574, 0.0364110874818398, 0.0511506613785309, 
0.0392762066484844, 0.0449811766602267, 0.0343205194013124, 0.0639523089464526, 
0.0282499383545695, 0.0430445470686428, 0.075412803077887, 0.0418560690506114, 
0.0865390289016146, 0.0370252813907617, 0.0406446918575304, 0.0351768832380938, 
0.0418326604231566, 0.0388082716995594, 0.0413582003800802, 0.0256576550593207, 
0.0261969014741435, 0.0211343856094618, 0.036388342635192, 0.024321607598354, 
0.0235225801867638, 0.0271683938257404, 0.0240044820252681, 0.0255089125186878, 
0.0314018440737254, 0.0270274806080449, 0.0237765622406569, 0.0182355440218893, 
0.0267433107674283, 0.0253295120938149, 0.0315412963076166, 0.0243242809482425, 
0.02840503887598, 0.0269122492239321, 0.0245558390070829, 0.0366245332431694, 
0.0233134127454318, 0.0242092254629472, 0.0270242185622446, 0.0257246194281063, 
0.027094095312541, 0.0361834815231211, 0.0254809349960097, 0.0222028039893024, 
0.0282654440101754, 0.0283029790716719, 0.0301336684051099, 0.030387987060687, 
0.0243537013212871, 0.0308019004959355, 0.026712275705999, 0.026166809226819, 
0.0274545518336125, 0.0302342627851639, 0.028198530847615, 0.0230392567309866, 
0.0267282191672619, 0.0198863163128987, 0.0223597204953498, 0.0270586786615257, 
0.0250290886351062, 0.0360474519688524, 0.0285188558760237, 0.0289699401990183, 
0.0246855176587532, 0.028657016844648, 0.0262388755982272, 0.0260659749216994, 
0.0231337438256786, 0.0307195449827633, 0.0291568373914912, 0.0267222430655655, 
0.02901406683911, 0.0182890027405664, 0.0260141211563667, 0.0242231828436258, 
0.0283819119128887, 0.0261055494579167, 0.0285638351867458, 0.0245984971364054, 
0.0230063035624441, 0.0288256839307115, 0.019108776150241, 0.0278375929887958, 
0.0235606678403186, 0.0283507063444373, 0.0263512719255903, 0.029582792438922, 
0.0253256788240307, 0.024621368125592, 0.0307275467649393, 0.023515133674705, 
0.0296310162686297, 0.02541188818438, 0.032698988415874, 0.0263226521991393, 
0.0223805327006706, 0.0303235427570336, 0.0265923234090975, 0.026182351000955, 
0.0223417140923019, 0.0240546752503036, 0.0254890042203027, 0.0275709904591128, 
0.025340638052207, 0.0247021047209911, 0.033142420666051, 0.0291374348461833, 
0.0322299827599362, 0.0188477149756669, 0.0254832162267169, 0.0268770176922201, 
0.029956034074536, 0.0200953568487436, 0.024837996335684, 0.026034830793512, 
0.0203589783776919, 0.0175986134377014, 0.030521593683771, 0.0240218907363055, 
0.0300469273027595, 0.0301719081250777, 0.0191955922663053, 0.0279208691731214, 
0.0250498023097964, 0.0320475087450532, 0.0263553334915291, 0.0193411783593191, 
0.0212177433053148, 0.026266975644739, 0.0311514105694274, 0.0241415008170317, 
0.0317553859273228, 0.0215794759544609, 0.0221006603136674, 0.03021626701477, 
0.0221852491127276, 0.0193923588489071, 0.028585167035627, 0.030116843141567, 
0.0216861354701264, 0.0289944797853692, 0.0214969239444535, 0.028869232888272, 
0.0252033765111896, 0.0256738285918838, 0.02816823544946, 0.0295508684808356, 
0.0240505661536868, 0.0277319728478166, 0.0233180995532661, 0.020695310356294, 
0.0238764273762964, 0.030918028466801, 0.0230313449395144, 0.0218218444969679, 
0.0239598745872575, 0.0256602018057209, 0.0174314845023019, 0.0293934697665589, 
0.0210098223145443, 0.0316457212048207, 0.0308872254546485, 0.0273863855167468, 
0.0247023645698152, 0.0274652829288576, 0.0213397140197164, 0.018062972451053, 
0.0221263652845708, 0.025737303013767, 0.0289008693593988, 0.0230540852142263, 
0.0267332506649171, 0.0205570692804313, 0.0203328209700181, 0.0314269712688013, 
0.0338607601378791, 0.0204613256337599, 0.032566181800539, 0.0257011651962893, 
0.022150550253399, 0.0273722348567124, 0.0229639633240619, 0.0246542432995798, 
0.0283932473738941, 0.0265955898593459, 0.0235390846487655, 0.0342760335532501, 
0.0214643481931718, 0.0179693263517817, 0.0263087534288384, 0.021315343752596, 
0.0319193361503713, 0.0214779601493226, 0.027313209035141, 0.0180617927580079, 
0.025044028842094, 0.0345892672447439, 0.0226877438863449, 0.0248524014392949, 
0.0271111535610599, 0.0239807184974735, 0.0249571018631108, 0.0329619775932286, 
0.0229076532817041, 0.0276527386921863, 0.0274078471546664, 0.027601504060347, 
0.0278181386958248, 0.0248115375813327, 0.021052604190222, 0.0240405034768242, 
0.0335867024293213, 0.0254570298957627, 0.026339783397915), dim = c(100L, 
3L)), MSE = structure(c(0.128114669082092, 0.0457390047591096, 
0.230752311822557, 0.175583716470535, 0.128180382280106, 0.830634143720831, 
0.197412086932995, 0.253682419904813, 0.0827612318644224, 0.75371826870042, 
0.207842391939759, 0.0750588642161285, 0.561845639376455, 0.129879538543465, 
0.0477136994645991, 0.142420958194403, 0.0676591707970756, 0.184252584210889, 
0.112838581958993, 0.048746057540336, 0.232820371288104, 0.504202373736432, 
0.0494541543651812, 0.0507065458388051, 0.0474246328239131, 0.181971606086807, 
0.095315972691926, 0.0343532065140829, 0.155260773936404, 0.0608727266887201, 
0.0360367420357715, 0.124756744868886, 0.146212075713013, 0.575930689211756, 
0.10006787857495, 0.61095802771039, 0.0615598383433173, 0.107161095566748, 
0.218708703048097, 0.0367468244251253, 0.961804701506613, 0.412472400175821, 
0.692594805625372, 0.0825357498096854, 0.349522296625364, 0.177161039345885, 
1.11903544124495, 0.0415736030407339, 0.410935646893871, 0.729056965874977, 
0.0848450735923851, 0.0361765345762556, 0.0582809367604689, 0.221563573904685, 
0.643641218412292, 0.343131528897536, 0.301748509066794, 0.148830354439305, 
0.486795604298209, 0.919600359008613, 0.101009422997777, 0.0619806896244917, 
0.330503847689603, 0.245458032970064, 0.140990134879552, 1.32967053627701, 
0.0753792111418982, 0.520385893297785, 0.0402594457948144, 0.0575826954017221, 
1.37524244961479, 0.0474352173837622, 0.092903529683615, 0.0408741929716649, 
0.0591431614731253, 0.0699593041911952, 0.190492904704978, 1.1108038791751, 
0.314865981961361, 0.475481974621575, 0.395500974426694, 0.310485091330332, 
0.0510737100754456, 0.545598137787847, 0.111292321733382, 0.042057689901477, 
0.589099153042591, 0.149956753226083, 0.117501231133171, 0.236786154058323, 
0.047180337926486, 0.098514928277233, 0.158276709563793, 0.254739752253181, 
0.377138152986902, 0.3074849914727, 0.53390402158936, 0.30812330285168, 
0.0880281224479635, 0.0748978721736208, 0.134782318557514, 0.0387785830862133, 
0.247335445485343, 0.0403994043221271, 0.143796665583271, 0.768889211961398, 
0.121222029303783, 0.22221057477504, 0.0446661851932318, 0.633773041655744, 
0.154569623954471, 0.0809268047962706, 0.481897635115359, 0.114497022031594, 
0.0398187954754403, 0.109938769661639, 0.0270853681619432, 0.077705964854192, 
0.0985173044699305, 0.0244522121194984, 0.199366912570031, 0.509108264224412, 
0.0373797950590935, 0.0278260686756678, 0.0289325782743311, 0.163136254477401, 
0.0555692184242741, 0.0343159486739201, 0.147917407005055, 0.0643207977689298, 
0.0280444577669361, 0.151095442932037, 0.0697275418431874, 0.630702645096465, 
0.0346783610038494, 0.513254009060765, 0.0393355146305246, 0.115492548190521, 
0.218225718959151, 0.030544661623014, 0.842703686993834, 0.454185399715121, 
0.734221451608064, 0.0812204441941934, 0.303704280424727, 0.174075110137982, 
0.962380319373785, 0.0283647479790743, 0.482788351679625, 0.68783101414579, 
0.0717543977094671, 0.0261367335787863, 0.0376352253887017, 0.185875981894832, 
0.666449562740087, 0.287727799728137, 0.272626774368328, 0.155249653932912, 
0.541559954586788, 1.08624845745636, 0.0591178937757515, 0.0469807196683619, 
0.286801653125759, 0.211843796196887, 0.126776489424974, 1.45929981532411, 
0.0569552214147111, 0.559804792604016, 0.0381151119977237, 0.0297325396962694, 
1.29132167901476, 0.0265414514258944, 0.0725827406128696, 0.0276962057112914, 
0.0527855520290931, 0.0435308033262352, 0.187985358976208, 1.0664186479499, 
0.358585658051416, 0.254506848617719, 0.327535982730031, 0.244163275884483, 
0.035524587837851, 0.553159518313898, 0.0838949363679722, 0.0257781082725464, 
0.701408155973547, 0.186801620818028, 0.0857132999321658, 0.258687561518173, 
0.0345848875354651, 0.0623998273928005, 0.196148193642592, 0.127038892091479, 
0.404334522663254, 0.252638068109126, 0.552394779164122, 0.313114489862156, 
0.0551484521235239, 0.0422626490180168, 0.130975343941659, 0.0390053140296177, 
0.235170960160896, 0.0365427220955714, 0.138155963269535, 0.760441478398789, 
0.124710813819805, 0.219978003841205, 0.0535541006820709, 0.643569754814953, 
0.15631018832449, 0.081901717559105, 0.48253478136598, 0.0952238666264015, 
0.0408960676072443, 0.117782065177038, 0.025853733715663, 0.0789072458285768, 
0.106505408093253, 0.0219698985135269, 0.206765146218834, 0.535395950950351, 
0.0317859817086509, 0.0290709178935913, 0.0329364995748836, 0.175428141436035, 
0.0447198840255418, 0.0316873586657386, 0.161541754689968, 0.0570811314094919, 
0.0256848721097053, 0.150456483394285, 0.064014809564155, 0.619214872063596, 
0.0319737921337046, 0.503583880768538, 0.0347368111270654, 0.10316556683075, 
0.208912551845191, 0.0238649933088111, 0.837356534104029, 0.458577281752941, 
0.751888957575911, 0.0717177920963765, 0.293691919576457, 0.176507046246812, 
0.966820389767613, 0.0310801599529917, 0.47795505483184, 0.657330826795004, 
0.0747016552487272, 0.0215447311154501, 0.0256020279879705, 0.167037568033779, 
0.636674420747495, 0.281550067774848, 0.28682210366213, 0.158172504082886, 
0.541068586690078, 1.09621806947159, 0.0612515533388655, 0.0507750359635152, 
0.30277812835412, 0.220109685007177, 0.114836283216669, 1.51732086263316, 
0.0593154039553351, 0.576010792753809, 0.0339937864503512, 0.032345293482372, 
1.30898761736966, 0.0239792423391377, 0.0805868409631611, 0.0271062442761302, 
0.0395932868747307, 0.0403028268073132, 0.182996602838866, 1.0826731139864, 
0.354843644366011, 0.235459938232399, 0.299905761356158, 0.245947489200196, 
0.041799550468014, 0.520517611370611, 0.0893581108547824, 0.0311953352715479, 
0.724336312839776, 0.182901437460982, 0.0886164607558702, 0.242715417193826, 
0.0367975075656403, 0.0629906667861701, 0.193951862604673, 0.119935820432116, 
0.42094954885699, 0.250089388514183, 0.540028981662242, 0.30444672069098, 
0.0562271380675223, 0.0394929354926926), dim = c(100L, 3L)), 
    Time_all = c(elapsed = 0.787999999995009, elapsed = 0.896000000007007, 
    elapsed = 0.904999999996107))
