list(MSE_matrix = structure(c(0.251472714454523, 0.254034899341196, 
0.249805241992095, 0.248513497844589, 0.283315475367447, 0.284666646430762, 
0.243134877702673, 0.237879551394198, 0.270350868934254, 0.259828184408884, 
0.254984308428089, 0.269062871686572, 0.237485855329256, 0.259129626075003, 
0.282030139025473, 0.262614141832221, 0.234954785956551, 0.25621356600591, 
0.271975527792392, 0.233026760134176, 0.223528403607254, 0.280919177772531, 
0.250550089311112, 0.252804768182481, 0.248706748727975, 0.240972729516434, 
0.251543777774009, 0.249340978439572, 0.23204088736952, 0.238056862129626, 
0.23327340394034, 0.240349935343503, 0.240775199057237, 0.24493816177255, 
0.255644811039824, 0.253370574607582, 0.262888614872838, 0.253233399309488, 
0.236937381392115, 0.254826311399093, 0.269294678005801, 0.266362073987126, 
0.268085711577783, 0.244889018361231, 0.261282922652112, 0.269120283131585, 
0.241530251013173, 0.245596849836164, 0.268220572232635, 0.281071246068072, 
0.235301792294078, 0.245801100738414, 0.251969440343267, 0.244222055584119, 
0.251540010756295, 0.228908136772004, 0.256427377731216, 0.287451059563933, 
0.246272879475825, 0.248527036008508, 0.280280320554982, 0.254248925345577, 
0.230319936255463, 0.233896911278794, 0.249322329994487, 0.216310068664837, 
0.260289594473759, 0.238674271125436, 0.268886448604296, 0.266426305447262, 
0.274039634099892, 0.260264204479959, 0.245415189068948, 0.240343702856387, 
0.252503058282594, 0.267857577559811, 0.232621598277033, 0.294350838605387, 
0.244412836240801, 0.258621956875853, 0.24709453816413, 0.231080565111865, 
0.254184583278533, 0.268492894658411, 0.253445134627648, 0.249784829378516, 
0.266126789966871, 0.232526682170786, 0.26680484302488, 0.242536516796397, 
0.267181693404455, 0.244232483486936, 0.243216552614973, 0.249423299540353, 
0.260149641585516, 0.246179887455986, 0.241721754999988, 0.263154492884675, 
0.269981764795129, 0.269008654674868, 0.242072277872931, 0.239244800829342, 
0.257786165169331, 0.242780186984274, 0.242973401421623, 0.277997663482927, 
0.250585002823899, 0.244314845395856, 0.274743463991359, 0.241232644396586, 
0.236329869432558, 0.235275640307265, 0.236927631438691, 0.244813682813071, 
0.231446637871663, 0.254618095795728, 0.224044040513972, 0.244047002852635, 
0.249878507014723, 0.223578954407039, 0.23650474830978, 0.246779222477449, 
0.237916812126506, 0.224987426418057, 0.237684160697885, 0.240957566940651, 
0.25918631371, 0.253159916464079, 0.217381337934672, 0.230588114788019, 
0.242618886476246, 0.242901931541737, 0.230607001908656, 0.240774192512571, 
0.221952856551163, 0.25489891008658, 0.24959692048353, 0.241868371968423, 
0.230882958813465, 0.256972679455771, 0.241991852339879, 0.2596746521886, 
0.244696663044199, 0.238176141257343, 0.258123726408056, 0.237412638914379, 
0.256570066092596, 0.227472112779939, 0.272250533105163, 0.259610847458562, 
0.273479016392687, 0.232486669643335, 0.231088066817753, 0.238419700342806, 
0.259948042563758, 0.227453626595931, 0.243441199574009, 0.287767457702533, 
0.246927418513712, 0.229448328280484, 0.240735973460527, 0.244011483401391, 
0.243181456899442, 0.259234921444791, 0.235965922107379, 0.220240791634854, 
0.26126021494981, 0.231043434352693, 0.251423666689261, 0.245322865830818, 
0.278022495156131, 0.248019168713146, 0.236498849538552, 0.244506572281608, 
0.250283443567183, 0.271494091017766, 0.235036721895088, 0.270449407990483, 
0.251920059445658, 0.266940046936032, 0.257235595331574, 0.245004149994858, 
0.241874548134773, 0.238963667441928, 0.235356791949256, 0.229483581302732, 
0.264485437155038, 0.26656695382293, 0.236551413763332, 0.23844092053639, 
0.292094521645089, 0.225197801654183, 0.230305283231708, 0.249707876255253, 
0.245221040483094, 0.251769778987934, 0.25408083065224, 0.248194206761473, 
0.228424449511219, 0.24441485005635, 0.245391726188462, 0.237875799270954, 
0.273901149602216, 0.238188681285731, 0.268231624367021, 0.258544158000897, 
0.241878680751073, 0.240781913299605, 0.277237761663429, 0.293540231455056, 
0.25748098241714, 0.242219719960433, 0.24411553426678, 0.261679433548139, 
0.248286540293791, 0.235738047662155, 0.237266748896385, 0.240190873874644, 
0.253731045189411, 0.226400355945531, 0.240577294483489, 0.244958290855037, 
0.235644690252197, 0.238535088948172, 0.255901166154072, 0.249089561082228, 
0.251211337258713, 0.247536386372845, 0.226975590270794, 0.256280530521753, 
0.234622419361968, 0.241376365498366, 0.252625036991338, 0.238639298281582, 
0.242991253754744, 0.25133083789317, 0.258881910269011, 0.243530672672086, 
0.232107609250664, 0.265277205130084, 0.254978809844078, 0.267852315397853, 
0.255241414373176, 0.238142345563977, 0.242240535852492, 0.231430157403338, 
0.24706966141138, 0.229150767516676, 0.280701075174949, 0.254959154737905, 
0.24226677226543, 0.247062984885503, 0.223150044056411, 0.23315744708361, 
0.293695702124803, 0.240899322781627, 0.244097398469643, 0.288267416350491, 
0.242606266516067, 0.255579710311012, 0.260354706690915, 0.244446363286549, 
0.258058194868169, 0.23781907875455, 0.232529622968894, 0.226708818739564, 
0.24498006341484, 0.233286173723325, 0.266158267345157, 0.236481105386646, 
0.261994727795713, 0.250923832313971, 0.246469630074165, 0.256006678434071, 
0.275406739428559, 0.240901684431928, 0.233729465159257, 0.267526172260019, 
0.232950897894205, 0.268037478519207, 0.250752328317029, 0.244178934586522, 
0.275779156219679, 0.241131588199968, 0.249321579605572, 0.230285262289243, 
0.248064766701867, 0.247272793327966, 0.261213881503439, 0.239700860760046, 
0.273206689326831, 0.238074718520336, 0.266687391813695, 0.239420586417367, 
0.23524118005506, 0.243181085065203, 0.227976853830306, 0.254908529989546, 
0.246413074282502, 0.246225578480375), dim = c(100L, 3L)), variance = structure(c(0.0211013173812147, 
0.0211959254497151, 0.0148130062459109, 0.0689670228517606, 0.0208286795798003, 
0.026355156977356, 0.052534230847724, 0.0171739497414901, 0.0317441632021757, 
0.0373415667454081, 0.0558873876061733, 0.0239919420032152, 0.014937848995035, 
0.0211583107883363, 0.020526727742622, 0.037469460183145, 0.021382879275841, 
0.102323416319382, 0.0212421995302322, 0.020020703997691, 0.0839247406563578, 
0.022987270403754, 0.0174815410861354, 0.0250445924548089, 0.0238030185452901, 
0.021003321690267, 0.0645126845288985, 0.0190729645822368, 0.021884147788729, 
0.0206338382023901, 0.0192269078097871, 0.0239849102276457, 0.0286238803010697, 
0.0207320454779108, 0.0300538971620943, 0.0219715562709908, 0.0202733485029299, 
0.0289785078683561, 0.055270911165238, 0.0199555431569744, 0.0196223475116781, 
0.0223946769969425, 0.0175524282472419, 0.014857089713265, 0.0219195336204394, 
0.0178146602282915, 0.0523504035099947, 0.022026710931212, 0.0237193273754731, 
0.0247867784736101, 0.0193611516186654, 0.0219407637459796, 0.015379263192732, 
0.0222957212149913, 0.036311747492281, 0.0266356993186387, 0.0213067671702892, 
0.0223745184774872, 0.0162543078953018, 0.0181032511336316, 0.0245795948630848, 
0.0259694530600148, 0.018237432365484, 0.0238294607659903, 0.0248105635041502, 
0.0223904898058621, 0.0228362296582148, 0.0157794360550513, 0.0324914125237822, 
0.0187169544740998, 0.020708689227213, 0.0237117284702214, 0.0242069622654861, 
0.0229567109514598, 0.0148930227536353, 0.0264837088816249, 0.0216796226653892, 
0.0224640296114528, 0.0202699786589052, 0.0589081415310663, 0.0151869438820887, 
0.0184730550007079, 0.0254027826531486, 0.0214695412233871, 0.0273194210023934, 
0.0247456589992091, 0.0220483162617401, 0.0262327121457484, 0.0369609773770335, 
0.0251253940548809, 0.0221932299869233, 0.0331436202651314, 0.0221261002582109, 
0.0296845899612789, 0.0164616760467911, 0.0203598316303916, 0.0200188531362457, 
0.0244769550619523, 0.0167929974554394, 0.0219014126188204, 0.0185068420431728, 
0.0149847863288486, 0.017862486914491, 0.0181691059637892, 0.0171021673444202, 
0.0222533654323236, 0.0288039759381128, 0.0172591375292775, 0.0232220924216013, 
0.0230493957537956, 0.0212053535365759, 0.0192288408421022, 0.0190928278832518, 
0.0146245403369467, 0.017562254655048, 0.0182869395421491, 0.0151432711815939, 
0.0327225580221068, 0.014529736730235, 0.0153319731740869, 0.0180997838552169, 
0.0150419253869038, 0.0169639863074912, 0.0185030617734833, 0.0211449411193028, 
0.0144268432625556, 0.0302021385617886, 0.0141481418678711, 0.0198564000381377, 
0.0163355487359094, 0.0136816737290602, 0.0186967746515981, 0.0175562892574965, 
0.0173368891040252, 0.0168330735445479, 0.0158146553991343, 0.0170178545281465, 
0.0196773345933688, 0.0233542750274671, 0.0139494783828431, 0.0146917691559302, 
0.015571589979212, 0.0165833204994477, 0.0173129924713474, 0.0165263875970198, 
0.0188332936802172, 0.0234737017655464, 0.0177099943958405, 0.0190580406545092, 
0.0186361542607094, 0.0144014283661075, 0.0181341985682728, 0.0150240649016976, 
0.0150662499964321, 0.0236188311738586, 0.0194025198817904, 0.0148905598188273, 
0.0169887890244785, 0.0183505868992946, 0.0141223456896108, 0.0222452764184223, 
0.0218776489711538, 0.0143253130239451, 0.0217611980499897, 0.0205143094477388, 
0.0154428212156843, 0.016583691994949, 0.0183240560569971, 0.0211239237863709, 
0.0201143644677122, 0.0176445347477363, 0.0140770888094713, 0.0221414463296291, 
0.0152166289110159, 0.015422204141423, 0.0156047722490869, 0.0165235071441157, 
0.0201563481633695, 0.0160102285722888, 0.0177491766630405, 0.0147918472390802, 
0.0166403054395308, 0.0227161618970075, 0.0146641752107146, 0.0168072414527483, 
0.0165630083269842, 0.0154381803920929, 0.0196341141495088, 0.0214215355839001, 
0.01716865277927, 0.0198780178985197, 0.0252616611749928, 0.0185993554683112, 
0.0162588100720784, 0.0172358792223973, 0.0164131496315331, 0.0153212590078142, 
0.0213407484542195, 0.0181726862294818, 0.01754190347812, 0.0185889927038592, 
0.0173687713197136, 0.0155621875272429, 0.0186972707030422, 0.0179808385734906, 
0.027270031370984, 0.0285691717969031, 0.0157358018642211, 0.0194532159484913, 
0.0226642822334626, 0.0208760723473961, 0.018701893998956, 0.0143568704116893, 
0.0177236835784849, 0.0200726822474358, 0.0225516298415489, 0.0182382680288369, 
0.0299934465880684, 0.0177807982118331, 0.0173214728500953, 0.0187946468408425, 
0.0172288568051409, 0.0160311837849096, 0.0186810649222509, 0.0190450076797361, 
0.017840126473178, 0.0265800905055097, 0.0173560198509325, 0.0252560373950679, 
0.0189237351041305, 0.0207910510901495, 0.0207991935638478, 0.0221335590678894, 
0.0181433764777171, 0.0174831438155545, 0.0203190660725794, 0.0174498681937601, 
0.020568050451151, 0.0200477400768559, 0.0185209018097804, 0.0164634964447253, 
0.0209377630578424, 0.0199182916563562, 0.0158939620684737, 0.0215553937137024, 
0.0170837712597503, 0.0211203767436885, 0.0207201118628882, 0.0198713364432472, 
0.0175932098012226, 0.0217686376418044, 0.019059946519541, 0.0166310431326186, 
0.0171158229448722, 0.0228513982644639, 0.0191953302811924, 0.0175863449173689, 
0.0211235382838685, 0.0155780215715041, 0.0172343661226094, 0.0282677589077697, 
0.0189939793988452, 0.0175470104951042, 0.0192815119769692, 0.0183760646870773, 
0.0172699601691167, 0.0214384927015159, 0.017329708361181, 0.0207066808676203, 
0.0243423426243062, 0.0194959330000013, 0.0162228685097734, 0.0185412318282145, 
0.017527491421352, 0.0164613655662289, 0.0180781671475592, 0.0180451854306965, 
0.0202921113462509, 0.0175324457130016, 0.019777579741948, 0.0165386846284873, 
0.0183601562322812, 0.018359388939368, 0.0175276633468774, 0.0166508361802389, 
0.0175325510053898, 0.017681439210977, 0.0194802272812629, 0.0200329438528725, 
0.018872381078131, 0.0187853400659728, 0.0225255233576989, 0.0199819421153227, 
0.018016808533533, 0.0190210249728475, 0.017427485327576, 0.0199784288666285, 
0.0183209652876695, 0.0201871454331982, 0.0196793081151465), dim = c(100L, 
3L)), MSE = structure(c(0.114316832818274, 0.0215719766375227, 
0.226806628030481, 0.0960797083067165, 0.120854119272131, 0.784513521391231, 
0.166505867388654, 0.251242171616436, 0.0630181201824128, 0.817323228485765, 
0.134213845944767, 0.0679136539985039, 0.544196656995893, 0.128639602507303, 
0.0275159863750721, 0.0781599045223741, 0.0343250533665138, 0.128805642256679, 
0.0805410158879023, 0.0232150258203501, 0.107810641755856, 0.469575249575972, 
0.0232486787702672, 0.0295875680274149, 0.0250826599523891, 0.14539257784782, 
0.0639000424769828, 0.0192341781902372, 0.1420947107984, 0.0470903378896262, 
0.0215133939817441, 0.100964174083175, 0.0942174370439261, 0.57518157162582, 
0.0665824394208323, 0.527546757696114, 0.0381031307217224, 0.0907967989212013, 
0.155187055085325, 0.0205953768863858, 0.909578976294537, 0.440124143733252, 
0.69223308945016, 0.0719643306107498, 0.304130916952744, 0.152817052339437, 
1.18707360596546, 0.0222147120567627, 0.40272010260667, 0.691045685473712, 
0.0804257520793271, 0.0221229059206159, 0.0422011462309913, 0.239857542887678, 
0.559436686877973, 0.293979036999731, 0.266379510712712, 0.121853463431873, 
0.48378966047796, 0.884170672479229, 0.0621206562241329, 0.0341824586076855, 
0.295948162710793, 0.225749940313737, 0.1238325412885, 1.24539965534362, 
0.0426312438240495, 0.509541228974608, 0.0337010207965817, 0.0270935395585573, 
1.35382514812781, 0.0291910993935178, 0.0820097346213197, 0.0239515523133713, 
0.0448818916153054, 0.027338332815456, 0.172401044167346, 1.10652992515087, 
0.313527096725955, 0.517913399869032, 0.400064728181756, 0.278514954036798, 
0.0390065660051537, 0.566354077739879, 0.101484793211978, 0.0277233871387779, 
0.611765935850267, 0.151868560004082, 0.0677395185164338, 0.22983935696417, 
0.0278886835764771, 0.0762268289370081, 0.139997128188797, 0.25198847574689, 
0.369712030145397, 0.276190209555309, 0.515504258021819, 0.281008770528184, 
0.0605068939912593, 0.0497323976267037, 0.135217036842208, 0.0232902906175556, 
0.24270904618989, 0.0199207660847311, 0.142567080818932, 0.724327093382117, 
0.108814232738015, 0.234212644685615, 0.049727127850423, 0.641078448077678, 
0.130495940490884, 0.0766267881286395, 0.497081959848342, 0.113455231537859, 
0.0322721041932828, 0.0937993860143599, 0.0155113234442387, 0.0934116393739593, 
0.0770595358738864, 0.0154109800383789, 0.164052837446317, 0.47900329788602, 
0.0258579423936328, 0.0199039780316525, 0.0247100014781178, 0.138476116357124, 
0.0445685938820595, 0.0200709724327755, 0.160941774255651, 0.0581410504108334, 
0.0135878084294436, 0.133153222261576, 0.0585645173881843, 0.633922165640445, 
0.0251982141373346, 0.465098695397972, 0.0264081399530044, 0.107286188649683, 
0.190613491936292, 0.0177515257521351, 0.787896772209687, 0.477868341544345, 
0.739884738403686, 0.0765773118751378, 0.280596546147953, 0.162246981053255, 
0.965039882875219, 0.017833768919507, 0.465137996340671, 0.635779297667467, 
0.058435997614003, 0.0180103640179365, 0.0301042941042114, 0.194782834473486, 
0.647433655304314, 0.281794150929846, 0.243065519900564, 0.140690241881825, 
0.532550297128498, 1.04209989963003, 0.0464353037199054, 0.0363453585522645, 
0.267849452500491, 0.204878239146909, 0.106825326523461, 1.39825595500457, 
0.0446094754001263, 0.557871758058615, 0.0301450179155389, 0.0232806624913349, 
1.25282096670474, 0.016631616853487, 0.069422317116939, 0.015855276884317, 
0.0462897421963376, 0.0230703071446636, 0.194360320000609, 1.05233707762039, 
0.378130161544327, 0.262765167222291, 0.333198078196189, 0.241930402371315, 
0.0303010204297964, 0.569629543822589, 0.0902302776349071, 0.0183990433328297, 
0.746515221377176, 0.178287114425034, 0.068818462889266, 0.25508209294817, 
0.0310040764082941, 0.0569404854904446, 0.178002873422172, 0.128317383121319, 
0.407679594366235, 0.224404130446728, 0.534108555138798, 0.295489604590234, 
0.0501184894813944, 0.0295508556133051, 0.146554036406567, 0.0250999964719105, 
0.251617579015573, 0.0212091528808625, 0.15385411624037, 0.741687608764512, 
0.11337600753604, 0.217778918222799, 0.0421091907965514, 0.626133532693937, 
0.160899318951358, 0.0879832730502977, 0.477539686612213, 0.120629037232388, 
0.0382288874505665, 0.118398876439696, 0.0197300634342425, 0.0846689183543509, 
0.0768164992057285, 0.0171495928429222, 0.170249457138337, 0.475615686911676, 
0.0284106624037155, 0.0195801877491235, 0.0261427628343811, 0.136552550798314, 
0.0415619830911314, 0.0220651785647971, 0.163095042844576, 0.0660678490124502, 
0.020651006034794, 0.155156440689237, 0.0509852933932811, 0.658576448396623, 
0.0240684580836505, 0.496885394086304, 0.0292413897484506, 0.110465828243748, 
0.197999412036754, 0.0237631063194284, 0.813862456251554, 0.456338746135428, 
0.753760245240333, 0.0808713468108263, 0.299457233220345, 0.16447362039796, 
0.982958852290914, 0.0205306893928647, 0.493046423760639, 0.655236917991625, 
0.0597983991926683, 0.0189851412651673, 0.0330665293973851, 0.198771656192111, 
0.648945737813465, 0.272694147216363, 0.236952762172212, 0.165324978019968, 
0.547514268765548, 1.0279616306927, 0.0567571895103146, 0.0430787709124615, 
0.260934902568701, 0.183952974657343, 0.11207998731273, 1.39908473605905, 
0.0599422305098804, 0.563876306276096, 0.0343793718226372, 0.0286658490847057, 
1.22365031676169, 0.0177558679693452, 0.0549440463376082, 0.0180011245810305, 
0.0502816702133432, 0.0269119519778247, 0.188875645284834, 1.01954596628659, 
0.361299301686894, 0.259941084872322, 0.341094660599371, 0.229579780292813, 
0.0224027413992047, 0.584613839888507, 0.083429662299212, 0.0195673536330435, 
0.7205680872778, 0.196510746163097, 0.0870346188367164, 0.262927891117286, 
0.0348218893014997, 0.0566157552576536, 0.200197821603785, 0.124559709232286, 
0.415149290592757, 0.237384980935323, 0.507205715351785, 0.31335055124601, 
0.0521998315625772, 0.0348049616639837), dim = c(100L, 3L)), 
    Time_all = c(elapsed = 4.4090000000042, elapsed = 0.751000000002932, 
    elapsed = 0.789000000006126))
