list(MSE_matrix = structure(c(0.272732813009425, 0.250596413488231, 
0.284607834445013, 0.235396468874853, 0.262293195447766, 0.254596297656786, 
0.26265239552505, 0.235978145946015, 0.253190054868338, 0.251853818698469, 
0.287948914339547, 0.267284549043578, 0.23093522154444, 0.23558039188414, 
0.236611681644519, 0.243287600144204, 0.251621246568624, 0.274239191897257, 
0.245275930382201, 0.254908830530592, 0.245067696305044, 0.238641304836244, 
0.249960843666651, 0.273317957770487, 0.245406119341679, 0.248470289038518, 
0.252497941014195, 0.263764871667672, 0.266796175369483, 0.260012609454068, 
0.234367127864569, 0.250055948413615, 0.259282613231664, 0.245404238806773, 
0.24531809308938, 0.236187267694844, 0.228875672869436, 0.235534514695115, 
0.244608860943839, 0.25762312920151, 0.246476291753619, 0.236390524516457, 
0.241661390494458, 0.23670274893733, 0.250257736391815, 0.277944643526233, 
0.256376091751955, 0.274422347074046, 0.260392051284412, 0.278327956927259, 
0.241133147834648, 0.240755813532774, 0.247804526344441, 0.236576986334968, 
0.268237461001884, 0.220182867711607, 0.23468612883899, 0.231844587464537, 
0.26729574426977, 0.224204046217179, 0.272254363306371, 0.23549048975363, 
0.243307510655589, 0.243169247311365, 0.237722376380323, 0.269448799713174, 
0.270498001826182, 0.269770225050948, 0.243266744719431, 0.261437302168148, 
0.248306024421513, 0.225653568013517, 0.244844863739885, 0.256086283306818, 
0.240249391752957, 0.259353017779144, 0.242314334625813, 0.262724913796666, 
0.24458864538388, 0.267349174204492, 0.231514326327083, 0.257521970398731, 
0.248048684412106, 0.294908899707727, 0.260978512068342, 0.2524460596233, 
0.245352868411006, 0.259826793544594, 0.238014238802702, 0.257473265292458, 
0.261868071385174, 0.251357613179635, 0.259883853667833, 0.234508801953073, 
0.2774263290054, 0.245694765519225, 0.262126411204975, 0.231274503549223, 
0.252319779458257, 0.267201128583944, 0.244146330607948, 0.2423132106219, 
0.271069052496331, 0.23725492404627, 0.255668492890714, 0.241078171743479, 
0.243982591977954, 0.226937011042659, 0.248908684887059, 0.264043020719567, 
0.265370801408476, 0.232163978319713, 0.223140723565226, 0.25668220121842, 
0.230117064049989, 0.247371447209151, 0.256548690375998, 0.243056211421239, 
0.235939198325815, 0.287892935347172, 0.235255045838572, 0.250603895838205, 
0.238960216901793, 0.281596583344137, 0.25916996344614, 0.244812695611871, 
0.247885022114396, 0.249362320334317, 0.271745953586828, 0.245051368812819, 
0.24519866543868, 0.265413505277061, 0.241815265735925, 0.259312723690199, 
0.232149088871312, 0.245832052390437, 0.245828055279926, 0.246088331906506, 
0.243893440900106, 0.258135140597168, 0.25270046870534, 0.236615838457471, 
0.224589837701825, 0.235584626390897, 0.248344493115594, 0.233522535481552, 
0.233763633822654, 0.243837803566483, 0.255859678032999, 0.280733582602593, 
0.255265886206411, 0.25205313287575, 0.27216831426265, 0.23725063698157, 
0.261004606772522, 0.232836021780376, 0.256903284781064, 0.23207027081872, 
0.243234134030681, 0.222925486912142, 0.229875140082812, 0.247826850979155, 
0.23815995726049, 0.242736640334739, 0.225159436787366, 0.284577661603368, 
0.249050933558922, 0.252351810369655, 0.257233686918013, 0.275664573106924, 
0.234594626393482, 0.222277977151683, 0.227951529432124, 0.234870151664508, 
0.255635722326186, 0.229761468619421, 0.240540599802848, 0.255902009096108, 
0.244019532231792, 0.283458597677077, 0.234856080073188, 0.240840376139432, 
0.252925421008898, 0.267709938192316, 0.249363846341311, 0.24274871740249, 
0.238138528524043, 0.233633326770773, 0.244201976808786, 0.227672129298839, 
0.265244144511643, 0.271862570112372, 0.254872155516735, 0.250181725904698, 
0.246504915294031, 0.238728114764094, 0.250093917545414, 0.242100187609059, 
0.225410666315605, 0.271679985362791, 0.235868386501347, 0.246603238869149, 
0.267205401500653, 0.266425354395964, 0.255664903690542, 0.270548029288778, 
0.257077878205484, 0.252561189267477, 0.259998362402909, 0.258168330235967, 
0.297265254944039, 0.267308229070865, 0.241099391507577, 0.26933591815071, 
0.220493429706033, 0.248839630929779, 0.246281513442312, 0.252890084281384, 
0.238033775753324, 0.251038906519765, 0.253147834811037, 0.253803869996653, 
0.255665147374448, 0.261069553578026, 0.248636153164206, 0.241518778365177, 
0.254610449338399, 0.255182203405559, 0.238306747502617, 0.240501898006206, 
0.252022861788154, 0.251834972742714, 0.230103233843427, 0.250767758651593, 
0.243779875427371, 0.228712556518655, 0.241479429260366, 0.258968852298175, 
0.243952217742612, 0.275300652657675, 0.236414091580892, 0.247025273505152, 
0.252278234012748, 0.240813722555073, 0.247377075008029, 0.238253494223452, 
0.251632135392761, 0.234008244744524, 0.240719719312447, 0.276985266059453, 
0.237215281467106, 0.237783887783774, 0.240768248722884, 0.231725431302321, 
0.246480525053541, 0.225751865992635, 0.250480153084049, 0.23599761745235, 
0.250214301228657, 0.230802862673395, 0.248940357776525, 0.248035481205809, 
0.25422262807974, 0.271247785455554, 0.222171879968344, 0.291959993634727, 
0.231975431572492, 0.255210631299418, 0.246355978394372, 0.263656846673478, 
0.237868168991391, 0.227961648196219, 0.25082326004422, 0.253335258432714, 
0.23669204919921, 0.248960237152682, 0.241872387548312, 0.229486900494239, 
0.235316669326318, 0.305340203913394, 0.23806951765052, 0.253065836057751, 
0.265638299416781, 0.280280286428921, 0.279020243915341, 0.246389501052062, 
0.236521852674607, 0.25747168364901, 0.248557257155235, 0.234213475315735, 
0.252034845665385, 0.266914911157009, 0.23794655881703, 0.23177395170518, 
0.23837840024755, 0.247572735753195, 0.256866485135892, 0.218731846208352, 
0.242729153547021, 0.249779100801803), dim = c(100L, 3L)), variance = structure(c(0.0178989840912854, 
0.0195534663980048, 0.0190841517060797, 0.0855702182898907, 0.0183408948262333, 
0.0223154162209274, 0.0424026990594608, 0.0224133083898742, 0.0253506129696313, 
0.023278528511561, 0.0518171625858109, 0.0251811745416843, 0.0205131701382526, 
0.0151108075213632, 0.0213536029416414, 0.0537325496690976, 0.0205973990076658, 
0.101413908273553, 0.0146561599675728, 0.0178250980949283, 0.098795595877642, 
0.0160590149849787, 0.0225924662814468, 0.018809370646284, 0.0208116281801501, 
0.0142473420774215, 0.0505333651794246, 0.0206650775442081, 0.0219399356252794, 
0.0145701671887122, 0.0176532605888776, 0.0206065205368, 0.0369761016320083, 
0.0188077814143928, 0.0308096629050182, 0.0198923679061916, 0.0168821526678293, 
0.017523710120618, 0.0618864459302905, 0.013882511108543, 0.01687414806807, 
0.0198632709418552, 0.0229056876256126, 0.0186549259656747, 0.0122705865643625, 
0.0197960431372992, 0.0441656619025719, 0.0130893435791655, 0.0194672094669577, 
0.0211162471820181, 0.0168971097963745, 0.0152288128763521, 0.0167315296209969, 
0.0172486053068993, 0.0239895853246938, 0.0201534647285375, 0.0138777627661989, 
0.021953915304819, 0.0204956876224822, 0.0198829040380369, 0.0225338059440549, 
0.016843974577751, 0.0137616157474529, 0.0165263339060689, 0.0192227788387014, 
0.0192292238923699, 0.0244742702998839, 0.0215809648883841, 0.0244907625003982, 
0.0222640459340937, 0.0152188203365842, 0.0222722671684156, 0.0159185012412703, 
0.019230424155089, 0.0142290827881068, 0.0302610113788785, 0.0150438968128265, 
0.015019205119481, 0.0174428281089439, 0.0621099979203795, 0.0179376820267551, 
0.0204408980475849, 0.02203328346704, 0.0140384353665629, 0.0236435077669997, 
0.0201668624385874, 0.0220151619823347, 0.0238578704615734, 0.029750787388344, 
0.0157133058556821, 0.0217074987697916, 0.0260106893357936, 0.0169015804456793, 
0.0346536174508036, 0.0223691414348471, 0.0166779213332893, 0.0178385921465901, 
0.0176680856164456, 0.0227487321801658, 0.0152652081669925, 0.0148486821263043, 
0.0210006856368048, 0.0199795815091239, 0.0230670025157077, 0.0149843970932187, 
0.0130062852839685, 0.0120391204022883, 0.0186740749330648, 0.0218938505314804, 
0.0176401587448209, 0.0302363113780442, 0.018677708504474, 0.0202056293262654, 
0.0201010429434116, 0.0151195961826532, 0.0198281595380041, 0.0164295361074123, 
0.0141121574313747, 0.0198150909475585, 0.0177580423852726, 0.0239206530121622, 
0.0156929249747883, 0.0187172658203299, 0.0170862092307222, 0.0166760524447534, 
0.0196335096452095, 0.0197402534805948, 0.0173223408053931, 0.0138472784912019, 
0.0158000597315823, 0.0176880444213608, 0.0182599967926478, 0.0186932217670989, 
0.0153547671746316, 0.016357161241241, 0.0192844311321698, 0.0180381566999515, 
0.0157194445705786, 0.0234653333368139, 0.0184810110880135, 0.0166036363460184, 
0.0192382665320558, 0.0173383564184745, 0.0194546724795493, 0.0143596782625497, 
0.0180153170318702, 0.0214002016480503, 0.0137728280987021, 0.0160582177824503, 
0.0153474455967076, 0.0167784033979002, 0.0187133891078347, 0.0198824277554314, 
0.0174979878440447, 0.0172405114204494, 0.0181503879970007, 0.0169578384039438, 
0.0175661150083703, 0.0214134232419167, 0.0174686432374509, 0.0167546308928176, 
0.0230937389770129, 0.0190601183617825, 0.0157158471960451, 0.0174453278931805, 
0.0188692886468919, 0.0174180985211342, 0.0192898536663977, 0.0211628241639996, 
0.0182867188096683, 0.0151587637374008, 0.0132918507590542, 0.0192942856508058, 
0.0207748811537213, 0.01928121930244, 0.0164017241352933, 0.0178744209317164, 
0.0140791963749214, 0.0181163734721104, 0.020726003058404, 0.0194814958315232, 
0.0190228580072317, 0.0215619601301275, 0.0178539173879345, 0.0141340011007818, 
0.0156621162111225, 0.015080403768839, 0.0200644670948666, 0.0276146705757155, 
0.0148858154651078, 0.0161865930538959, 0.0197777346714878, 0.0182039923136981, 
0.0173664555496291, 0.0186116652555853, 0.0180015434915067, 0.0161358813242026, 
0.0174883947049088, 0.0181598166612604, 0.0148137845001867, 0.0208729683267413, 
0.0166179464506725, 0.0193977405337261, 0.0248860593366189, 0.0209744816284355, 
0.0183152994328733, 0.0204801838114247, 0.0184847940494687, 0.0256919039794269, 
0.0205523560391579, 0.0204657339313316, 0.0234585698800135, 0.0210986200473629, 
0.0154675610061367, 0.0220931557252601, 0.0231221910365049, 0.0164793073610495, 
0.0211455532048223, 0.0155112945082697, 0.017853447638441, 0.0254277186678346, 
0.0176594377939355, 0.0181924699643893, 0.0183208960799882, 0.021044670960608, 
0.0155411262568793, 0.0207856132484861, 0.0187224414302687, 0.0187050019098829, 
0.0188716877325382, 0.0172061245235125, 0.0214783299006611, 0.0220052864242335, 
0.0213763045397566, 0.0210868874013039, 0.0166010741120982, 0.019426564496264, 
0.0187660364356266, 0.0250879064535538, 0.0163960278752454, 0.0176189624426715, 
0.0162632933573642, 0.0208739265053307, 0.019015574295811, 0.0178232367251537, 
0.0201477448459421, 0.0211076056037051, 0.0191284651787198, 0.0230327867710172, 
0.0208858594363186, 0.0176202635983118, 0.020477062654108, 0.016936114703348, 
0.0173068573436116, 0.0195081987766282, 0.0191291053023133, 0.0172026487039303, 
0.0204935980002521, 0.0212549069496548, 0.0186056425224874, 0.0171802373994597, 
0.019146009973176, 0.0156791666154698, 0.019878213824093, 0.0228410983505615, 
0.0175674949663952, 0.0206771552023481, 0.0209354584511924, 0.0250510811800574, 
0.0182617443223716, 0.0196011351970614, 0.017765031833018, 0.0200313662072188, 
0.0163551590133498, 0.0162748401663021, 0.0202416855351922, 0.0190223147444004, 
0.019710410015135, 0.0184637229574083, 0.0224336519591245, 0.0176365451048007, 
0.0214482639430263, 0.0225134732853124, 0.0165497025818676, 0.019815815211314, 
0.0182235972241375, 0.0169386990870707, 0.0244670848036124, 0.0193150414379759, 
0.0186533980472152, 0.0219308073736046, 0.0222825762666279, 0.0214903742252864, 
0.021381514773035, 0.0208263359614347, 0.0190438306863269, 0.0192198623136139, 
0.0214945517625029, 0.019915831267471, 0.0186929066016185), dim = c(100L, 
3L)), MSE = structure(c(0.118668056532079, 0.0203087599493381, 
0.231342734377938, 0.100297661794491, 0.131115698552101, 0.80918299642547, 
0.15216146839315, 0.221556786763337, 0.0608567938753675, 0.714414197513607, 
0.148364131518914, 0.0781209069363866, 0.530363992531145, 0.121688951474895, 
0.0306987238049376, 0.0927412445247325, 0.0457120352772596, 0.138561905047647, 
0.0738882874908105, 0.0285627251033293, 0.14361718752816, 0.467788744383746, 
0.0357029099922869, 0.0272227541735817, 0.022137368059006, 0.137317827446449, 
0.0530175539753977, 0.0213135763208648, 0.132111064884022, 0.0456325300744984, 
0.0178264323329758, 0.110404765967395, 0.101652280293089, 0.607477089314063, 
0.0619946391771585, 0.607017943236923, 0.0461134517922221, 0.0905868656318419, 
0.153826495383543, 0.0155617069680516, 0.977718094957596, 0.370385961306396, 
0.699081765318571, 0.0755988450601, 0.309847356905402, 0.170363793071541, 
1.1018346405914, 0.01340151642642, 0.42791341590643, 0.695541783182938, 
0.064202052277842, 0.0162256267030324, 0.0414189930310608, 0.225549128151649, 
0.590122315720515, 0.313082147086983, 0.25298498245779, 0.128938783386512, 
0.498166241922977, 0.871781335989393, 0.0710876019130216, 0.0240987961522036, 
0.283916705901938, 0.230847069958304, 0.115840049415278, 1.27001898494035, 
0.0459132022834929, 0.523836779482961, 0.0299024554759659, 0.0344902582258733, 
1.32048593842746, 0.0243987109143822, 0.0840368030050731, 0.0197726350144125, 
0.0432547243479576, 0.0299596836532953, 0.148741245744545, 1.11524249905102, 
0.263692946075206, 0.448738212698614, 0.397050587034027, 0.266744580755906, 
0.0413945493612939, 0.56386341585186, 0.092234103501338, 0.0259767105841635, 
0.559408758358718, 0.172474705449769, 0.0665674341628531, 0.236027134205075, 
0.0291852710895965, 0.064595781187989, 0.152575346947074, 0.230025426541722, 
0.376537166909793, 0.313951590346791, 0.499134066195182, 0.249200512622494, 
0.0680835689080207, 0.047643480455071, 0.139493055927781, 0.0254207837009624, 
0.266119895400737, 0.0283065787676058, 0.146052506325919, 0.750607506933195, 
0.100517874100844, 0.204752295207307, 0.0382542492284793, 0.627712642271023, 
0.177608819194871, 0.0842203305824481, 0.474170147288793, 0.136452121192419, 
0.0341004270337192, 0.107834527236418, 0.0217926705268956, 0.0671059986960337, 
0.0696947489535424, 0.018193719663292, 0.193354595032104, 0.469460380996032, 
0.0357400253521397, 0.0180962865665674, 0.0227782313758048, 0.125230128208211, 
0.03450325103428, 0.0209501286252059, 0.142870235748123, 0.0656538635209249, 
0.0184466687276872, 0.154233318407482, 0.0517103878971677, 0.64437891776384, 
0.0191275379560838, 0.534442462496811, 0.0329544867705468, 0.104233254982714, 
0.216943619981483, 0.0268208713263681, 0.858309318458402, 0.417936365138186, 
0.743436839665249, 0.0898545537461679, 0.320470370799932, 0.167911814827429, 
0.976016753091824, 0.0138362928876306, 0.500268422864007, 0.704150613640701, 
0.0469082274247524, 0.0188010836609737, 0.0418259565167632, 0.207237978484393, 
0.641311454700243, 0.2740239136351, 0.228169211050911, 0.157590852343846, 
0.560932206767924, 1.01009995093118, 0.0520267977962053, 0.0472369287176282, 
0.240985064585657, 0.181869190055052, 0.129279229424078, 1.36962539225473, 
0.0519587946713732, 0.562255945158835, 0.0339004999434168, 0.0248409978054346, 
1.21138854878221, 0.0132240676523836, 0.0555581303327546, 0.0206056746029797, 
0.0613171120387334, 0.0320772519688729, 0.175599209770431, 1.00229927534248, 
0.338865451686469, 0.232750978357956, 0.364552279751056, 0.228069941938499, 
0.0249995100970507, 0.602896903677572, 0.0655312455543947, 0.0174272706865214, 
0.660468958639716, 0.192418647519631, 0.0971668390317905, 0.255814502837646, 
0.0304198016604119, 0.0526455989243948, 0.202905545399667, 0.105971605727129, 
0.408536346685299, 0.253596305644296, 0.511775043717522, 0.319188980712735, 
0.0531120315320926, 0.0388823480613796, 0.148368597622556, 0.024080488782527, 
0.253452329494597, 0.0334897590257864, 0.163465047293279, 0.764465321151825, 
0.119122233751251, 0.210083694373377, 0.0488991477233879, 0.582168635505833, 
0.142792910678947, 0.0944462068277321, 0.477736433329759, 0.118860485515551, 
0.0365759839158718, 0.108403877515556, 0.020708195192545, 0.0656361699500685, 
0.0742724765164089, 0.0185616762649411, 0.212345827323321, 0.459654044751452, 
0.0332302768556862, 0.0206389265237064, 0.0263829669094688, 0.133983495151659, 
0.0443437776565133, 0.0235940612911239, 0.145458071729415, 0.0648280768159155, 
0.0170932240332386, 0.146190970046073, 0.0566190820051845, 0.678573309075824, 
0.0225736226881379, 0.514892306297556, 0.0369246811317209, 0.123977473178259, 
0.215906508355968, 0.0215698453366218, 0.880037331121548, 0.434371411581781, 
0.739445990093819, 0.082680275445376, 0.290030301620801, 0.178907986123284, 
0.940024530237785, 0.0192281518373815, 0.476866205743546, 0.68797199273493, 
0.0567007521449501, 0.021467662375619, 0.0334433038388708, 0.206776823817863, 
0.690339750220095, 0.292637290431725, 0.235415884042523, 0.154789296876425, 
0.550161755427951, 1.03311004129923, 0.0505933994808207, 0.0350958641021441, 
0.258020048040353, 0.200578506620238, 0.120788338511905, 1.37995926692555, 
0.0538225231713908, 0.570587667582662, 0.0425423633772573, 0.0231676769972885, 
1.23424118464232, 0.0176176907189656, 0.0682017621866096, 0.0167040997573168, 
0.0504945542410905, 0.0410415385659781, 0.163344454670993, 1.05177437341348, 
0.332347227131167, 0.21563073950712, 0.342002426975683, 0.241801221775964, 
0.0317408972593316, 0.585766945575364, 0.0709983920273453, 0.0193088691337793, 
0.678375608438427, 0.211054309698904, 0.0729537205143293, 0.283046662202141, 
0.0372285054565778, 0.047021344591908, 0.190992613825796, 0.0995010747637644, 
0.411566971039544, 0.264152007391541, 0.52076220242192, 0.287374850946759, 
0.0525761523632979, 0.0346344153547434), dim = c(100L, 3L)), 
    Time_all = c(elapsed = 8.67700000000241, elapsed = 0.747999999995955, 
    elapsed = 0.764000000019223))
