list(MSE_matrix = structure(c(0.26260555988267, 0.278444972808624, 
0.244725311154516, 0.229565152684142, 0.257674045641444, 0.264834583833146, 
0.23256071984348, 0.261763723191506, 0.270871744238358, 0.281714789024102, 
0.271836140230531, 0.272429701268309, 0.225979529774791, 0.260344885792417, 
0.278247873320469, 0.253246946817571, 0.248519429209349, 0.242480314558706, 
0.247982778676898, 0.257360826029686, 0.24493266595799, 0.277588988274446, 
0.261404899727206, 0.25913588305544, 0.250821396405841, 0.238656821922214, 
0.233265668466699, 0.246478384366297, 0.249308188369035, 0.320999449294803, 
0.29401013863382, 0.234107776301417, 0.259728830428492, 0.295792166406882, 
0.247903811090467, 0.238781668663683, 0.298278006581057, 0.24089498558699, 
0.263968749909196, 0.242685226862565, 0.239249200835914, 0.298084022142886, 
0.240446985872621, 0.249819898582439, 0.284656591364607, 0.306851826979391, 
0.269416753054663, 0.240358348612365, 0.238861573141678, 0.307382305450323, 
0.255636300489912, 0.24432005128977, 0.243949298436337, 0.251760175844312, 
0.28720223132021, 0.287902655408596, 0.28801046392697, 0.267096035646741, 
0.263645068153836, 0.274503952903864, 0.244869110663153, 0.28211500861482, 
0.285829690972015, 0.24890959653924, 0.265526740177814, 0.27153594522351, 
0.258680054639471, 0.249319336615221, 0.264841079406498, 0.239886707066885, 
0.264291249982261, 0.264471144673801, 0.25417933972381, 0.251999679526368, 
0.258875960996425, 0.240974792521627, 0.244721585805967, 0.271547183787128, 
0.246441299254156, 0.259875239342, 0.245132059975477, 0.258527807831757, 
0.269883879436411, 0.259571012716221, 0.274682055271878, 0.262838129167592, 
0.244655454924804, 0.256952119663594, 0.279210943264091, 0.265863461369244, 
0.272203723495635, 0.297052918718647, 0.249059903554519, 0.26220863821027, 
0.267849807406129, 0.272812817498921, 0.280587030300543, 0.260568694894271, 
0.280171555788118, 0.264216143081225, 0.258575479685422, 0.247747538485651, 
0.245000931233864, 0.227898729105552, 0.241165897822951, 0.235774620214586, 
0.238755001573286, 0.234642355542785, 0.24066686562051, 0.263099579742817, 
0.253583038334314, 0.240440151679218, 0.230236134438972, 0.242083134088265, 
0.250111802498344, 0.229809606608408, 0.237299451677648, 0.262528332089546, 
0.247327088314195, 0.248846201097022, 0.241846552639467, 0.279666239874339, 
0.23115522246653, 0.253624051440848, 0.253662826419276, 0.246637321480068, 
0.245961106198335, 0.232225672551537, 0.247103911413883, 0.241193547116486, 
0.2559465181761, 0.231153955145382, 0.241706258691335, 0.2577853515662, 
0.229924923411693, 0.23230893167357, 0.242574175328128, 0.236781421283773, 
0.240141156381195, 0.23376836422549, 0.231876628737828, 0.265921932783744, 
0.261173229827239, 0.237856764109441, 0.265448230091901, 0.264118063364395, 
0.242253617535367, 0.242604936791428, 0.252691284297554, 0.274320113572939, 
0.230401753506682, 0.244614749112677, 0.233692228218188, 0.238516983958014, 
0.279345188202396, 0.255947439762121, 0.263900221326811, 0.264308685484224, 
0.260016443405156, 0.248358612055344, 0.244689797664013, 0.248106288560998, 
0.255037013027427, 0.233021526382392, 0.273447616582058, 0.243216420846548, 
0.244807848531658, 0.241628251494446, 0.235622814138005, 0.246621247115614, 
0.269249928683442, 0.267846920571819, 0.262625383449409, 0.233804333270447, 
0.247094436279486, 0.239218564015467, 0.233582769580956, 0.270659351930233, 
0.228441542101839, 0.249556584107881, 0.233802416488746, 0.257560068185618, 
0.23270769298096, 0.227843013678549, 0.249823627852483, 0.245384595989701, 
0.253083202419611, 0.251292506209903, 0.274103602356431, 0.243705999947713, 
0.230427328302317, 0.25760048295102, 0.232523754886621, 0.234946685483179, 
0.252611595079014, 0.243707501916599, 0.258655969663547, 0.255965928663973, 
0.232107113221991, 0.251540923597175, 0.249868225885434, 0.270449879857929, 
0.23601736133117, 0.222106333615416, 0.250902993075362, 0.242092842915669, 
0.252749723682535, 0.270689002486281, 0.24101151195658, 0.254449386325897, 
0.248925423403097, 0.236514436694826, 0.231651700560601, 0.241369444865483, 
0.238777025766468, 0.248400050004385, 0.234167171369662, 0.251524950087757, 
0.237025712511162, 0.259733431157905, 0.238049920716156, 0.257590883101143, 
0.24089561143773, 0.247157261054183, 0.258554418919136, 0.254526589548252, 
0.248533238096067, 0.239916663187709, 0.251073929499122, 0.236679619368967, 
0.250319353617491, 0.247370932878434, 0.23235932356325, 0.252636583730336, 
0.234260284976048, 0.232731882517889, 0.240998038718869, 0.242116057394289, 
0.233589215795572, 0.245425303802483, 0.238086021521078, 0.268811873044623, 
0.259370710478479, 0.232961050058001, 0.272371552247862, 0.277616125574632, 
0.257902794661876, 0.242480141638496, 0.221399601134265, 0.264890069838574, 
0.238496785764059, 0.244178361369672, 0.242557564769026, 0.230544559209624, 
0.257260728589993, 0.249367931232635, 0.275739689990936, 0.250685274060075, 
0.236917291398959, 0.235181663448622, 0.251374686540531, 0.261062169621545, 
0.259363029424982, 0.232738239174136, 0.271731080982507, 0.243471646439942, 
0.239073709743103, 0.233700587896107, 0.227351622155198, 0.234321002506698, 
0.24157770146836, 0.267065636440167, 0.254813403749796, 0.234434583736173, 
0.241471946040766, 0.231672812231855, 0.226374699652519, 0.248306629691062, 
0.225852408249983, 0.242753255691935, 0.241482394982443, 0.249267920479782, 
0.237582386738077, 0.225879992447356, 0.240135178785852, 0.25772609232666, 
0.241856905447379, 0.255364250126297, 0.278831542045967, 0.234760011603159, 
0.227152275822546, 0.271872295308851, 0.236930353364858, 0.271620524938324, 
0.246890567620867, 0.244384295715869, 0.254236638268632, 0.235865733451596, 
0.232816431459663, 0.255941052902364), dim = c(100L, 3L)), variance = structure(c(0.0226131651572602, 
0.0276916273427324, 0.0263243892433362, 0.134854873056711, 0.0250314212621503, 
0.0366619955582783, 0.0538668687306327, 0.0224653537176324, 0.0470614016667599, 
0.0334335904015092, 0.0605897926721005, 0.0259825668396364, 0.0286610179960303, 
0.025909271129792, 0.0320473514720099, 0.0734377106043591, 0.0224048824916869, 
0.0990599218765352, 0.0258046942384291, 0.0230436184215147, 0.145358157661766, 
0.0283895479518447, 0.0218142060835063, 0.0299015458173516, 0.02342990615289, 
0.0252743675082678, 0.0627544629520446, 0.0274418136878406, 0.031744941346521, 
0.0225737754707521, 0.0200241893572086, 0.0322295768218381, 0.0566257866645708, 
0.0248902717054086, 0.0583842497635535, 0.0226293445415532, 0.0262750655371136, 
0.0305527645619487, 0.101239324447993, 0.0225756878814698, 0.02341794832784, 
0.0225448272435343, 0.0280344147679247, 0.0260293297642346, 0.0209280082050935, 
0.0301413681964168, 0.0657346861888539, 0.0196994847204801, 0.0366477472400028, 
0.0345386496994823, 0.0203973454906353, 0.028009804954618, 0.0254290525875092, 
0.0277092315731675, 0.0377995419409797, 0.0320730374308511, 0.0261097159429619, 
0.0347184051806844, 0.028057785603482, 0.0272205065815161, 0.0379435504082554, 
0.0328343183017527, 0.0201926764850596, 0.0221437617038196, 0.0362516026486341, 
0.0272735773901301, 0.0432619858621081, 0.0287136727924157, 0.0331297466778306, 
0.0309104328651059, 0.0209317712167434, 0.0345172045404003, 0.0282022077543341, 
0.0281049722347884, 0.0215681177045311, 0.0549965160306377, 0.0239477343160305, 
0.0188647499464913, 0.0240200245272437, 0.100246864110263, 0.0263279110812873, 
0.0274418592550145, 0.0312031171287638, 0.0266266788627606, 0.0377634172576942, 
0.031005177949589, 0.0237543324691563, 0.027776586973556, 0.0435487331085747, 
0.0282406726593246, 0.0234293932659013, 0.0467042502300763, 0.029461309039183, 
0.0639547081198899, 0.027653307983847, 0.0248978399882124, 0.0321089630080626, 
0.0255737841687344, 0.0278801708150486, 0.0236701248964261, 0.015195724124728, 
0.0175734039566607, 0.0173877331979594, 0.025303002709821, 0.015229115812765, 
0.0163141889157359, 0.020039712406981, 0.0177862285774009, 0.0214211410344087, 
0.0199840692895495, 0.0194451419529444, 0.0137715624318147, 0.018395704404208, 
0.0175737553320818, 0.0174402456422421, 0.0218121437873063, 0.0160615034093867, 
0.0216439218220063, 0.0176477884639621, 0.0169165944973901, 0.02514574366243, 
0.017216752688541, 0.0174996476345891, 0.0195000503901199, 0.013362931082033, 
0.0175492871897023, 0.0238752413937118, 0.0194132553115181, 0.0157949676741486, 
0.0168987056819255, 0.0150787106807457, 0.0184334406971405, 0.0212009973728665, 
0.0150840572939421, 0.0230505216185067, 0.0165630726682625, 0.0187824728872286, 
0.0184204385325919, 0.0255621298646595, 0.016870935185801, 0.0163888974815355, 
0.0161697526764147, 0.0158944519492083, 0.0173882024262356, 0.0138561904696129, 
0.0197943022495952, 0.0216690464616159, 0.0134215792693822, 0.0189587967651393, 
0.0195908899423995, 0.0148297823859574, 0.0194474737220035, 0.0173423275396302, 
0.0174948367898277, 0.0203514473668392, 0.0196159213456677, 0.0179556572319174, 
0.019334329490398, 0.0173708962039443, 0.0190599157736209, 0.0164513187948846, 
0.0165743453808987, 0.0161774877528908, 0.0136065238905733, 0.0196892037543489, 
0.017316916468265, 0.0207994649010659, 0.0178039720312904, 0.0173606642381461, 
0.0173644003401459, 0.0161521581168758, 0.0189599729838841, 0.0152271843729705, 
0.0177496971995956, 0.0165849515181431, 0.0216623326755529, 0.017364978793805, 
0.0136944464005702, 0.0176486127194871, 0.0227008511732119, 0.0176865289566897, 
0.0164183374928042, 0.0166932777961118, 0.0181360438880525, 0.0205526095383805, 
0.0191924536091224, 0.0164001665703793, 0.0154488330944222, 0.0184290946205161, 
0.0171464046646095, 0.0137880298248634, 0.0205430874028288, 0.0179343772988728, 
0.0229962849027066, 0.0164798350606681, 0.0181325339445232, 0.0203107959215555, 
0.014642013044138, 0.0169750220442589, 0.0154588919823301, 0.0135557587711218, 
0.0148798103740802, 0.0164429472831798, 0.0245404972676884, 0.0144035608794299, 
0.0174897357752203, 0.0184840763431417, 0.0147519794759719, 0.0210803980994505, 
0.0194306730505235, 0.0193915457186776, 0.0123578673521924, 0.0172113074263039, 
0.0156965890146029, 0.0184414258536382, 0.0167063975384686, 0.015852518371353, 
0.0190448982828555, 0.0159459310508303, 0.0153829322763093, 0.0244470095744856, 
0.0175106512512256, 0.0145647757114046, 0.0167059626035902, 0.0112845483650398, 
0.0159317447299692, 0.0237488671335174, 0.0149530839694188, 0.0172153000337176, 
0.0156005037445666, 0.0146763952566828, 0.0176435796858234, 0.0162124837360582, 
0.0142896074971839, 0.0212237141765503, 0.0153653504321467, 0.0157545247549655, 
0.0197644117211877, 0.0253703629324356, 0.0158848883748566, 0.0142842982672271, 
0.0151498002246128, 0.0177616556679785, 0.0159634296946041, 0.0134263342693752, 
0.016352171686487, 0.0167893119881302, 0.0123408566387777, 0.0192620275133896, 
0.0188980791229399, 0.0144410775038634, 0.0156490222965248, 0.0141508270225376, 
0.0171840295138563, 0.021785653901635, 0.0166351083711284, 0.016811927922596, 
0.01569799428692, 0.0182490473987951, 0.0145821257350493, 0.0175319619762763, 
0.0154238278333088, 0.0144496187001717, 0.0113267730064297, 0.0192749355568701, 
0.0166511374024972, 0.0156788151906631, 0.0174688943680786, 0.0155444827718378, 
0.0171228002397048, 0.0145826406189726, 0.0159312278887235, 0.0135447510098276, 
0.0157741613986378, 0.0140173706665559, 0.0188443846614332, 0.0142578043884363, 
0.0116176812911491, 0.0155988456520845, 0.0202094925700992, 0.0141400545694952, 
0.0186462212478687, 0.0153501188855368, 0.0169224300014581, 0.0190127613965739, 
0.016799922839991, 0.016111793256488, 0.0140118765548383, 0.0179183195284149, 
0.0180363421907417, 0.0119707058784659, 0.0217959391988477, 0.0184804039886483, 
0.0208609735783255, 0.0176699755043345, 0.0155480380226796, 0.0151218689691113, 
0.0130473164598328, 0.0172037707393678, 0.0154663866245807), dim = c(100L, 
3L)), MSE = structure(c(0.117538262368914, 0.0287572759934226, 
0.222391635006557, 0.136385205045439, 0.135965236082156, 0.837560596045866, 
0.17052210672862, 0.216624207396633, 0.0998600729247392, 0.693445304083905, 
0.1488271663679, 0.0794613686787876, 0.532243928814285, 0.131729096087814, 
0.0397109672755869, 0.106429819704921, 0.0350185805824198, 0.129391103546297, 
0.0854009633370207, 0.0287655424599466, 0.226991582361282, 0.47300109602747, 
0.0360009271215486, 0.0348299059229959, 0.0242795071421461, 0.149129347134453, 
0.0663485040307966, 0.0271702637541197, 0.139138884502158, 0.0503753511800541, 
0.0204713547460819, 0.1082172959124, 0.132527809778643, 0.61210459477321, 
0.0853874223717949, 0.587494049650933, 0.0549650887975063, 0.109470204372077, 
0.19219193978578, 0.0238406147529207, 0.919842083644121, 0.390134856838155, 
0.697693825302942, 0.0734888291181644, 0.300842900049701, 0.194855268564329, 
1.14038127682129, 0.0205032984176066, 0.4324633498104, 0.637026588672136, 
0.0714130707660072, 0.0295236276731502, 0.0469787607157866, 0.239975987173865, 
0.618892228931557, 0.305790647439279, 0.268603670779069, 0.123532338459197, 
0.491304812658379, 0.93521833458387, 0.0881146543678408, 0.0388201397930707, 
0.292176496273865, 0.241374942787857, 0.107382543522479, 1.27194680474708, 
0.0570342778282059, 0.543699711211658, 0.042263021343678, 0.0409020682602502, 
1.35030584037353, 0.0394187234720096, 0.0994305527749646, 0.028502819129942, 
0.049096941210924, 0.0548053001594616, 0.167699381682199, 1.13347862425568, 
0.286766168706679, 0.43274335262822, 0.386323831580223, 0.289466132370458, 
0.0547237428056326, 0.573602254162871, 0.125036714127604, 0.0330639745467984, 
0.637939933416391, 0.185942819292111, 0.0763600150819558, 0.25639854444639, 
0.0297059836107553, 0.0871355701825042, 0.149007324167603, 0.235049984334085, 
0.383879933021203, 0.31137774895189, 0.562374640177633, 0.248323864991304, 
0.0694913452256465, 0.0444287157529528, 0.1358392686883, 0.0290146769612083, 
0.230846139637979, 0.0310204484845815, 0.14857417059654, 0.740177790369086, 
0.111517219862076, 0.223131187353736, 0.0518258551201268, 0.612409413651409, 
0.142440606301334, 0.0802832294196554, 0.484891433344905, 0.110439883064074, 
0.0311583237066696, 0.0911706903868341, 0.0166481641567124, 0.0713938684323711, 
0.0844933719536106, 0.0167482104469035, 0.198802720589931, 0.480621227732956, 
0.0287500941496858, 0.0201026656844001, 0.0179825289815634, 0.147357370139049, 
0.0406356059619738, 0.0294235715864697, 0.150729062101311, 0.0577604179345601, 
0.01509823312861, 0.125544044854306, 0.067887457698658, 0.651852154020324, 
0.0278684508955786, 0.477200985066959, 0.0319385994276201, 0.110459666924773, 
0.200305149896942, 0.0199139463328002, 0.815467525661262, 0.470695677291291, 
0.738711602456802, 0.0694778687587291, 0.260330762070883, 0.176471469999841, 
0.977735846419748, 0.0145913347113639, 0.459496378183944, 0.63153361550274, 
0.0626823148479813, 0.0197587258878871, 0.0283935650662922, 0.193456847822573, 
0.653761123441453, 0.270884851604135, 0.248218485121752, 0.131859136903663, 
0.529552084521004, 1.09548363181762, 0.0441359788765945, 0.0326578502880189, 
0.27736642605966, 0.199219517314625, 0.100206887971138, 1.41968987907853, 
0.0435077150249155, 0.570704273483113, 0.0317473450144984, 0.0205796410580488, 
1.25643208471277, 0.0199330188472305, 0.0645489237340078, 0.0191837085781477, 
0.0435729434062271, 0.0342526724321025, 0.182607549202882, 1.06825200996238, 
0.360729190598874, 0.23867074360184, 0.313581465580519, 0.245184472087143, 
0.0267491540296949, 0.567355335165939, 0.0895989012316248, 0.0225934098983042, 
0.745310485518532, 0.192518015530223, 0.072718013186427, 0.262954820333317, 
0.0272671261952045, 0.0540386990562148, 0.170416344595205, 0.117849551277762, 
0.411471093737722, 0.241812429209416, 0.568937421536513, 0.273171676627839, 
0.0470993939002481, 0.0243522806087297, 0.13458447388472, 0.0284133235785795, 
0.229761808717774, 0.0283040387008837, 0.147073987126656, 0.744588049868503, 
0.110795939527065, 0.212871926366496, 0.05422980569667, 0.611167037698692, 
0.151285594099416, 0.0798465917696306, 0.479481960113422, 0.105780423679441, 
0.0340600781923139, 0.0898836830285254, 0.0168707430143138, 0.0672230092133946, 
0.0848608127458669, 0.0152646683571257, 0.188761388274719, 0.487004794126315, 
0.0277538341776122, 0.0168629522903815, 0.01655219204464, 0.148047092241311, 
0.0408754976927762, 0.0270796651507755, 0.151548585592131, 0.0570813486248399, 
0.0145399139751512, 0.130742782097826, 0.0605837949577318, 0.649880135401354, 
0.0282139131217689, 0.492123518757841, 0.0301898156831443, 0.111068805882602, 
0.183321548688934, 0.0191205317710404, 0.823208160831579, 0.452769546906692, 
0.745784658330705, 0.0675459921081643, 0.273446620819637, 0.174469552223185, 
0.986099996869935, 0.0127836086356256, 0.473921594484107, 0.622745310532713, 
0.0575750950174949, 0.0161566824253188, 0.0237954743529949, 0.187767837611391, 
0.654512969418631, 0.258553732648733, 0.249222530054991, 0.131422748887012, 
0.534707243915416, 1.10940569310834, 0.0470087428203917, 0.0342230314060037, 
0.274990577251766, 0.190634491050619, 0.0973922953815387, 1.43877635562091, 
0.03933304392908, 0.571945898607752, 0.0302870517946006, 0.0208424836735687, 
1.24898265617934, 0.0172196884655987, 0.0587308740844966, 0.0179981995231497, 
0.0402069303477443, 0.0301060987973695, 0.174854071815054, 1.04831864868067, 
0.350794542859054, 0.237061732866449, 0.301416219373263, 0.241244875614169, 
0.0236487978624642, 0.56154711816408, 0.0929717930386705, 0.0218076467024136, 
0.73730329386262, 0.192257002742807, 0.0777445136057641, 0.262055096978652, 
0.0259197647162062, 0.0563255047344543, 0.178499693498819, 0.122393700540744, 
0.414635905629244, 0.244845134803402, 0.565820091202907, 0.281763419239946, 
0.0475446248461977, 0.0260924773551006), dim = c(100L, 3L)), 
    Time_all = c(elapsed = 1.85999999999922, elapsed = 1.52499999999577, 
    elapsed = 1.58800000000247))
