list(MSE_matrix = structure(c(0.26554077870051, 0.244647685633037, 
0.272371260388453, 0.287179872366416, 0.275066449975942, 0.370065435026418, 
0.245253067369166, 0.269867919014504, 0.250347871508143, 0.2370690411041, 
0.288803552983322, 0.307448066544697, 0.28535138170694, 0.262956423800231, 
0.28179922927584, 0.343925930207032, 0.267662089815271, 0.299373491249903, 
0.271613483905634, 0.304936935669974, 0.303449766753174, 0.296113506963835, 
0.291214164005083, 0.257832432200595, 0.288375893794497, 0.240707296633581, 
0.269939855505411, 0.270859443801427, 0.250959162763137, 0.27474971735555, 
0.275422452286552, 0.2559047407371, 0.301636121968389, 0.256076556478571, 
0.262465267716225, 0.254609840061386, 0.242299279964157, 0.240650155788104, 
0.27808434525765, 0.288785966361884, 0.329437972229119, 0.291310339752576, 
0.274590859064328, 0.246941434436144, 0.293583674641596, 0.26910063980557, 
0.26924790706052, 0.2312200442948, 0.273081402444571, 0.281166307770958, 
0.271237777489957, 0.268482298962843, 0.26557144779164, 0.248968995634934, 
0.229546904767611, 0.253028124384012, 0.290673819975791, 0.251252323532225, 
0.246958282985246, 0.287043632487137, 0.270862277660533, 0.289508180176514, 
0.271098849986365, 0.24533144684599, 0.25010091030084, 0.269612440932873, 
0.28420318301841, 0.270921940758137, 0.311215025888567, 0.280851237294292, 
0.278995523550422, 0.236761599142536, 0.261751880913807, 0.300442143442116, 
0.224319349269676, 0.248949246137704, 0.269621900595048, 0.283229999081759, 
0.314266404961933, 0.261541424888116, 0.255393607850897, 0.249016456550544, 
0.293845928552688, 0.263745838891819, 0.278335839542259, 0.261421057908357, 
0.290653371480843, 0.266703543499939, 0.29144082177339, 0.320619118357174, 
0.33873575339294, 0.300798530116665, 0.245906690888144, 0.270364878033372, 
0.291369162746069, 0.25518318738493, 0.297704195970101, 0.242786229050003, 
0.291873908675513, 0.256131302308443, 0.254829432493993, 0.227315218081399, 
0.236302627187854, 0.247188658720818, 0.254879005147399, 0.298492938489167, 
0.240204352346307, 0.25737053826337, 0.244568433018412, 0.23645417980423, 
0.260469204460116, 0.259079416830113, 0.243706105977128, 0.241725914745292, 
0.266625478241332, 0.305754566394807, 0.265752462641888, 0.259423567789799, 
0.249348819187912, 0.276737869637743, 0.254291395051889, 0.248501423128159, 
0.281241585528913, 0.246789045564712, 0.268740411873137, 0.232043812880767, 
0.258362935180975, 0.268747831676824, 0.231006947711667, 0.255571690389531, 
0.25322651995827, 0.238422774472101, 0.237372257074757, 0.232492248139088, 
0.240481137183474, 0.248887492150476, 0.236285391191733, 0.243162166309507, 
0.254041435300283, 0.247123249803235, 0.253807650730478, 0.257120308175655, 
0.270247060624108, 0.252305711284943, 0.261246752205477, 0.237860161071991, 
0.25486960531229, 0.231242343610245, 0.243566170904391, 0.258616490107131, 
0.26415135474602, 0.24011086397569, 0.245491474113231, 0.236830325301048, 
0.237426924867184, 0.246123275779687, 0.256773941467443, 0.234182503996566, 
0.231619995406293, 0.264236531845334, 0.264401417723367, 0.249583636852969, 
0.269416062431834, 0.233512014897916, 0.227162634250715, 0.236490225070931, 
0.257217306272578, 0.266922620505454, 0.277548392512494, 0.253498349495427, 
0.259420016589719, 0.228462052256074, 0.256345266441007, 0.257080082191773, 
0.226378395200551, 0.24469488800884, 0.23451170595393, 0.251796181818009, 
0.249139974669705, 0.245894831122949, 0.251980182999486, 0.2425990749665, 
0.250377340914075, 0.252049862205239, 0.242971769381807, 0.248716802999489, 
0.259578725484625, 0.264026608845545, 0.244205958240893, 0.278400419621357, 
0.310521894947583, 0.266338749951983, 0.251467214013661, 0.250438943385048, 
0.264979376877791, 0.243346817201132, 0.268490238601661, 0.224393229806468, 
0.232033769100579, 0.259645160895568, 0.251824753593718, 0.223715241586991, 
0.232863905717328, 0.247153012365782, 0.264218874707955, 0.311414267686854, 
0.245769456744661, 0.258051049921552, 0.243877753059387, 0.23409343915406, 
0.255103122453128, 0.268886995968856, 0.258774165158804, 0.244030094947226, 
0.264995181595403, 0.311848760139155, 0.249735908986837, 0.25352211550517, 
0.252899829537463, 0.272499605281588, 0.250304041824039, 0.2457834694512, 
0.26896003448305, 0.244460676278037, 0.256696589318585, 0.233865752962601, 
0.251602479925563, 0.256495426612379, 0.235245747671059, 0.259708981036265, 
0.244943450316029, 0.245241221612723, 0.232502651757419, 0.243129241794098, 
0.246293306244556, 0.239200673011222, 0.244452257875872, 0.239608375972291, 
0.260893287359234, 0.243788277527479, 0.256776876454162, 0.252542196720613, 
0.272940002647432, 0.249746483550255, 0.277335681179878, 0.245734888208298, 
0.247465836547297, 0.228943229713539, 0.243419002514961, 0.270821308997055, 
0.256684706595735, 0.238352354840447, 0.241981132405419, 0.22898152376552, 
0.237549126917316, 0.247262150861544, 0.259645415732594, 0.236047856359115, 
0.254885163950157, 0.257470026505072, 0.257646445359508, 0.255639391001041, 
0.255022942740212, 0.228704604167007, 0.234505233937653, 0.232762595196757, 
0.268121009090516, 0.258054326756075, 0.275791352328803, 0.263405407981965, 
0.237340732608674, 0.224110031763368, 0.257728414707966, 0.26873932997103, 
0.228976447000349, 0.249872939721796, 0.245687964875245, 0.255559443106576, 
0.249848306333715, 0.242770457939951, 0.256639399056179, 0.249195134962786, 
0.24475480912191, 0.251628799151084, 0.239084309746036, 0.243856373808712, 
0.255553343649693, 0.255513813939624, 0.26578006276498, 0.265799489133995, 
0.301841995869826, 0.267729627755234, 0.255977235992653, 0.23950054163486, 
0.272206953230912, 0.233303235068542, 0.272904785011151, 0.222437010967705, 
0.231483103551806, 0.25682282215761), dim = c(100L, 3L)), variance = structure(c(0.0383450674520484, 
0.0353086671477299, 0.0311891207589566, 0.106292990442709, 0.0361388886163862, 
0.0571406817674704, 0.0676979011578149, 0.0334360366702728, 0.0300423145720957, 
0.0556375449571495, 0.1016143167998, 0.0403789641496906, 0.0309799495271267, 
0.0361262335262302, 0.0337419614952333, 0.0836207741888836, 0.0276897287969834, 
0.103765721121247, 0.0355487983058651, 0.0282023705352661, 0.117077219808356, 
0.0302402266496748, 0.0339487748445785, 0.0625921481633265, 0.0478418413902309, 
0.0358395758166807, 0.0945483346431136, 0.0338213037185442, 0.0519019278087175, 
0.0304611570222447, 0.0334341186000876, 0.0420214915725066, 0.0659331196969982, 
0.0366676693696153, 0.0533846245186547, 0.0279084207632856, 0.031929389360804, 
0.0410819441560573, 0.0565735992057671, 0.0354343429608689, 0.034186284221117, 
0.0282406774690667, 0.0407667369726696, 0.0315860659339279, 0.0319436375089344, 
0.0346906384033606, 0.103984448504587, 0.0378897490662094, 0.0336459286745747, 
0.0266956208748156, 0.030457116674896, 0.0409052990664805, 0.0352173128828923, 
0.0307319571865324, 0.0551108481780518, 0.0687822701680053, 0.0289300289151809, 
0.0456329158994576, 0.0311262573434947, 0.0332505284970751, 0.0634036011962779, 
0.0536027304408904, 0.0410912976713765, 0.0502783740102533, 0.0260702468881445, 
0.0330291491614067, 0.049532952196155, 0.0359270000027693, 0.0454700656391145, 
0.049839144003012, 0.0332508258404951, 0.0504164607981205, 0.0513647607069068, 
0.0342090241120088, 0.0383328904373361, 0.0690633804138496, 0.039578021539557, 
0.0446602122301713, 0.0287617154826052, 0.107933209378816, 0.0341228293153814, 
0.0306131363133693, 0.0519302375885881, 0.0297500468752056, 0.0334302376362596, 
0.0537777482209855, 0.0288717736280574, 0.0393188448090293, 0.0718450810786366, 
0.0348032084675976, 0.0439074598975659, 0.0705958048551239, 0.0320572706034032, 
0.0667958054188958, 0.0399395068873057, 0.0306607693323348, 0.0358044983114899, 
0.0493278812351332, 0.0412980996247651, 0.0295745604701616, 0.0167136817381907, 
0.0193269292428914, 0.0164644057461198, 0.0277605378367496, 0.0162494960906451, 
0.0196378350079155, 0.0214488498777897, 0.0179657281353351, 0.0169078280566366, 
0.0209175585162715, 0.0240662444963022, 0.0175138709395849, 0.0180682983814081, 
0.0192002494689506, 0.015482691465611, 0.0259505237163718, 0.0143222933000213, 
0.022826461786154, 0.0189227679007588, 0.0152509708591371, 0.0284663461217637, 
0.0156989720069488, 0.0179770860836572, 0.0303659816683754, 0.0195505803386278, 
0.0189074303217063, 0.024764427339339, 0.0184516502091568, 0.0186710592056259, 
0.0162798479794896, 0.0172360543539366, 0.0187825589517618, 0.0241829747679352, 
0.0164832086830552, 0.0245535320011115, 0.0147292436795235, 0.0166692701457992, 
0.0185447279008049, 0.0196416227038986, 0.0182396856669465, 0.017452791946005, 
0.0148793363597914, 0.0164655229255783, 0.0162370257709696, 0.0162548291152654, 
0.0183693685558188, 0.0345293192664494, 0.0180659349074427, 0.015855418413794, 
0.0167596887754895, 0.0166138423371512, 0.0200054039664675, 0.0188730007995674, 
0.0163961354738442, 0.0208957347076195, 0.0312644934944072, 0.0162259301115034, 
0.0206117863572655, 0.0165399350951989, 0.0177653721034113, 0.0211979817273394, 
0.0247228253137731, 0.019944398247417, 0.0213993954014463, 0.0163722210833388, 
0.0173833588872275, 0.0222260438237182, 0.0179047459975046, 0.0186426094494161, 
0.0206016174543587, 0.0166531962855744, 0.0233521256226019, 0.0241312972604213, 
0.0188466044232984, 0.0197944570113202, 0.0280681001134512, 0.0197154572526958, 
0.0197521562172252, 0.0154678519788176, 0.0311922172162512, 0.0181223809169308, 
0.015006150808834, 0.0242159088381441, 0.0167641757773191, 0.0194902256414584, 
0.0257910850532722, 0.0149196283982005, 0.0177133019567661, 0.0246737788934041, 
0.016940115742598, 0.0178587978524133, 0.0236361121240301, 0.0166579333805359, 
0.0274001569471321, 0.0172169157381357, 0.0163232579349959, 0.0195959849712336, 
0.0227395491355519, 0.0183385260655159, 0.0152059952084954, 0.0167840519384053, 
0.0176532686528971, 0.016405719911877, 0.0244221254051502, 0.0157496577490794, 
0.0186961438056396, 0.0207635720053821, 0.0161535257802963, 0.0155350725338848, 
0.0181545780066123, 0.0207537988769499, 0.0169687469752435, 0.0169179094653258, 
0.0177741080279094, 0.0167929789116639, 0.0225887648148707, 0.0156584637141302, 
0.0211958512824273, 0.0176356113291721, 0.0164970642097865, 0.0252219404272762, 
0.0147983163375104, 0.0161058872638731, 0.028828323935401, 0.0191373006300333, 
0.0176512531806714, 0.02102976419708, 0.0168363515478011, 0.0178691472669298, 
0.0163982586949787, 0.0163798649858366, 0.0180720345309463, 0.0212430780089701, 
0.0158443756943421, 0.0217927888877904, 0.014553526761689, 0.0167850289981991, 
0.016351127439324, 0.0175214809583442, 0.0173457520089868, 0.0185326871866259, 
0.0144784777752626, 0.0164195188250899, 0.0161601459097837, 0.0160458181621525, 
0.016941357170238, 0.0317576256284417, 0.0175066736882073, 0.017168316435169, 
0.0161070553537642, 0.0161435343596713, 0.0191162812213295, 0.0171895996931449, 
0.0155587136625998, 0.0181246570807507, 0.0296013857838595, 0.0158880668789537, 
0.0188087799665164, 0.0165918743166835, 0.0162870202962452, 0.0187458487534849, 
0.0218946325200457, 0.0181539362652155, 0.0204698334117158, 0.0155302422409572, 
0.0164796386385837, 0.0196974868718651, 0.016641944026491, 0.0172608739870981, 
0.0179896010678619, 0.0168859932568887, 0.0219820653045758, 0.0216907939063733, 
0.0174827305638765, 0.0179026252766224, 0.0253420387123254, 0.0199823109226072, 
0.0192439964795991, 0.0163268220006707, 0.0284504443102808, 0.0166263224845038, 
0.0159553024764072, 0.0211243192093657, 0.0162020185077847, 0.0181973190445541, 
0.0246918230080284, 0.0159245327571308, 0.0167211079987684, 0.0214855718920037, 
0.0153270354209615, 0.0177034528410464, 0.0215254888501378, 0.0169268892371555, 
0.0243456915151811, 0.0164879762740955, 0.0168903225773448, 0.0176456591258825, 
0.0205052712885982, 0.0168158838788769, 0.0153465375657951), dim = c(100L, 
3L)), MSE = structure(c(0.1253166841263, 0.0382473285274054, 
0.251362924700873, 0.10617937285925, 0.129808384831914, 0.821192432062299, 
0.196236475907303, 0.209270759354308, 0.0670026918850988, 0.787547862963894, 
0.231816405547618, 0.0835653798842284, 0.488006644229093, 0.131743793841571, 
0.0514877740057136, 0.143245251977702, 0.0473886240987937, 0.121379104678738, 
0.10265654562959, 0.0349203534259694, 0.211895751464206, 0.494243117589401, 
0.0536732510554689, 0.0768359754880762, 0.049064813368173, 0.169383487983177, 
0.0957611982424783, 0.0336763117885258, 0.177969992664504, 0.0564098292794992, 
0.0331283378147206, 0.158729656786384, 0.114722721477327, 0.579573992831157, 
0.0694429723418958, 0.623858630676039, 0.0601073962980524, 0.110155740419116, 
0.157991399849768, 0.0363325869515003, 0.949683690474372, 0.367170820718661, 
0.782006299233164, 0.0889320411111461, 0.362667535271378, 0.207060113566241, 
1.06050486197124, 0.03771728287709, 0.500473238994592, 0.699902024800011, 
0.0706224343230603, 0.0420765167951336, 0.0527006705631347, 0.232062109512451, 
0.621472428560232, 0.403709030554802, 0.286754215421406, 0.165896958326948, 
0.555514441258736, 0.962958360659075, 0.100689542022639, 0.0721075137196247, 
0.314019276329314, 0.240653966624732, 0.123073774041086, 1.29939294920722, 
0.0747319141514033, 0.599274804528177, 0.0471876074538649, 0.0547747605645582, 
1.36393494526047, 0.0509929657246041, 0.0959768018131891, 0.0339139745554723, 
0.0646670822524256, 0.0716465194210781, 0.18129903787556, 1.09011462289783, 
0.288924735040854, 0.407233409541368, 0.376814524480118, 0.239615140121642, 
0.0596397233774383, 0.553328339119759, 0.0974824432556081, 0.0592689430917783, 
0.587667559174077, 0.167145078828822, 0.131862329974479, 0.24141601487772, 
0.048522247036191, 0.0974242346841223, 0.201136729689917, 0.208687808143216, 
0.444791630904753, 0.316213550202964, 0.536449667084491, 0.328694680703982, 
0.0706917335393769, 0.0667948947572225, 0.131336791311257, 0.0312235591430906, 
0.269047520933094, 0.0383516871549387, 0.139287332586484, 0.719591853377639, 
0.109894874116229, 0.191360787493603, 0.0361698637342786, 0.631051722183963, 
0.180073955928017, 0.0823223130339197, 0.430157577951296, 0.109404137113473, 
0.0381140291419101, 0.121364037089427, 0.0173887291217662, 0.0724254885997567, 
0.0885941434640591, 0.015624927922612, 0.226700017897936, 0.504241682698453, 
0.0383882286230501, 0.0319698020841705, 0.0253574821492372, 0.151909802401924, 
0.0407050533212973, 0.0255976588000191, 0.167782911504867, 0.0544813867643445, 
0.0170950689884528, 0.159392416998101, 0.0534982693164819, 0.631343612406621, 
0.0263856634174407, 0.521292148276447, 0.0355810833350318, 0.103129583300034, 
0.215241118847524, 0.0213879577983354, 0.855390028690071, 0.424990385755594, 
0.796644088749267, 0.0875390040566505, 0.299172319125661, 0.196765728054746, 
0.94648924435461, 0.017893588504297, 0.507050987548131, 0.678951531691498, 
0.0559908654184961, 0.0213027108941975, 0.0325765949323672, 0.178006541672009, 
0.642034948142523, 0.299456525287171, 0.260192938028486, 0.165395481640984, 
0.594660417921138, 1.05649963761565, 0.0445742175980956, 0.052717206305584, 
0.269820250009211, 0.188843386681813, 0.117887207889136, 1.45651843040835, 
0.0594561817393941, 0.622800598783025, 0.0312616198884398, 0.0220056242585454, 
1.26407768827119, 0.0231847269825066, 0.057816445935837, 0.0211670509149919, 
0.0526311487059185, 0.0476545662590288, 0.170626366989761, 1.03008965003217, 
0.331207300971667, 0.219389689020515, 0.329762930782574, 0.205175239551357, 
0.0269493972055129, 0.545942565590379, 0.0749377234303877, 0.0280766080557014, 
0.693117808763568, 0.189268348661714, 0.101414873035727, 0.247353828569321, 
0.0307712399835549, 0.056185460561374, 0.207654635722169, 0.106289100044031, 
0.455502946321512, 0.261315875076491, 0.515737365749068, 0.324207376655252, 
0.0394514831334901, 0.0327741673080154, 0.140312360897508, 0.0310976840800117, 
0.268018453698228, 0.0345555516562467, 0.147175286250468, 0.686358832999259, 
0.097271395382001, 0.190571031741131, 0.03492787990395, 0.613633895469469, 
0.176667584275715, 0.0862601586984092, 0.422780610390915, 0.107677050150437, 
0.0462648833554065, 0.114705414831338, 0.0180874169642623, 0.0795700117591474, 
0.0868874165583552, 0.0165844562431255, 0.221271084843907, 0.491308602236702, 
0.0361481371803345, 0.0301290474535408, 0.0267342430308824, 0.149733826559341, 
0.0396720910014018, 0.0267174290907577, 0.182189724743745, 0.0593611829097394, 
0.016339083766541, 0.162693473785511, 0.0528211624164454, 0.648549006265294, 
0.0240622675358905, 0.516497604047576, 0.0343134042847136, 0.106958137554852, 
0.211543611581412, 0.0210572429633558, 0.841151090798333, 0.427684273626366, 
0.828246867124455, 0.08597495259705, 0.305181536460595, 0.196120729497816, 
0.939119673347945, 0.0173697217686064, 0.53604047458017, 0.672716592235803, 
0.0526854412445495, 0.0200227404825715, 0.0290248236603328, 0.181524572906714, 
0.655000611007365, 0.295862774535922, 0.251095611286224, 0.160131136346046, 
0.606061280909756, 1.08359457510893, 0.0379483439781225, 0.0517140049043825, 
0.268990310657259, 0.178782054191948, 0.116045291197286, 1.45114588284228, 
0.0537587988663152, 0.636952990834506, 0.03136153807671, 0.0186853239471802, 
1.23576923518842, 0.0219908010806186, 0.0523883623158054, 0.0200873327174188, 
0.0490418267416807, 0.0434028151238588, 0.17747809456215, 1.00503504847113, 
0.3391873609704, 0.221445248466121, 0.317049552650843, 0.192426466722243, 
0.0231300695350544, 0.555566298478797, 0.0760297920083051, 0.0279638413737454, 
0.702984480165996, 0.194317296004407, 0.0992444092492867, 0.255986103564424, 
0.0333461399410712, 0.0513960918428811, 0.217175502493733, 0.105828504854283, 
0.474124934868971, 0.2557793565175, 0.529872890145639, 0.332202504443123, 
0.0345047937692235, 0.0330817529295406), dim = c(100L, 3L)), 
    Time_all = c(elapsed = 0.630999999999744, elapsed = 3.76900000000012, 
    elapsed = 3.71600000000058))
