list(MSE_matrix = structure(c(0.251472714454523, 0.256292726429637, 
0.266791390169461, 0.254805710267465, 0.266873499549468, 0.255254022471477, 
0.227750734686231, 0.277146628321622, 0.262759593691326, 0.266037477273268, 
0.255300850212228, 0.25622112478046, 0.24408905779549, 0.266034935861886, 
0.264168520312336, 0.276071649537269, 0.315948228137471, 0.27715459929939, 
0.26292212528628, 0.243942885819661, 0.24175922928508, 0.278150672900017, 
0.244366054832395, 0.264049955131815, 0.25555992294481, 0.242311883609775, 
0.230606614959195, 0.273358549378646, 0.240321066678857, 0.25835356785628, 
0.233118669898663, 0.258441356427972, 0.262312959053749, 0.233235360005847, 
0.255906346943416, 0.249046907215031, 0.22999137824886, 0.239438408764744, 
0.244713191077408, 0.263544942922301, 0.247222543712434, 0.246721896106972, 
0.242732914192605, 0.249702865188723, 0.25152405950612, 0.267562016768673, 
0.256311638459456, 0.243722357955587, 0.257507848904641, 0.279984369464093, 
0.230849365765743, 0.235789241599699, 0.248309663402915, 0.25504973955057, 
0.247216336368537, 0.257508538256724, 0.247316550512348, 0.259770294995549, 
0.263841276475671, 0.249391807040024, 0.23836396511366, 0.277086243336455, 
0.246725307559193, 0.225580200596059, 0.27469445539252, 0.248358692928497, 
0.231060271650396, 0.2648186653504, 0.244676737622255, 0.237114272501406, 
0.246810759328575, 0.282659402106055, 0.240480496781867, 0.255934181712421, 
0.249312364461856, 0.246350815107254, 0.259171129543623, 0.237205287998998, 
0.273636820558692, 0.248807043996561, 0.249756131509612, 0.243989189178638, 
0.259051220036476, 0.223300625199031, 0.25218845623092, 0.24006393339498, 
0.249688728846565, 0.274837349500121, 0.252462496512732, 0.275144301219291, 
0.287045046935795, 0.248463571285303, 0.246247825006925, 0.243103106496026, 
0.25377172736424, 0.267624782813983, 0.248508996694306, 0.262958584016371, 
0.257865952719653, 0.237691112899858, 0.237668838428294, 0.268300611413419, 
0.235624986458236, 0.264622390072483, 0.247274674702509, 0.244313096864301, 
0.225550976458951, 0.237295595357522, 0.24880594092943, 0.245693844915606, 
0.250255420978179, 0.253965247240941, 0.231492841969702, 0.246479512505778, 
0.249567464556429, 0.246675569908153, 0.274611365222611, 0.264170028763209, 
0.240437364306876, 0.238241923898957, 0.234809696489099, 0.234776245135148, 
0.229090887020889, 0.253960883090562, 0.249502834199872, 0.231496193547784, 
0.232858242529249, 0.248872071773544, 0.243726426419903, 0.241268504237028, 
0.223384414248696, 0.254979245315257, 0.231035508861943, 0.233945128507941, 
0.235941551067689, 0.237741405510866, 0.233634030159539, 0.229045547178093, 
0.250920429205173, 0.248693908448403, 0.22676148443705, 0.232644845996359, 
0.23291795434991, 0.232516622597843, 0.239062518435966, 0.242379614563837, 
0.277324448177017, 0.231813095923946, 0.241122406091158, 0.259333926014816, 
0.227839867372173, 0.240542936427515, 0.238745115695275, 0.24263484741496, 
0.238518606567563, 0.250663973976065, 0.240543708337421, 0.247201261297335, 
0.247109636807981, 0.240934245056348, 0.244723308823078, 0.25727300538157, 
0.244384387646597, 0.239021856919909, 0.244067856318135, 0.22885545371461, 
0.230722543894292, 0.241812346186298, 0.232319729566468, 0.246100256642995, 
0.228331830538364, 0.243551623961022, 0.241371693607891, 0.239724296873254, 
0.233998613708483, 0.252248912928631, 0.25024334940153, 0.22934404077374, 
0.24779763344622, 0.23734106629888, 0.236429065810291, 0.228877486920235, 
0.24409521067213, 0.222843437041167, 0.25301084618637, 0.224589830556021, 
0.227325071802916, 0.283060449346696, 0.239250749701973, 0.253180667601502, 
0.249568522779607, 0.261136858264196, 0.241919479053662, 0.2396729963136, 
0.244002256987734, 0.264857467283481, 0.241320568296617, 0.251399864904405, 
0.248500387146257, 0.245136545877369, 0.236423283238017, 0.258717725215426, 
0.249447271924594, 0.255508408926004, 0.249911490529369, 0.248252760888272, 
0.220346469901615, 0.248588744793245, 0.253477465502472, 0.25106635359843, 
0.24486490412903, 0.240492721210278, 0.233203274959715, 0.249800271512134, 
0.253397430600581, 0.247157675274576, 0.281286643352728, 0.253780236128616, 
0.239786972440643, 0.238633021425381, 0.230496481176089, 0.241995126732382, 
0.230436801426847, 0.239517652820754, 0.247691049384339, 0.242882586065947, 
0.226037633127947, 0.250257013363291, 0.250029366130535, 0.236537105925521, 
0.229800339381376, 0.247235963024213, 0.227544393936332, 0.23262901592557, 
0.230164310074039, 0.24277689541336, 0.230101174878097, 0.227059955711009, 
0.231634836178032, 0.247141724591621, 0.229282960336827, 0.225729579316215, 
0.237432771063597, 0.231503987046324, 0.239872244428404, 0.242527807928316, 
0.263636649021051, 0.228566202694851, 0.246060866938268, 0.245766782887706, 
0.235785962867728, 0.235287031189112, 0.241024082179597, 0.246226619226337, 
0.244438398236338, 0.248110852022215, 0.240990905462623, 0.241054952100724, 
0.237920958571775, 0.237460685585945, 0.239823940789359, 0.238274699464416, 
0.248770829695537, 0.241454599918258, 0.247694294914039, 0.239600762122459, 
0.228164304527005, 0.253091128470806, 0.239314769423152, 0.257713232789148, 
0.224374045277225, 0.256277177967705, 0.240302394701521, 0.243267771514342, 
0.239880607527556, 0.240717126168973, 0.259338906903325, 0.228485457521477, 
0.272153059027766, 0.234483887859406, 0.238557106043445, 0.226699351332939, 
0.236191903198701, 0.224280991011455, 0.23309997631973, 0.232207152060541, 
0.239958066598251, 0.260596848709382, 0.245275588714487, 0.251829103135778, 
0.25136458335341, 0.252232681504908, 0.233336934201153, 0.231111211325181, 
0.243799607775743, 0.246512456243318, 0.236545900945932, 0.253937004571871, 
0.247280185266923, 0.241086796858843), dim = c(100L, 3L)), variance = structure(c(0.018388215548049, 
0.0184338174022282, 0.0219474577909253, 0.101514455323149, 0.0184230423864758, 
0.033569527487313, 0.0549205691831011, 0.0171282261640018, 0.0339349304477489, 
0.0369909247577076, 0.059109553176159, 0.0201214855651362, 0.0193739960225949, 
0.0172963357086529, 0.0157732494650237, 0.0587930675555128, 0.0210534784744726, 
0.106709003502041, 0.0171169591772949, 0.0200782129087229, 0.119948753695696, 
0.0178698147948206, 0.0173749991925199, 0.0192013109416052, 0.0177042176572207, 
0.0173589264973697, 0.0744079249702087, 0.0229516001951645, 0.0277788390704279, 
0.0196229504827161, 0.0213569678246149, 0.0288000492895671, 0.0433458653164859, 
0.0189363944530695, 0.0335768948184044, 0.0186671840767741, 0.0187768975804083, 
0.0238882133975088, 0.0470476586685228, 0.0192434930468887, 0.022500668472319, 
0.0187163578004594, 0.0197700259478961, 0.0218634930577504, 0.0171899328287432, 
0.0165946840859427, 0.0436272053914839, 0.0189513185707138, 0.0190643453551399, 
0.0296253698238808, 0.0211132538203514, 0.0211008862907918, 0.0204027013865072, 
0.0167370428660011, 0.0335032962604287, 0.0199969403591199, 0.0164019569984254, 
0.0273383278762809, 0.0210505729205128, 0.0223935524241203, 0.0333601231772502, 
0.0206501539933051, 0.0193202420138615, 0.0185663802807272, 0.0301113257979872, 
0.0165819367774977, 0.0309020679264533, 0.0192845847053449, 0.0341451296729733, 
0.0234355816043579, 0.0206275491761183, 0.0282981925920083, 0.0182429999239373, 
0.0164914907822463, 0.0197562599791605, 0.036215094173956, 0.0235926178982848, 
0.0209555065565184, 0.0194292894836985, 0.0744834350036506, 0.0211528783782924, 
0.0168810582300722, 0.0245608062755036, 0.015976369835041, 0.0292062907601611, 
0.0230439112521016, 0.0238424864985174, 0.025583020148664, 0.0369832313069281, 
0.0203863003815555, 0.0181850392899269, 0.035945970195256, 0.0232433698738154, 
0.0401089256513526, 0.0203044469262591, 0.0195723554442103, 0.0224335568252929, 
0.0210493777800193, 0.020629064944657, 0.022063522159824, 0.00994342794334866, 
0.0123941180335131, 0.0136493992699411, 0.0167009941318779, 0.0108279245596839, 
0.0169257987013765, 0.0184802392017282, 0.0106194009736207, 0.0171517599802643, 
0.0155571809645996, 0.0131996715783874, 0.0114078376099434, 0.0117239856422842, 
0.0115424985773783, 0.0116334814078612, 0.0114344047000024, 0.0128633663602405, 
0.0200647007866903, 0.0112928566946851, 0.0128895246925141, 0.0168731339984826, 
0.0104230979768981, 0.010704434741297, 0.0117802772165236, 0.00985203347715562, 
0.0112649709214416, 0.0158017873477276, 0.0119085377237183, 0.0155192395178669, 
0.0100742971721622, 0.0111543454922871, 0.0110002855414359, 0.0109582141154115, 
0.0112412705055708, 0.0151364831531566, 0.0115555606950681, 0.0118023791247046, 
0.0129340754667929, 0.0167361804084576, 0.0110003424823381, 0.0138314248832768, 
0.0114846783003298, 0.0127625974092049, 0.0135026216842985, 0.0115539072999562, 
0.0104101687097077, 0.0115027006791866, 0.0116019443568881, 0.010950967570757, 
0.014582229127322, 0.01106049611971, 0.0132261434964355, 0.0131407652470843, 
0.0104512427506872, 0.0138516293807406, 0.0116270445450061, 0.00993729196078392, 
0.0105371426685958, 0.0130682533613939, 0.0119033741304666, 0.0173481665093202, 
0.0121728564136149, 0.0120630400976408, 0.0104205123803674, 0.0154149301106607, 
0.0109237541803245, 0.0105594955056035, 0.0117013221880147, 0.0152081182675532, 
0.0145389568983452, 0.0101084157781966, 0.0142356612743049, 0.0121850212489977, 
0.0115836625462819, 0.0130435348930459, 0.0152743910264025, 0.0144817766369183, 
0.010842744598503, 0.0123978221871007, 0.0163540436919905, 0.0130331499379577, 
0.0120234308194953, 0.0147106418720477, 0.0101318038121676, 0.0143854139774713, 
0.0124314907658398, 0.0130590560388705, 0.0135274631437714, 0.0128134910907437, 
0.0120092914133698, 0.0100954996165892, 0.0133095076516061, 0.0110866796621439, 
0.0154656232644862, 0.0125633633676541, 0.0123955010760842, 0.0104679278238574, 
0.0131482427485405, 0.0126456142227049, 0.0128329137643191, 0.0107847605790506, 
0.010692097683877, 0.013160482932422, 0.0175714415619974, 0.0106231242079536, 
0.0111269963446852, 0.0128240252733728, 0.0105992926934447, 0.0160903124717291, 
0.0136547971831785, 0.0135928266601699, 0.0107647016578266, 0.0124188166474429, 
0.0106219008944398, 0.0116828258373404, 0.0135114767828922, 0.0122561683511804, 
0.014445239755095, 0.0106469167465872, 0.0119146866105154, 0.0176913769561689, 
0.00985205257900911, 0.0105525895216744, 0.0123844340160345, 
0.0101740774312091, 0.0107057581842275, 0.0146261798848015, 0.0116243792744593, 
0.010949551148595, 0.0114486895792381, 0.0107667531594108, 0.0130683986285683, 
0.0131817044437375, 0.0107270337702908, 0.0161722932829351, 0.0107334363008373, 
0.0108850473874459, 0.0113301050233222, 0.0176564012249073, 0.0110557810149607, 
0.0128111411644096, 0.0105824471234954, 0.0117018931944581, 0.0129848611944907, 
0.00944466357615902, 0.0106453561076295, 0.0127494701220618, 
0.00960119702995702, 0.0123619788272129, 0.0142996350520236, 
0.010624540009865, 0.0115822908307714, 0.0113960132325013, 0.00976890989304369, 
0.0123164802332506, 0.0124014806089795, 0.010903128919205, 0.012709996342119, 
0.013357985032064, 0.0116437918192939, 0.0114897591042708, 0.011993205564003, 
0.0108646470528812, 0.010297308090531, 0.0144444634282208, 0.00978469753542257, 
0.0127888041704186, 0.0119633184956443, 0.0134186739871424, 0.0114138106954029, 
0.0113890255670772, 0.0147525923443256, 0.0113486661786288, 0.0102812317145469, 
0.0113243921121833, 0.0160663940999808, 0.0128100571654612, 0.0103059869617482, 
0.0113995164177867, 0.0170274487811221, 0.0115606290041134, 0.0125767387321144, 
0.012766874055326, 0.0107381396091, 0.0149690489035775, 0.012164330873136, 
0.0125638622685395, 0.0120959274410106, 0.0130396506165643, 0.0107006188100955, 
0.0103703857097777, 0.0124541123366712, 0.012995832195792, 0.0164264497532478, 
0.0119350224447676, 0.0112831229909626, 0.0122664508203354, 0.011208599619649, 
0.0115576058327525, 0.0108173209504708), dim = c(100L, 3L)), 
    MSE = structure(c(0.118547382931632, 0.0190724265540402, 
    0.215024546998482, 0.105093244469166, 0.130267237166096, 
    0.811900051513096, 0.176224552485963, 0.20080299837553, 0.0715747979795177, 
    0.704350562080142, 0.151766038183965, 0.0708971858183493, 
    0.526660677470286, 0.123820218883893, 0.0270471762724724, 
    0.114078868592755, 0.0449296119471541, 0.128283140860012, 
    0.076543759275353, 0.0282977286549537, 0.196408627959103, 
    0.453045638265729, 0.0352349729795378, 0.0301382345948864, 
    0.0199184120906107, 0.140988634850436, 0.0793707439753791, 
    0.022976484538596, 0.142263600028419, 0.0501931047541678, 
    0.0211446253486785, 0.125198384249095, 0.0981237423380822, 
    0.605767637405945, 0.0600252626830597, 0.635121436814431, 
    0.0465904135435283, 0.107735252989517, 0.136447892228782, 
    0.0208842308220187, 0.940048955267978, 0.342339117832522, 
    0.696197971020419, 0.0679001918036988, 0.359734051382727, 
    0.173420961492706, 1.08447726456263, 0.019178803991252, 0.455204147113409, 
    0.695103213034423, 0.0589634185657341, 0.0218667586793128, 
    0.0427476310302107, 0.238032500960265, 0.634916963297001, 
    0.327323125093908, 0.258371803424356, 0.133271078708869, 
    0.481266699868674, 0.906641058213462, 0.0744723222064968, 
    0.0321566383213188, 0.287435769991962, 0.20868838597725, 
    0.126115093137843, 1.2289853690321, 0.0526340022051104, 0.527071521667194, 
    0.0388159681851858, 0.0320398501973279, 1.3199667374593, 
    0.0310524411921504, 0.0697602002232502, 0.0174909735092769, 
    0.0476926479793497, 0.0365388982526972, 0.169057393105276, 
    1.05594608451551, 0.273762021275968, 0.394481441243534, 0.386149040051325, 
    0.270294568418546, 0.0352368807521951, 0.563186591278375, 
    0.102323348799632, 0.0310952265910286, 0.568131969811551, 
    0.169455675021787, 0.0763140911641881, 0.253338317881929, 
    0.0258939436286047, 0.0645652945560403, 0.16397482714574, 
    0.210588145930541, 0.375949507091743, 0.307087803514755, 
    0.528661671106506, 0.293453044176508, 0.0629977630045946, 
    0.0636443643063545, 0.142198032866655, 0.0209312036498762, 
    0.245281585607901, 0.0221895637926523, 0.153399037625436, 
    0.732858471776636, 0.104614041899475, 0.192233372131954, 
    0.0407779047125001, 0.592020583323974, 0.147431761524973, 
    0.0839577043277217, 0.456553666866766, 0.11226095143415, 
    0.0307850877362163, 0.102091463753892, 0.0172693769320608, 
    0.0735692001029626, 0.0718958005081092, 0.0139680047904664, 
    0.189989603915457, 0.457280496803128, 0.0287582475537764, 
    0.0140816037545403, 0.0176877821974054, 0.132088669247451, 
    0.0367847929277599, 0.0176003956500173, 0.154626190883557, 
    0.0585009309130818, 0.011279786328064, 0.142239626675299, 
    0.0433336643158373, 0.667064237657847, 0.0192817253719605, 
    0.528205294174348, 0.0323275092729826, 0.113329653874963, 
    0.193221776072488, 0.0162192487506151, 0.87135272365678, 
    0.412971758582726, 0.755890340949115, 0.0752109184174266, 
    0.301926375324956, 0.180424349833407, 0.937038156933657, 
    0.0114979528181378, 0.489506042791295, 0.665519300467063, 
    0.0459723576540455, 0.0149374700724647, 0.0278903526278236, 
    0.197205863563351, 0.671380086389051, 0.283450755684817, 
    0.228197018998724, 0.147573285240027, 0.549945519957312, 
    1.03853755783105, 0.0452676040062884, 0.0352392796119904, 
    0.257217358498437, 0.17295060537678, 0.111126298437396, 1.38095899580732, 
    0.0449825684935725, 0.580428015438346, 0.0309643771226382, 
    0.0176434456492283, 1.20596630022695, 0.0143458875209724, 
    0.0490758866221016, 0.012196367896873, 0.045351719458749, 
    0.0301277354177729, 0.158601628691544, 1.00057022068809, 
    0.317124460161242, 0.223934706593173, 0.329012896342387, 
    0.221810057509519, 0.0191754122838361, 0.577565942388612, 
    0.0746529832582561, 0.013588871982425, 0.679518829614854, 
    0.197045809362413, 0.0766993587216577, 0.270179817550844, 
    0.0276859441010293, 0.0400485232983515, 0.189675962742066, 
    0.107259499754029, 0.420180783123683, 0.266043314847803, 
    0.513745162480656, 0.308492250511663, 0.0405294108175404, 
    0.0311530007077216, 0.138919579303634, 0.0188409516737769, 
    0.247669006287666, 0.0231053515500751, 0.149206902512357, 
    0.718343621913352, 0.0968335309714799, 0.187522969729563, 
    0.0377475130623181, 0.587694448464783, 0.14470361784433, 
    0.078719599406632, 0.450972830449382, 0.114902496008354, 
    0.0302284489556145, 0.100751801512729, 0.0160815437992461, 
    0.0701259070533223, 0.0685359684328224, 0.0126054063241105, 
    0.190785109488963, 0.458095661684776, 0.0302321543665727, 
    0.0144191642437587, 0.0164348161335324, 0.12737638091165, 
    0.0376601884732855, 0.0179228952901448, 0.153427539429076, 
    0.0600619734596678, 0.0112085512483807, 0.13961368293405, 
    0.0476824208268193, 0.657617580305826, 0.0203861079090711, 
    0.5291910929134, 0.0304353595656244, 0.112480530556446, 0.199661335283282, 
    0.0174004074662949, 0.854556621374462, 0.40896160228241, 
    0.757966899803697, 0.0758275577458189, 0.302587524722914, 
    0.181987746693447, 0.933280537244754, 0.00952606868737646, 
    0.484418024146226, 0.667357051171865, 0.0432569109368471, 
    0.0130115768066115, 0.0272062299294973, 0.195963277162494, 
    0.675588880125542, 0.282558455522634, 0.227692711712179, 
    0.14528402260162, 0.55410043304525, 1.0442896015183, 0.0369400598436352, 
    0.0330149610415962, 0.246880508460525, 0.178675581184667, 
    0.112499802124327, 1.38215283063361, 0.0450800020674443, 
    0.586188291138699, 0.028099216830974, 0.0138928040938892, 
    1.21014727165915, 0.0150702814900123, 0.0505039526714294, 
    0.0108232044286564, 0.0465777563459518, 0.0300448911321213, 
    0.162924009138015, 1.00641068576442, 0.321678987796547, 0.227375447710103, 
    0.329977790938872, 0.223621855971744, 0.0174802322750475, 
    0.581976767326409, 0.0756692779750069, 0.0137613267722291, 
    0.685133290054179, 0.190165600741231, 0.0740492061625411, 
    0.268058381844734, 0.025751107584714, 0.0381237303982062, 
    0.186666164923644, 0.109333354121572, 0.423417453725011, 
    0.259959902647642, 0.523049568336839, 0.304002791545131, 
    0.0380916762461486, 0.0295830895510703), dim = c(100L, 3L
    )), Time_all = c(elapsed = 5.091, elapsed = 4.14200000000002, 
    elapsed = 4.43300000000018))
