list(MSE_matrix = structure(c(0.26554077870051, 0.307498608308575, 
0.304604648113115, 0.257459012678962, 0.265295427318585, 0.264945545454914, 
0.261379071739402, 0.281564654260259, 0.252221403695825, 0.21932058430094, 
0.274902254056249, 0.248897121591256, 0.267910393013061, 0.282795805058885, 
0.24977065494371, 0.318219271508996, 0.233401137052289, 0.264232090318205, 
0.282619844046673, 0.277874837263188, 0.260580425865313, 0.241648197886697, 
0.235875674016924, 0.287381518177861, 0.294298871986777, 0.277044081679747, 
0.243051119767654, 0.283617808361534, 0.276205727637829, 0.296105816500756, 
0.290917354912348, 0.312117632462771, 0.252072940384948, 0.241712018463087, 
0.300348012040773, 0.249746009360324, 0.231839382402156, 0.255658451468758, 
0.309407435556336, 0.261474841847791, 0.25695838023631, 0.257891779391375, 
0.240275966728764, 0.273710087936799, 0.23787688812482, 0.279719917055543, 
0.319952701413719, 0.269253927868625, 0.291034628381192, 0.352593101614716, 
0.287913053911346, 0.26919591570558, 0.288072705026909, 0.26211790264695, 
0.273642925895738, 0.277509920850159, 0.280886028985898, 0.299214664339072, 
0.294504288703304, 0.262449450992593, 0.320544311445162, 0.28114627286303, 
0.274797095348855, 0.266001279192092, 0.267574728517886, 0.280663208690805, 
0.267251890102992, 0.371293785739337, 0.284805475195609, 0.256488241858251, 
0.258014205065019, 0.271436494314257, 0.232993055743678, 0.271555671106962, 
0.260408637562367, 0.25784046602363, 0.2398504327428, 0.310709185299154, 
0.276445588900391, 0.285597890182557, 0.292736645130261, 0.237613130209523, 
0.249577909263607, 0.27734452590057, 0.278712444065549, 0.297353935727976, 
0.26672233141788, 0.260997161481025, 0.270295031900424, 0.263663118244886, 
0.256945858496566, 0.260310640999505, 0.272916904416873, 0.255091229411039, 
0.31030669857107, 0.264389254703816, 0.267482307561737, 0.240987329923162, 
0.235677759124881, 0.283407305143712, 0.254230063020051, 0.24385695717044, 
0.25577045374812, 0.234094109178047, 0.246931684561796, 0.24929907736342, 
0.240755485999164, 0.269247290998935, 0.244104262709975, 0.236759568650833, 
0.247948628233776, 0.239201047571645, 0.245241288402927, 0.247133755318252, 
0.237104207794041, 0.261677015578939, 0.250650962397877, 0.240717175233568, 
0.254138354829352, 0.25240649105408, 0.250127199371137, 0.242814724510837, 
0.232750862752413, 0.253591527477225, 0.291809586957157, 0.272926362011049, 
0.229107029886524, 0.249782490118684, 0.258062313732484, 0.249087565286509, 
0.261865887543511, 0.279785458721902, 0.243889207315657, 0.224036211701791, 
0.27207931432984, 0.233568030988192, 0.221459018155061, 0.231381133443428, 
0.291806201721909, 0.249418834983923, 0.269164435764623, 0.249336296487306, 
0.243420123010681, 0.255782474108238, 0.240337065212587, 0.258534504675358, 
0.267630816885112, 0.25883190227387, 0.251190895815029, 0.250966436914601, 
0.264980603197225, 0.245587463455475, 0.251953454134127, 0.240349448007148, 
0.262074167096849, 0.251317271526456, 0.257514543633505, 0.264123384044617, 
0.239431147501928, 0.24967466426292, 0.265203250805182, 0.262296198742537, 
0.251852147011932, 0.262798388704269, 0.260619424604697, 0.244435503766597, 
0.266762129473547, 0.303385083511443, 0.288337155614712, 0.237471789857239, 
0.253109534402262, 0.244156156307016, 0.223673148277537, 0.257682374955792, 
0.233669895450071, 0.231762879298607, 0.227010470779395, 0.273912658134761, 
0.264675476294345, 0.262473751870173, 0.28321937924433, 0.222410202389364, 
0.230116724060362, 0.264316972369005, 0.239153070600014, 0.250704385883022, 
0.259419970321327, 0.244969646408247, 0.225814567049645, 0.248651501251356, 
0.236804672199495, 0.242669943509308, 0.251146317633002, 0.256527584389409, 
0.285216176406412, 0.232427194191786, 0.236328973551056, 0.226041080588462, 
0.244619037266955, 0.263986625871321, 0.274255011742632, 0.262727084391556, 
0.232455214756635, 0.230512953930771, 0.252033265936172, 0.239130205696068, 
0.233785575788223, 0.251769658257413, 0.236548422610529, 0.231054103913981, 
0.247825194507236, 0.25829503498415, 0.244258350602729, 0.259752607380269, 
0.240969820076814, 0.253959411681083, 0.236265884096598, 0.247011395244035, 
0.25452277710171, 0.257553850300239, 0.241938497784554, 0.238241440329666, 
0.236672166240851, 0.26810499578835, 0.255094538286299, 0.272227133534826, 
0.238383734903513, 0.258342985918291, 0.252450220129382, 0.234863524014381, 
0.268549223312811, 0.291196325043371, 0.235969886572634, 0.224760122324952, 
0.262231990736345, 0.237806414613929, 0.23024859299349, 0.230530720370422, 
0.319617912171703, 0.252191895545147, 0.260938744897768, 0.23588176991692, 
0.237013283206264, 0.251845912285116, 0.249274412649835, 0.2661756704088, 
0.280349431715649, 0.259204024300188, 0.258667057275896, 0.263026692548617, 
0.256917015570733, 0.244483704513729, 0.262994062376941, 0.254005977407399, 
0.257143695026969, 0.250898495563226, 0.253124701314688, 0.258812340190899, 
0.239930505956885, 0.247634516303258, 0.268632844273834, 0.265764201742583, 
0.253536635304274, 0.270006734106629, 0.260443096946205, 0.240622219420977, 
0.26626288480369, 0.310063285033278, 0.274756638979719, 0.243609118353279, 
0.24436746247033, 0.275885360639073, 0.226299064169884, 0.244207507386344, 
0.233574007959108, 0.229858404438553, 0.234088061550702, 0.275078614437308, 
0.262771363324307, 0.266038376315707, 0.262200124632134, 0.221932131681438, 
0.237071155736643, 0.264980941209661, 0.241686053996456, 0.269140129550994, 
0.258150897678917, 0.255532552569564, 0.239417832294529, 0.249191970466389, 
0.256059780933606, 0.246656567181503, 0.242093737832397, 0.251348796146522, 
0.264996042590419, 0.258487271632793, 0.242058318052323, 0.233786399513695, 
0.229745131214595, 0.273936070939308), dim = c(100L, 3L)), variance = structure(c(0.0414818925685215, 
0.0273922174432629, 0.0325070331350001, 0.132805189495039, 0.0384308407332966, 
0.0425515802834318, 0.0814750772568497, 0.0394030442004677, 0.0484401540662909, 
0.0469309918242417, 0.0830495485291233, 0.0394888703814029, 0.0414234544560855, 
0.0278267623753699, 0.0379726360569516, 0.0800658873706618, 0.0306019096393945, 
0.133018802115646, 0.0278516552982549, 0.0401729750725158, 0.146576885776337, 
0.0349219624111583, 0.0388818930868192, 0.048067122838939, 0.0425685635017909, 
0.027857759379203, 0.0988525220991609, 0.0228400704121769, 0.0346684877660111, 
0.0341329881472931, 0.0293399419442643, 0.049782956759377, 0.0623444687633421, 
0.0374340882104198, 0.0618592079435045, 0.033618900952145, 0.0419046790577261, 
0.0442191551211211, 0.097833142794195, 0.0283558785375877, 0.0435175891158566, 
0.0325658912444205, 0.0335582048450857, 0.0300252972310453, 0.0255114456982306, 
0.037086116537911, 0.0837722787920903, 0.0273301659221477, 0.0491985495171102, 
0.0343239312579373, 0.028766700512269, 0.0451681638361061, 0.0264604750512517, 
0.0326104529670312, 0.0607428605096063, 0.0514817463069584, 0.0315952303838379, 
0.0419702074409673, 0.0390425966611325, 0.0215918435917103, 0.0424939860972667, 
0.0417373576918383, 0.0292154905909767, 0.0375980061840443, 0.0343813102112138, 
0.0317891257524535, 0.0454726708651276, 0.0369332216578141, 0.036134218497922, 
0.0311141358334703, 0.0358540141431152, 0.0371269660968739, 0.0381624275432241, 
0.028569941629696, 0.0295533632787901, 0.0510045359258638, 0.0502858096111824, 
0.0327476558789903, 0.0410507679753352, 0.0849192271743795, 0.0246315385965483, 
0.0363291316276411, 0.0445335678292548, 0.03000592128842, 0.0416937114325678, 
0.0415924106886509, 0.0294266370611693, 0.0344530701465558, 0.058047208796095, 
0.0372292973953256, 0.0433408290906483, 0.0737931838232707, 0.0460061077451828, 
0.0644282365869144, 0.0348037638685879, 0.0427840632189211, 0.0289341592091767, 
0.0362147284512926, 0.0323993435339625, 0.0244404641544312, 0.0199929100722125, 
0.0171054535836216, 0.016116747627041, 0.024585457617484, 0.0203046415622405, 
0.0169885803043214, 0.020845719490548, 0.0209662543084956, 0.019777363980477, 
0.0228223926258431, 0.0247354594636404, 0.0211695745109935, 0.0204922615659474, 
0.016230750481315, 0.0197339803767547, 0.0256103432590148, 0.0191801490530397, 
0.0226014948667507, 0.0161885236348693, 0.0222968549235312, 0.024173044052767, 
0.0197465405750918, 0.0206781806522864, 0.0260609720739101, 0.0213293045997668, 
0.0161138359555957, 0.0268277711918047, 0.0177461798244357, 0.0161983547189413, 
0.018014005324371, 0.0176675274920631, 0.0250157364742287, 0.0242213054983723, 
0.0205218098535871, 0.0222307780336492, 0.0195992258055765, 0.0235202609328627, 
0.022982315114915, 0.023384886059481, 0.0162979114576977, 0.0228847596217126, 
0.0190818834746588, 0.0167143970885318, 0.0155407902187682, 0.0180128535926869, 
0.0224574181532614, 0.0283764597711775, 0.0191128432621133, 0.0236078569782605, 
0.0185752485515324, 0.0181377096481609, 0.0252391632601009, 0.0157378363505376, 
0.01903880727882, 0.0249712555809367, 0.0265233810429047, 0.0171073738599394, 
0.0224025295510233, 0.0183082609281022, 0.0167732490759876, 0.0176521222181471, 
0.0233742011311572, 0.016209936353357, 0.0216088931565618, 0.0184369034805238, 
0.0191938866259664, 0.0221449616670676, 0.0192584977570805, 0.0222297122066846, 
0.0182156747228434, 0.0188561083054697, 0.020299922019929, 0.0228147019401258, 
0.0175661361566456, 0.0159724501886145, 0.0211653964860065, 0.0250135921067315, 
0.0206167124431165, 0.0227482358936573, 0.0210251987824373, 0.0156281426415251, 
0.0186884189962158, 0.0233040603811808, 0.0167780999606285, 0.0199047932561722, 
0.0238911991628168, 0.0185042018023393, 0.0215623216507636, 0.0241199160675499, 
0.0215179727600114, 0.0209148882954698, 0.0273560295119349, 0.0240849064701737, 
0.0222029251888477, 0.0173805487997853, 0.0234989730677288, 0.0192450286090851, 
0.0218733648616955, 0.0177845390912858, 0.0171003387208047, 0.0196231151942822, 
0.0177867222775435, 0.019764717839381, 0.0207185756500916, 0.0191650047574148, 
0.0171517213030435, 0.0219348640579952, 0.0223427108471773, 0.0222386120428954, 
0.0237904085583426, 0.0250227871564585, 0.0196963087857679, 0.0225206119581424, 
0.0176335222121619, 0.0168071446583324, 0.0218060860620866, 0.0196414669135208, 
0.0252353246419524, 0.0175032482064232, 0.0241173140195903, 0.0204963240955125, 
0.018955190505128, 0.0221103809657952, 0.0254146500401733, 0.0207642866560996, 
0.017424046148326, 0.0301647327772989, 0.014545420514469, 0.0160183192731683, 
0.018217996067743, 0.0170353520473829, 0.0201468929533333, 0.020400907113997, 
0.0193032783780791, 0.0203029531096577, 0.0208337390854593, 0.0247764616143385, 
0.0230836878020184, 0.0227577463028081, 0.017048147196418, 0.0246086524343217, 
0.0200063395465766, 0.0165300415742805, 0.0186718089621821, 0.0166902179173247, 
0.0219570646993772, 0.0275716287235643, 0.0182946043373254, 0.0185643024994153, 
0.018763992753489, 0.0169961183015832, 0.0263383333368602, 0.0174067650899812, 
0.0187883722054273, 0.0263761059897825, 0.0260748088920389, 0.0174688716055189, 
0.0185325802622269, 0.0212352056838397, 0.0142064296614325, 0.0177374672904617, 
0.0233427651321555, 0.0179676699852164, 0.0216450303214035, 0.0196126534712386, 
0.0191445361481074, 0.0184465617722338, 0.019532000601003, 0.020877911731709, 
0.0176570173929302, 0.0189964914989417, 0.0199849167856359, 0.0233606073090103, 
0.0182319259623467, 0.0186967610152844, 0.0201656595870571, 0.0270875516080863, 
0.0205475346423096, 0.0245389078899179, 0.0205715914051767, 0.0164332973271817, 
0.0180505820855136, 0.0252341814990084, 0.0173683752371366, 0.0192714557273385, 
0.0222925909648504, 0.0184041426273067, 0.0200534995793485, 0.0240834529437905, 
0.0207273643267147, 0.0201526970462675, 0.0289951098436404, 0.0196577943621563, 
0.0202591615173794, 0.0176430211887033, 0.0251628913512212, 0.0156390306873575, 
0.0230688048883317, 0.0175481185972601, 0.0166913630159516), dim = c(100L, 
3L)), MSE = structure(c(0.137057120739005, 0.02932929974225, 
0.244316064048599, 0.135425649904837, 0.147981479658108, 0.853748051429798, 
0.213946261402524, 0.224819806457666, 0.0869285263935324, 0.685931870380001, 
0.183037741693125, 0.0816602872548785, 0.516911823687661, 0.132761833346299, 
0.0514448156497797, 0.122565698928894, 0.0456972048879, 0.149988916234488, 
0.0875571333953845, 0.0461478020097354, 0.220274235800194, 0.452166002846008, 
0.0555729455773567, 0.0547888922735958, 0.0433344393067685, 0.151220884109028, 
0.111942662922074, 0.0233272039981875, 0.141869356986779, 0.0641886772820728, 
0.0291843287329995, 0.140176575603478, 0.130291820635447, 0.617065011747181, 
0.082587670796611, 0.601804862215553, 0.0669060984546613, 0.145543812754263, 
0.200377953987465, 0.0300720353114829, 0.97190304831142, 0.394545741509184, 
0.733101451735624, 0.0827512597084194, 0.327432666053215, 0.190770080782128, 
1.14734885068365, 0.0270763239171793, 0.491602359572792, 0.67262200682139, 
0.0731906254173311, 0.0457604859733827, 0.0460500486925851, 0.258791199273345, 
0.722791582068718, 0.339776831845732, 0.269483524493285, 0.134659208677907, 
0.541211786873808, 0.975620873703494, 0.0978997720383102, 0.0545130639453964, 
0.292640864236048, 0.235643131250125, 0.120031881836694, 1.25300416917466, 
0.0598938820485831, 0.562582483153451, 0.0386767464826523, 0.0439968177667804, 
1.3452953437528, 0.0381269329323892, 0.0883901863252305, 0.0287389534916674, 
0.0592110749942597, 0.0526025365314663, 0.183950330195184, 1.09344764306061, 
0.30738246519896, 0.399184186205735, 0.3702888446836, 0.267234064958502, 
0.0531440274913583, 0.582144501979033, 0.114745229578469, 0.0439033289930939, 
0.619668631016003, 0.164336955165208, 0.101754309218809, 0.289577302016938, 
0.0484334588540974, 0.0920925556223939, 0.187740112247719, 0.220564503112592, 
0.406661777709766, 0.32267572815867, 0.576915922929361, 0.30604607273295, 
0.0737599988682961, 0.0509375329441793, 0.148123272651764, 0.0259408433087188, 
0.259713336521481, 0.0354671511229058, 0.1580703244173, 0.74573943268736, 
0.115991372228941, 0.196879833733629, 0.0400535023758032, 0.601086207878238, 
0.1694264173332, 0.0886508592215523, 0.444616412693249, 0.120392615371032, 
0.0391390300193792, 0.0996279731060535, 0.0223505520713741, 0.0676626718757425, 
0.0739838921368209, 0.0226000958681854, 0.223637973532088, 0.466147851282536, 
0.040463316385451, 0.0277127669862611, 0.028091029805766, 0.132529422013332, 
0.0506572050249963, 0.026828629071199, 0.152708918871655, 0.0664027117697218, 
0.0179102950593894, 0.147057552789232, 0.067168750246525, 0.665035906626704, 
0.0238538487131971, 0.525835553914934, 0.0407769370533211, 0.125115659512048, 
0.217858657749192, 0.0226302594346532, 0.866344695498795, 0.428147506322616, 
0.772289823660791, 0.0817699546372207, 0.303892095569538, 0.189924965332435, 
0.930787933391987, 0.0189234174112951, 0.498339372227444, 0.6785099554556, 
0.0522729837488402, 0.0259005254927771, 0.0311762614190733, 0.205485945754466, 
0.69363455756986, 0.297319531769346, 0.23360974438415, 0.143922188143493, 
0.579431633340177, 1.07783243473736, 0.048630794493601, 0.048974504632519, 
0.249871321449021, 0.185405288383699, 0.118000125751561, 1.39411583842768, 
0.0472764152078036, 0.601741393273805, 0.0354518715875733, 0.0218868326580598, 
1.21831341481136, 0.0201011735333705, 0.0575233054301553, 0.0181820174741614, 
0.0525640073265334, 0.0424910567535409, 0.17555024628816, 1.01419798860828, 
0.340904985019608, 0.203997302481211, 0.329455721727062, 0.220942660813539, 
0.0264672386773344, 0.58828478393929, 0.0747351873809784, 0.0264780341815878, 
0.694872284936804, 0.196365075820369, 0.0943549509344139, 0.279440667041128, 
0.0364429333819643, 0.0504784279445428, 0.197657488369549, 0.0989172864943507, 
0.43614950978272, 0.264892538451854, 0.557506323536353, 0.322142236060769, 
0.0442043933018673, 0.0342271871777454, 0.14700976049914, 0.0295556072949686, 
0.261479164250583, 0.0292146911695386, 0.159205277185891, 0.730072010987042, 
0.10800122210304, 0.2083901586701, 0.0485024490706999, 0.583381037202256, 
0.174372315478709, 0.0941665725212543, 0.455858804556096, 0.111194136475652, 
0.0408360477852592, 0.108317527939931, 0.0209558810107683, 0.0766472058429272, 
0.0837698520450736, 0.0239375551644894, 0.210671509771176, 0.479793305307177, 
0.0385878856750334, 0.0264002917391152, 0.0284858300183219, 0.14574467383548, 
0.0559823728125548, 0.0240317832150057, 0.15820000991117, 0.0618321514940104, 
0.0168944425372233, 0.156876394601191, 0.0553550201911553, 0.67260310102398, 
0.0242637256411613, 0.507821474572065, 0.0391075142358037, 0.125470946009131, 
0.201052876087125, 0.0209695024616919, 0.836861996597773, 0.446879277835713, 
0.781330608651119, 0.0842866604408461, 0.288061605383734, 0.182105314865549, 
0.943270298991332, 0.0182074336825875, 0.521282069355588, 0.640943889996801, 
0.0565521287214598, 0.0265071291568664, 0.030201048962978, 0.19260543577358, 
0.696325156712058, 0.287632279968186, 0.247254491875856, 0.152898588873426, 
0.58119844335579, 1.07811895004249, 0.0473759615223081, 0.050401880572674, 
0.267283026593013, 0.18501673227558, 0.105910581187341, 1.4327521297885, 
0.0494954371089424, 0.595625784748031, 0.0392607487579483, 0.0214691207151799, 
1.23741398241908, 0.0204587802965073, 0.0578709560784797, 0.020044450937505, 
0.0503840641662884, 0.0359739813087721, 0.188296646496383, 1.02537689188391, 
0.358003694393879, 0.216630288580968, 0.321009041856855, 0.2113568308047, 
0.0288413855775873, 0.565559007024912, 0.086336015496107, 0.0258567792433319, 
0.730241008354615, 0.209887063554613, 0.0975408432735982, 0.278253826932158, 
0.0371798340811306, 0.0545829141825602, 0.209644589284153, 0.108149660321184, 
0.437136729554777, 0.254392157599907, 0.536369472315022, 0.317916356047705, 
0.0445606937980093, 0.0293736977822676), dim = c(100L, 3L)), 
    Time_all = c(elapsed = 0.593999999998232, elapsed = 1.64599999999723, 
    elapsed = 1.63199999999938))
