list(MSE_matrix = structure(c(0.272732813009425, 0.252202303252326, 
0.273653541809792, 0.241260713092373, 0.262123839389439, 0.256106247719294, 
0.249216279132245, 0.254805961050786, 0.245840828037813, 0.246815461490644, 
0.239743428421581, 0.259999948614207, 0.233062249666974, 0.252701492616806, 
0.235941902567107, 0.241203154745644, 0.228262353454606, 0.241741299460805, 
0.244285157401561, 0.253705588456956, 0.244950701038861, 0.252377429897101, 
0.259656620866669, 0.230037041301878, 0.239806723924623, 0.237487267211352, 
0.244579634640497, 0.252227057044054, 0.24061502019233, 0.23706030330151, 
0.241106359206152, 0.253486003568722, 0.261520825684747, 0.247068727474697, 
0.255897814011659, 0.30293541684766, 0.245775273267497, 0.242614766289721, 
0.231573426570663, 0.257064755241617, 0.256112165775928, 0.238824834071374, 
0.241371179548253, 0.235326241671608, 0.245515013628779, 0.257354534649778, 
0.249571904061817, 0.265841073331639, 0.246517236930984, 0.243576295339838, 
0.265861322028634, 0.24605031661874, 0.234708542616959, 0.247414615441905, 
0.256606439449859, 0.269954714061874, 0.271940726681547, 0.235084174455436, 
0.262304218409749, 0.257807537681759, 0.231888225587672, 0.281926588611382, 
0.251337936519409, 0.234868435972768, 0.24472483626947, 0.269412783518499, 
0.244868523439245, 0.237330119150338, 0.257557458627885, 0.235781510003712, 
0.256318117577898, 0.231468801596023, 0.244055725568598, 0.245088506445742, 
0.276413901995418, 0.257204264516059, 0.260401061744038, 0.226286766714448, 
0.254208503037678, 0.260247840205977, 0.230202606633504, 0.250431308732703, 
0.270257306507885, 0.251465141778392, 0.24828571731705, 0.276648772742975, 
0.256811937801074, 0.278998974977897, 0.258893077842355, 0.238987695237502, 
0.284067640680133, 0.243981502267473, 0.273472428243562, 0.264965853719344, 
0.244150879458434, 0.242161915761468, 0.24212551135975, 0.268421298122892, 
0.2672879670212, 0.247186036624124, 0.233822442183954, 0.240278832492849, 
0.257190135372781, 0.225347643430456, 0.243651668074854, 0.25277131940447, 
0.230448226018265, 0.233570218351892, 0.23541818458445, 0.249395302207672, 
0.241417273157345, 0.237065733181119, 0.240613701335524, 0.238068868995666, 
0.225110856642552, 0.224155905257947, 0.226690317601966, 0.244921998860538, 
0.2421062086896, 0.246773569070169, 0.226318412410275, 0.249967547782041, 
0.235011965762451, 0.235700745122094, 0.227216259982568, 0.230765107210805, 
0.241574960497116, 0.223510830964173, 0.241253900927663, 0.240960241646732, 
0.23318729115577, 0.243619711504391, 0.246437123689971, 0.241454186935597, 
0.241698955750766, 0.257846018323517, 0.239000754379376, 0.246175886334097, 
0.230877959070912, 0.244195721175958, 0.233927590397207, 0.24036221470399, 
0.245400502271192, 0.231441304926709, 0.232558193540875, 0.241633551281474, 
0.229783407221619, 0.242264684016881, 0.24016696364902, 0.236277529976007, 
0.236578748280785, 0.223902389298613, 0.22666394392081, 0.246424898897931, 
0.238412258557668, 0.244105205366663, 0.252033117555056, 0.231442569569797, 
0.250987492742676, 0.228136569239839, 0.232083956023976, 0.25067931389157, 
0.241191019081061, 0.248606410951619, 0.227963050742844, 0.231161535628064, 
0.2329088232254, 0.23172310499664, 0.263675637838343, 0.23259075194912, 
0.245191046820617, 0.222711088726665, 0.24285067404667, 0.230191630710425, 
0.248872268666665, 0.231528366450831, 0.252576195393399, 0.2309654469177, 
0.237495215419128, 0.231410016085262, 0.229345461240959, 0.246615992491735, 
0.24403029828816, 0.242665259219136, 0.233746150336293, 0.253567453267697, 
0.23722736651929, 0.247400582801827, 0.251485935117765, 0.235374448412971, 
0.253852601806145, 0.239622362402945, 0.236623140754491, 0.254220989795613, 
0.229966871304097, 0.225964314130131, 0.232700198318785, 0.250940059137341, 
0.257672924135415, 0.247571156146065, 0.229959206224646, 0.257210427793985, 
0.257971400985466, 0.225691819234429, 0.245465702508264, 0.252402617427508, 
0.238487622894076, 0.232980268294627, 0.23115393384983, 0.243221267980856, 
0.241859693455977, 0.242321292133167, 0.232719397656771, 0.242254194453492, 
0.23114798239335, 0.22189302973305, 0.231502210088963, 0.243079396113666, 
0.248061005919062, 0.238856182251007, 0.234003039562911, 0.245123335530191, 
0.231889209334852, 0.237084293638242, 0.228421054777154, 0.23256164586482, 
0.238911655573965, 0.227711623310971, 0.240520469567052, 0.235670448972554, 
0.228629418557089, 0.243556192803271, 0.244263666890968, 0.231559488244415, 
0.238726971075157, 0.255687283445959, 0.238015344189838, 0.245897086218113, 
0.233029801374602, 0.237900249174274, 0.229018723830101, 0.237862587668264, 
0.244382282399753, 0.231324891023143, 0.22445589689472, 0.23946702258159, 
0.23380227613368, 0.238297193057327, 0.229282070021889, 0.243867409437802, 
0.230113184435915, 0.232163211770345, 0.235736606337618, 0.246124856892055, 
0.242697582946354, 0.243996417873763, 0.241663762152747, 0.232336051775621, 
0.24929700508786, 0.234845495604811, 0.228797139748601, 0.2493686280631, 
0.241764269009677, 0.230424969263569, 0.233527690670519, 0.226332701179469, 
0.23838546016827, 0.238936423610482, 0.24941285793928, 0.23358620464204, 
0.245447200846704, 0.228479248891995, 0.234028569717753, 0.231947317518053, 
0.244414933767586, 0.228357612546664, 0.248148802708695, 0.231738881329581, 
0.236515191679345, 0.244610646403586, 0.224588500308158, 0.242445493558634, 
0.237617552423418, 0.246299382299522, 0.237284727186795, 0.254752452244213, 
0.232658237903909, 0.250078131859275, 0.253946552336373, 0.241501056528775, 
0.240795106128133, 0.228996633381328, 0.249716427007542, 0.247459817355996, 
0.243691099367149, 0.236450180960259, 0.231185393247604, 0.252176350629722, 
0.263365683814026, 0.246838536140866), dim = c(100L, 3L)), variance = structure(c(0.0133350912775658, 
0.0188741075895398, 0.0150441719158871, 0.0872265567251203, 0.0161869105101436, 
0.0199584790680263, 0.034164523822388, 0.0166157195299801, 0.0264951597570636, 
0.0229119369553694, 0.0458843690043466, 0.0211279972384009, 0.016509103327496, 
0.0165465109428705, 0.0178628579049352, 0.0608032645853509, 0.0166414620500258, 
0.070220176702004, 0.0163729043805108, 0.0139110253630321, 0.091007617644191, 
0.0197774269716319, 0.016845919691206, 0.0239861984175516, 0.0181207421098622, 
0.016096226220287, 0.0519667546087149, 0.0238872290640385, 0.0180436666218378, 
0.012584733596549, 0.0151454764964465, 0.0242934342083553, 0.0430288146738265, 
0.0167443832965442, 0.0341657716564054, 0.015294580646654, 0.014867880431452, 
0.0195090853545391, 0.0622916278626322, 0.0149026453219348, 0.0154340992246727, 
0.0155945871129034, 0.018470975876489, 0.0148823239072533, 0.0188614108513621, 
0.0158628570169162, 0.0557702545916835, 0.0195239914152456, 0.0188727739817945, 
0.0210242229703062, 0.0141142454760054, 0.0158182591801584, 0.018171999437868, 
0.0202946052550045, 0.0245346476958775, 0.0264634873629534, 0.0160854582656978, 
0.0247475172396489, 0.0173006758219978, 0.0226596071684868, 0.0200602450509293, 
0.0235219714276855, 0.015607825838485, 0.0190907594043672, 0.0215436218663575, 
0.0202341648065436, 0.0290637097572026, 0.0175013326488579, 0.0236703164250608, 
0.0173067961131073, 0.0115273615741681, 0.0272304154133898, 0.0225474866744081, 
0.0185041190850194, 0.0159946582320027, 0.0284066427704598, 0.0148223690133452, 
0.0165954327942345, 0.0140936185665416, 0.0390047353280262, 0.0194388025480001, 
0.0187677598658674, 0.0232448255629938, 0.0167500616276444, 0.0233831115000708, 
0.0230626445311073, 0.0192210859787031, 0.0224357964019038, 0.0317279916609802, 
0.0183823032223718, 0.016369054020538, 0.0256820547044702, 0.0207710722692747, 
0.0338411744917381, 0.0182099293930704, 0.0143646968758747, 0.0197683852294179, 
0.0235157765967044, 0.0175260853022375, 0.0220295064415986, 0.00886923981582876, 
0.00932013069384769, 0.00811307776623554, 0.0138484213541152, 
0.00888486835669493, 0.00937411380808753, 0.0114176707147353, 
0.00966021518374649, 0.0122286282166672, 0.0102262895557173, 
0.0121508928894141, 0.0100837223649456, 0.0088099671442265, 0.00894481085525527, 
0.00941505983371279, 0.0112003341463574, 0.00897214609558072, 
0.0129887362650496, 0.00888471699009165, 0.00835443980634253, 
0.0138016759983976, 0.00921338762199121, 0.00979651680358654, 
0.01180089467971, 0.0105639014262982, 0.00880390243904266, 0.0112280367844999, 
0.00891593277834933, 0.00879145427478806, 0.00822592169116848, 
0.00880093409857806, 0.00955530580967641, 0.0101865613750377, 
0.00902273764291478, 0.0127820756341134, 0.009977371063233, 0.00775853068246362, 
0.00947172578809106, 0.0132435190830877, 0.0084117482669516, 
0.00852936771438248, 0.0101620540399975, 0.00855743658342319, 
0.00786657284411612, 0.01006782887194, 0.00757442762170933, 0.0138517518882915, 
0.0106469972590624, 0.010134969411897, 0.0101658011457297, 0.0088253353205506, 
0.00740337834367839, 0.00859495623037733, 0.00957599482748929, 
0.0101221863555384, 0.0123269500202268, 0.00858223542514207, 
0.00879530819119593, 0.00877791896443293, 0.00850347499214422, 
0.00919434782947633, 0.0132403213703276, 0.00875590376593721, 
0.0115827086577201, 0.0107578437053365, 0.0099050118430299, 0.00912535417076044, 
0.00813460396470021, 0.0108866924333526, 0.00815446647825491, 
0.00841264170517928, 0.0115277440453097, 0.0135889895193804, 
0.00957261023286987, 0.0086523491104632, 0.0132251008718061, 
0.00820116085087113, 0.0106717051524095, 0.00820106037149499, 
0.0139215348822241, 0.00847329928236804, 0.0090342610821257, 
0.0147827080877291, 0.00875406535262319, 0.0108360844308435, 
0.010924924396974, 0.00900549352810837, 0.0103977801256691, 0.0126230288526312, 
0.00907082667179173, 0.00971307384699712, 0.0113821194195422, 
0.00953113590940089, 0.0133427228574451, 0.0083183769765977, 
0.00785723439647443, 0.00813079095727205, 0.0136715207378227, 
0.00795829253945667, 0.00979229902714775, 0.00859438185593524, 
0.00773622941918999, 0.00676780409018855, 0.0136920430076066, 
0.00941711272059034, 0.0100944667820214, 0.013205261813253, 0.00911075812739628, 
0.0122676652904373, 0.0118024740952116, 0.0132114132196908, 0.0102230004037928, 
0.00806082383941896, 0.00723984775094088, 0.00855897863806128, 
0.0112388595860463, 0.00710404221398457, 0.0151117158172117, 
0.00721603586267187, 0.00678554759045013, 0.0138269280040832, 
0.00867591135229823, 0.00917316974270996, 0.0110677678672784, 
0.00983048007846037, 0.00722592951586917, 0.0120267164884809, 
0.00899661308875266, 0.00907070284947147, 0.00761694932710502, 
0.00835765053617141, 0.00877080653323236, 0.0104152611590625, 
0.00972269252320573, 0.0115501317530245, 0.00815561276263979, 
0.00715443107298164, 0.0105655758810664, 0.0123323836766172, 
0.00746253576886769, 0.00695294032508482, 0.00834268438022708, 
0.00763269359634174, 0.00667438759828994, 0.00941747206627736, 
0.00744803356888655, 0.0128297689068519, 0.0098323564695735, 
0.0091287766111644, 0.010198881336614, 0.00837643360476325, 0.00702954265296582, 
0.00766001781558852, 0.00814593635208615, 0.0109991471403578, 
0.0114837663222414, 0.00749719543994925, 0.00883867784655226, 
0.00709946588137529, 0.00855266698990347, 0.00932503924701249, 
0.0127540104882469, 0.00770563323296786, 0.0102484825880027, 
0.0111331347221568, 0.00807707853658765, 0.00953406187378973, 
0.00751385114496202, 0.0111070163407978, 0.00776850295428749, 
0.00782674045707204, 0.00966423624585713, 0.0121781437634872, 
0.0075616779060178, 0.00766120800848218, 0.0115730082739236, 
0.00724349485147503, 0.00943827099412022, 0.00698655905749124, 
0.0125016454986976, 0.00780743679691237, 0.00721368654812151, 
0.0130903810272057, 0.00737552358783484, 0.0100403517872786, 
0.0104143626965491, 0.00769030203985984, 0.0107499468009907, 
0.0132061248359734, 0.0100836105841888, 0.00943113257625818, 
0.0106813680619762, 0.00823691976193466, 0.0120605994544115, 
0.00746952475454845, 0.00698127203572746, 0.00861995001802609, 
0.0120282959545432, 0.00745324636329427, 0.00966640601252788), dim = c(100L, 
3L)), MSE = structure(c(0.113409214395841, 0.0199624939423018, 
0.213404814675964, 0.0995803523051164, 0.121240238245876, 0.743193489592351, 
0.137463574375994, 0.235037954056272, 0.0719771235153127, 0.77520017964234, 
0.150380011916817, 0.0690407424543804, 0.533793756533201, 0.119305604890881, 
0.0367942317038085, 0.0899502028736723, 0.0384455462183246, 0.0981520746288415, 
0.0783895583186683, 0.0217103488238117, 0.139821788179768, 0.469315915001055, 
0.0254020668897084, 0.0321626450607097, 0.020773034528748, 0.143991775876864, 
0.0515019617467577, 0.0236599945141995, 0.155791978318611, 0.043066267455647, 
0.016004293671251, 0.115078114599591, 0.125025192661171, 0.58376894353988, 
0.0626353536836907, 0.572524070655607, 0.0402313353958704, 0.0820098974099812, 
0.134271693916809, 0.0157570100832109, 0.951742354670804, 0.389566159783404, 
0.747777790536632, 0.0634732368955764, 0.328698367155092, 0.166615722644399, 
1.15893350548422, 0.0193296314256012, 0.479073840236135, 0.681569747337944, 
0.0641783300445385, 0.0164807134475026, 0.0380282411789749, 0.236338645297593, 
0.550375363666984, 0.317448444677441, 0.257310926781653, 0.113688603682857, 
0.49573507849783, 0.936875372487945, 0.0543780875423397, 0.0387623841679819, 
0.303422166452427, 0.205453445478288, 0.110735302544044, 1.24427057426456, 
0.0402733993428414, 0.53948899966593, 0.0256232042225163, 0.0237329390902253, 
1.31189862113343, 0.028747969467246, 0.0700544438262837, 0.0192254857595131, 
0.0392440568645056, 0.02837924560171, 0.157423460262913, 1.06094756223794, 
0.275848803979435, 0.412061450637214, 0.374812843865874, 0.241651437380323, 
0.0330445704436987, 0.564302076229587, 0.0933796560571092, 0.0282801801169616, 
0.567186859510281, 0.153864658620435, 0.0795984691977774, 0.224419469350148, 
0.0240733436636939, 0.0701288461501422, 0.167559998488574, 0.216278171435947, 
0.402185597980099, 0.29720336274231, 0.567195709145908, 0.295175448786045, 
0.0528841631291037, 0.0555209102934396, 0.12851146893163, 0.0192578415296605, 
0.232884619352596, 0.018211249662654, 0.135229817770895, 0.712660943371655, 
0.0910983085700215, 0.206819071476244, 0.0361971814188681, 0.636449971548205, 
0.142407124919247, 0.0715384142150649, 0.467419627419654, 0.105262774529488, 
0.030078348530022, 0.0860727426834876, 0.0117302167176422, 0.0718506868401898, 
0.0731713853698413, 0.00850117123314385, 0.177887047580958, 0.478627051507752, 
0.0233756198635879, 0.0135742119274264, 0.0157949457937978, 0.134882900635363, 
0.023935379482072, 0.0171656148109816, 0.152442456782031, 0.0512280943494284, 
0.00872366560339889, 0.132342380615443, 0.0526197190014395, 0.627656765113668, 
0.0173235523288865, 0.49931387447824, 0.0225524211391785, 0.0937013690858438, 
0.191973149180938, 0.0124430292044458, 0.832410353059992, 0.435623656088207, 
0.755831066116865, 0.0658293171409051, 0.287451122008474, 0.163379776271157, 
0.93933296070913, 0.0106059704580772, 0.491585001031203, 0.656581146150648, 
0.0486239746735843, 0.0077383263788608, 0.0215986450684611, 0.185873033421158, 
0.623273033149735, 0.280069360557838, 0.23771960190738, 0.131225831776962, 
0.538366821959107, 1.0643411902846, 0.0368294756500401, 0.0338005721618851, 
0.262214477909806, 0.184636303593691, 0.104937201547841, 1.40348570860125, 
0.0349516213757396, 0.566429956498536, 0.0207297843429189, 0.0119421974709406, 
1.23426621067018, 0.0120032284949297, 0.0542205773644288, 0.0106501386502807, 
0.0382763711106024, 0.025798050129597, 0.169441623161847, 1.02527954575424, 
0.336471615901081, 0.237243885558743, 0.314819555152803, 0.217934346074752, 
0.0203219698285378, 0.561053072239619, 0.0722909872549419, 0.0129916869399597, 
0.693051271521438, 0.173438554477516, 0.073262482924391, 0.24259621194342, 
0.022673267527647, 0.0445177472198562, 0.183021374206573, 0.109351380638618, 
0.414133070287987, 0.2403199516494, 0.543319712323243, 0.299061879364348, 
0.037261738980416, 0.0256590308565242, 0.131286557184663, 0.0185836841786088, 
0.228196878546199, 0.017101212270122, 0.136259362365528, 0.686442124289695, 
0.0842832796718331, 0.217017378365333, 0.0369532533916113, 0.650897437943854, 
0.146111661589105, 0.0729116081130756, 0.471406130835307, 0.100218326367401, 
0.0319265220544903, 0.0875920104363364, 0.00893359254671416, 
0.081511061896239, 0.0741957433341536, 0.00676007899705124, 0.172936535799587, 
0.482887293960469, 0.0199933402185809, 0.0119480936518272, 0.0164011260932157, 
0.137176348331573, 0.0222909658471574, 0.0172755389068396, 0.164230154924514, 
0.0512941082369145, 0.00828632353526326, 0.133479274530631, 0.051744942241653, 
0.628655424701657, 0.017415192836769, 0.479239921367882, 0.0206070417395695, 
0.0905726552302129, 0.183598454923886, 0.0108342059116581, 0.820581973447713, 
0.451071846269342, 0.770627670932271, 0.0630929935020263, 0.287464898978655, 
0.162792297932342, 0.972733426840994, 0.00973983126342439, 0.500591799086513, 
0.646896278199489, 0.0497836989333927, 0.00745175279786882, 0.0194822793486023, 
0.181407133865244, 0.609265843537037, 0.265119890903569, 0.237845858319826, 
0.132848574210436, 0.535819850821223, 1.06533017351013, 0.0314613470202428, 
0.0363599334440039, 0.270048017835842, 0.173907804246724, 0.103177572617584, 
1.41124799026671, 0.0362106999958376, 0.572132981920182, 0.0201751213040107, 
0.0100125099999037, 1.22544304073976, 0.0105287546804334, 0.0479502102360568, 
0.00895638053325156, 0.0345552387651968, 0.0229200256628293, 
0.169108461138135, 1.00477032687448, 0.344885204017022, 0.237497947768753, 
0.309815301771412, 0.211284860951491, 0.0169786051384288, 0.556195987346097, 
0.0757029498915393, 0.0131147467236159, 0.705884823936318, 0.172567074365113, 
0.0771017300597906, 0.238731445532356, 0.0237436784523223, 0.0484985132880426, 
0.184696388751564, 0.112715693275884, 0.422974536402051, 0.233450242875582, 
0.5406423302773, 0.310628395966906, 0.0337425708998935, 0.0249851567706658
), dim = c(100L, 3L)), Time_all = c(elapsed = 8.61600000000135, 
elapsed = 3.15099999999347, elapsed = 3.17699999999377))
