list(MSE_matrix = structure(c(0.26260555988267, 0.243981168036964, 
0.238973042443872, 0.248115367550137, 0.239638517986518, 0.291321319211368, 
0.270302948405372, 0.263630016593072, 0.253584839705436, 0.25871704385828, 
0.257185317812999, 0.267830659136702, 0.239660468630248, 0.255765664983357, 
0.266020303577591, 0.257202051709736, 0.272491329682345, 0.263399600896593, 
0.322346230509879, 0.245438043458286, 0.290711580960249, 0.287221799162968, 
0.277925826634945, 0.277194240742818, 0.22669366181103, 0.260023965337419, 
0.278509737634147, 0.25327947304262, 0.249102325655878, 0.247053349249118, 
0.272627603049606, 0.255426339565629, 0.263244990598479, 0.274262374461423, 
0.247209837646868, 0.282013775219352, 0.255100057383788, 0.315648367722735, 
0.249103015087917, 0.260691454601845, 0.276807572798966, 0.3005153457297, 
0.269946831342452, 0.274694898123355, 0.284120690639309, 0.273060225974216, 
0.252853711017147, 0.290449593759124, 0.268775452946347, 0.265831765115401, 
0.262511153778833, 0.276220324279513, 0.298443877989192, 0.241969478707387, 
0.236705886004767, 0.273075451837385, 0.283551604139208, 0.26765433117869, 
0.268353508201454, 0.308015338742328, 0.254805252274308, 0.253971775956082, 
0.300299364382034, 0.249991384014406, 0.247091374799007, 0.28472682343549, 
0.249166022166701, 0.252446143080465, 0.254751076418118, 0.266876468543784, 
0.260784255587784, 0.254791030351547, 0.282481669532343, 0.289610620171246, 
0.253569102070707, 0.275108513018465, 0.251986823946403, 0.270446206003543, 
0.32150460118581, 0.257513190449853, 0.241970059041186, 0.252949628608682, 
0.245067385487613, 0.247642022914294, 0.282343809552313, 0.276054185624113, 
0.267235116378086, 0.315834928914643, 0.254063883254119, 0.269147588339862, 
0.263971936772135, 0.291057106656678, 0.291639910505547, 0.243389555690886, 
0.259941998245485, 0.264121868514181, 0.247066688195537, 0.280470157673508, 
0.2646034711418, 0.261949404200539, 0.257430931369087, 0.26111957450848, 
0.238016891613315, 0.262813083444246, 0.225817193484785, 0.279399182496113, 
0.254088194238912, 0.252871155528139, 0.273822113392559, 0.234317760870606, 
0.235902658511426, 0.258867793262755, 0.231015655405891, 0.257484608270781, 
0.247409950009504, 0.252607034664515, 0.260743431308838, 0.240364167039269, 
0.297867751699042, 0.253492100611075, 0.236783320487739, 0.267744407652346, 
0.243092822930683, 0.241949018571315, 0.222012530812606, 0.233554758475399, 
0.244400433479291, 0.241864973663656, 0.263814100053654, 0.244417102578584, 
0.237677184710136, 0.236215495215758, 0.257037484406517, 0.243283907957244, 
0.243756442727886, 0.264267768254255, 0.241092954721189, 0.266882251813445, 
0.242441058570943, 0.256006967201728, 0.272405269404558, 0.259990832859195, 
0.233355624174115, 0.23154626845387, 0.246257370393923, 0.264624260698272, 
0.247322446146565, 0.280435186936152, 0.257661783694339, 0.240375174242339, 
0.246629604366819, 0.266128887713041, 0.290042993635043, 0.230912700384748, 
0.251469683470706, 0.25390529759388, 0.263767771277202, 0.244193592267057, 
0.253449999484513, 0.266390290017282, 0.244721569610033, 0.245908096740048, 
0.280804971604026, 0.248006811188829, 0.262000856385058, 0.266391167559392, 
0.245724442767859, 0.250068929041558, 0.234614923627585, 0.25936883338823, 
0.242871872316259, 0.272857537069649, 0.233759349699723, 0.26310773335574, 
0.257101773281466, 0.263086278451046, 0.257652463826663, 0.243992029997207, 
0.26812167947354, 0.254466260675495, 0.242109641632125, 0.248743888685645, 
0.231823268417214, 0.253110368799204, 0.246184959877132, 0.247708994496571, 
0.241612946996989, 0.282279007367484, 0.231930448639364, 0.237448155356795, 
0.25151227503489, 0.258599606347898, 0.259723939283287, 0.24824667046081, 
0.253859047726939, 0.264807684068139, 0.262763972624597, 0.266300877681616, 
0.254281979689474, 0.237804918364969, 0.260447451776109, 0.258543676593995, 
0.238842726069668, 0.241323152512501, 0.236733909973509, 0.253618313445154, 
0.225525972646696, 0.245470268270972, 0.260631361135673, 0.249381010991474, 
0.236906830221278, 0.233852628285449, 0.239637739725548, 0.249241856271632, 
0.246982694441653, 0.253819368995328, 0.277271183852699, 0.263461464303976, 
0.29564842385749, 0.234591442929224, 0.277362402142806, 0.269784434941281, 
0.248959756412143, 0.246725789638727, 0.233869000700682, 0.239229330259507, 
0.253679205899548, 0.256714255890828, 0.237779730074246, 0.243244908373782, 
0.254224504047138, 0.247161024866133, 0.248863145314685, 0.243467173390042, 
0.229920970606967, 0.251480910546328, 0.241154732649792, 0.257042122270153, 
0.25159584355235, 0.275755461298871, 0.257893122538819, 0.278365029188426, 
0.240963912897073, 0.23914469410622, 0.260956465162193, 0.2514927789106, 
0.23633535611703, 0.25902013233283, 0.240476501944146, 0.244801436019718, 
0.248539444281598, 0.250881911725287, 0.273058613765505, 0.231244576200682, 
0.246165966590824, 0.254737227332166, 0.252574458503586, 0.263100363142773, 
0.23507815838102, 0.28344366108167, 0.249870008202021, 0.244131291940525, 
0.23835614044058, 0.241577683116277, 0.243633304006445, 0.24866615351586, 
0.231303271378499, 0.26526700441065, 0.24226431051717, 0.266295996653479, 
0.230114326338998, 0.236920752898151, 0.256906680426898, 0.262355183691251, 
0.261508135952906, 0.245411825550241, 0.264347259920576, 0.26246598015963, 
0.265606399299144, 0.245724560359621, 0.254883289169457, 0.250179181509803, 
0.241355292793028, 0.257187475300634, 0.240683663517204, 0.232318229320048, 
0.232844460053212, 0.259309269934964, 0.238513247013535, 0.23976912875867, 
0.247560742119911, 0.270326318432017, 0.288671280232852, 0.245309238554356, 
0.240641595504529, 0.250995768204426, 0.254377244961801, 0.265262845717226, 
0.267720268755761, 0.251170141999625), dim = c(100L, 3L)), variance = structure(c(0.0256994001752278, 
0.0286269795582399, 0.026055670905486, 0.11917230765703, 0.0286343788723087, 
0.0417133659017504, 0.0618580539616029, 0.0226044616119508, 0.0418697927932284, 
0.0499380200613479, 0.0634343113485795, 0.0364727714088545, 0.0235791839187776, 
0.0296452795171396, 0.0312208003849137, 0.0702708113959728, 0.0277552497477627, 
0.101764653601917, 0.0300726344235226, 0.0287756563614712, 0.133014026293231, 
0.0272991846506, 0.0223476605695353, 0.0359629058806712, 0.0281855941194904, 
0.0300627809574517, 0.100101004110222, 0.0289633208172691, 0.0367281647242332, 
0.0278182087136033, 0.0312518136800717, 0.0359884034717135, 0.0546365141324151, 
0.0303338746155244, 0.0447027167756923, 0.0252604747625207, 0.0290281377873808, 
0.037611728456288, 0.0715678725832332, 0.0312082268513142, 0.0282374018707405, 
0.0246646658307748, 0.0284920849318312, 0.0268584766184799, 0.0228862980101137, 
0.0247028893103023, 0.0687649605422382, 0.0223351555514892, 0.0315436397253282, 
0.0343708769649702, 0.0313394592442555, 0.0293721745509374, 0.0249609884273491, 
0.0291088044648325, 0.0528024296088571, 0.0393402080945145, 0.0277232753112894, 
0.0382297167019103, 0.024804555726508, 0.0293789070466394, 0.0367012242664718, 
0.0345592350632425, 0.0258277571016513, 0.0242803227058264, 0.0356476464572131, 
0.0308945978024682, 0.042339667170726, 0.0230675172819403, 0.04823906620873, 
0.0264153319335654, 0.0268723299870589, 0.0291319036799089, 0.0279586034205667, 
0.0308743564567913, 0.0226036998048411, 0.0426536054322641, 0.0291754189270252, 
0.0232343955227115, 0.0290867872049316, 0.0744362123444211, 0.0260957775739258, 
0.0258791161784962, 0.0307540610789686, 0.0289530619776151, 0.0330033406357735, 
0.0309874718445714, 0.0292128517764629, 0.0418505503025868, 0.046078230051759, 
0.0310222173883949, 0.0294998301045256, 0.0552101533603195, 0.0301413881862468, 
0.0519635749211559, 0.02534319882857, 0.029365287271034, 0.0337005694014718, 
0.0237832175541709, 0.0241182780194093, 0.0263106399027291, 0.0218741295712257, 
0.0178023822492431, 0.0171613035615949, 0.0243636320871829, 0.0213925622403674, 
0.0228614431249052, 0.0270983973925287, 0.0189780910650509, 0.0277121494896876, 
0.0235126389991313, 0.024038122633893, 0.0187453273113662, 0.0181855275312992, 
0.0193956989865114, 0.0151658269064309, 0.0253083815228062, 0.0221116878767513, 
0.030374777255008, 0.0199789619439008, 0.0202218384093903, 0.0239619254222204, 
0.0214544133144565, 0.0188978903911794, 0.0263110472259837, 0.0187749134681096, 
0.0201443580532123, 0.0253863854528178, 0.0195127164145221, 0.0211543245682921, 
0.0237396195526324, 0.0218286753257656, 0.0181274350762578, 0.0243961030659627, 
0.0210830128546318, 0.0242368626708075, 0.0208494574133195, 0.021279331030858, 
0.0222979147942566, 0.0272637080129059, 0.0216847271373929, 0.0193599615615504, 
0.0208634491941647, 0.0171344743039612, 0.0173887044029205, 0.0203494554287512, 
0.0221022411901891, 0.0297377389492616, 0.0191519731538354, 0.0148584038430408, 
0.0262364094856655, 0.0220008666080122, 0.0226586141236553, 0.0168824679946394, 
0.0208677886234747, 0.0231853225346661, 0.0267552290178874, 0.0230422136882861, 
0.0215710331943152, 0.0168344753924765, 0.0191777911442416, 0.024498916409212, 
0.0218224386721282, 0.0182751275655127, 0.0185646998846867, 0.0267354463942715, 
0.020001236637093, 0.0236888149008792, 0.0196502053220849, 0.0205975253032943, 
0.0237026362509253, 0.0232018413607016, 0.0214561105316914, 0.0203699719701169, 
0.0190202118076666, 0.0165346797971822, 0.0220404508792043, 0.0200702025168397, 
0.0190187884005305, 0.020547062130145, 0.0220178933736032, 0.0172386511360775, 
0.0147241964976083, 0.0229315988474754, 0.0224211054030069, 0.0250641857066428, 
0.022979062358103, 0.023286007090649, 0.0194967423049363, 0.0234830542134282, 
0.0218216431041992, 0.0197941128845443, 0.0228258177642582, 0.0159471856482932, 
0.0232065225091943, 0.0184454104992093, 0.020763708822609, 0.0223964145507678, 
0.0199343107508155, 0.0205873315068169, 0.0232882227481293, 0.0200205740279517, 
0.019982559647793, 0.0138741258585288, 0.0295990466475165, 0.0207019880784381, 
0.0245086045944348, 0.0280859662849013, 0.0177029241064478, 0.0289765912689644, 
0.0238527647002967, 0.0267833028831188, 0.0235601143994664, 0.0153662738445174, 
0.0208581694345678, 0.0169104567238656, 0.032012161129649, 0.0208664714705446, 
0.0298506856933495, 0.0209985036042378, 0.0207716936746335, 0.0291685691591737, 
0.0219590380649377, 0.0177691911592884, 0.0206037264860827, 0.0224572304943132, 
0.02082394592321, 0.0245366507840097, 0.017483330119837, 0.0225658224805901, 
0.0193507314781211, 0.0185541750831683, 0.0231489049812338, 0.0302213583230218, 
0.0211423368374361, 0.0265046522364756, 0.0200087871353689, 0.0208112490321195, 
0.0226045428374443, 0.0314927825321933, 0.0198742241027543, 0.0206503815670025, 
0.0198368951431318, 0.0171640240733745, 0.0143061093903977, 0.0197324133091371, 
0.0193738100672048, 0.0230430006561186, 0.0199558754797658, 0.017356133536673, 
0.0248483930272182, 0.0184976583702532, 0.0228390194257012, 0.0172526061127701, 
0.0226780678354079, 0.0233884720141656, 0.0211732629978518, 0.020697959089044, 
0.0263441713669636, 0.0137312469514575, 0.0173739678783677, 0.0247768765359109, 
0.0265252417615409, 0.0185977689740377, 0.0223020307831853, 0.0261360109144758, 
0.02288514213271, 0.0277091113704633, 0.0173901508751736, 0.0257104024946216, 
0.0225464782160442, 0.0191727756459556, 0.0215133308034785, 0.0251599801765998, 
0.02179701695909, 0.016950983385147, 0.0239640339457156, 0.0220795840984927, 
0.0203543570472309, 0.0207878520605642, 0.024448427433909, 0.0167993205186242, 
0.0144802020110138, 0.026755532433878, 0.0212392298126821, 0.0244567733929532, 
0.018543171090515, 0.0212913596949315, 0.024720837902701, 0.0271764342029014, 
0.0217762128906103, 0.0217202679812129, 0.0228277309902357, 0.0192513503574284, 
0.0259857795112014, 0.0173739794255203, 0.021014400693892, 0.0233595759848254, 
0.024148970971142, 0.0192360892137999, 0.0218109645625725), dim = c(100L, 
3L)), MSE = structure(c(0.130699114712896, 0.0326044670984873, 
0.231236339031158, 0.132199590538599, 0.151735654137738, 0.871332347810471, 
0.195443931820877, 0.229593898919698, 0.0664913770370011, 0.735496425614988, 
0.137795121280916, 0.0949697345459298, 0.529902865251777, 0.116020154994762, 
0.0397307617330126, 0.10667977394169, 0.050346310562871, 0.123680700089037, 
0.105318909412147, 0.034987188835339, 0.172711208359274, 0.466700753905916, 
0.0334107664507756, 0.0477259897298866, 0.0297487352715894, 0.175864211402294, 
0.0995524595446281, 0.0288432760778658, 0.13511837701713, 0.0555677693116311, 
0.0321193820777792, 0.123091566260497, 0.126723946561321, 0.644712494734737, 
0.0679321632662157, 0.595281034976473, 0.0508578199552253, 0.116670855428437, 
0.203175928672456, 0.0311147235025815, 0.939137838099553, 0.385883929217047, 
0.698482352171982, 0.0780206742685378, 0.3349635513479, 0.166097133812826, 
1.10994750087475, 0.0221918552441487, 0.441473891265946, 0.74949894449954, 
0.0822606629139953, 0.0292394107019263, 0.0401332512823251, 0.236454330778559, 
0.615178620115813, 0.352385609934121, 0.279900787606275, 0.1327228328674, 
0.507783803755259, 0.959445076420314, 0.0951203994937497, 0.038632744742352, 
0.328254138922733, 0.237096142993674, 0.150129116324371, 1.29732120471978, 
0.0570489992847266, 0.523914105571313, 0.0558269559911817, 0.0418748950766868, 
1.34197984143917, 0.0317471617713343, 0.100347855984986, 0.0305658175670956, 
0.0427636904264042, 0.0422518342727236, 0.181474721260161, 1.11196465771274, 
0.299422737176879, 0.493225658233663, 0.363428136310756, 0.27130253408116, 
0.0525115528812599, 0.552344057653853, 0.0908390279300638, 0.0364262432363341, 
0.566309061312847, 0.20215833107889, 0.0716313808626979, 0.267254819370114, 
0.0385194070401012, 0.0971429020536176, 0.164929652728998, 0.241705207022588, 
0.37706937465009, 0.300250055409403, 0.564761547788377, 0.25611887898003, 
0.0720212871073344, 0.0651763915257775, 0.140581115293093, 0.0348100216296412, 
0.238390453230219, 0.0261452698606892, 0.15450956800385, 0.775847574151898, 
0.131756009970614, 0.217485444589777, 0.0484889560297493, 0.586276502227446, 
0.134688693602934, 0.0846560845818393, 0.479378931571947, 0.0989622442996204, 
0.0323569484051311, 0.107585689767297, 0.0250743147268629, 0.0684557734100473, 
0.0986747905054457, 0.0201064408595591, 0.16888967022035, 0.495281861383949, 
0.0320177633802961, 0.0278391686951761, 0.0233300528514413, 0.165511571385079, 
0.0502724968845379, 0.0310958816042991, 0.147186358411961, 0.062177642867389, 
0.0216173093101383, 0.14598557277526, 0.061824333020797, 0.660013226106486, 
0.0308644054143138, 0.515015957488121, 0.0342819399196252, 0.123125729541845, 
0.205610847390364, 0.0234287968478931, 0.82177213031977, 0.440182226122249, 
0.746348614082224, 0.0730795997976561, 0.31152444199954, 0.173027525179492, 
0.931520261357117, 0.018961062939217, 0.485500741170718, 0.683415388368014, 
0.0622865426935079, 0.0224945485694339, 0.024852391704299, 0.184088871883063, 
0.690154056672174, 0.296207524529111, 0.268355616276587, 0.150523744767449, 
0.545597921721456, 1.1076204360416, 0.0608325022558245, 0.0371263909667798, 
0.293247343384516, 0.196777663001236, 0.12759133115215, 1.46706420192099, 
0.052599614404577, 0.569331765640329, 0.0362360174109168, 0.029667614744436, 
1.26617951777138, 0.022917733749279, 0.0656622033622307, 0.0230675468425276, 
0.0393672181855067, 0.0298320432585126, 0.193843099389936, 1.03556712240601, 
0.355283633128308, 0.27305693789136, 0.299367679092661, 0.226289112927064, 
0.0296358719279967, 0.544540823732259, 0.0880921636912082, 0.0262681766200244, 
0.699481488763885, 0.198683877184276, 0.0720034432192871, 0.275152042529175, 
0.0329172475787806, 0.0489609899032698, 0.192529906668372, 0.132541940765199, 
0.413683076059167, 0.245805568445281, 0.552291510766417, 0.302715109135325, 
0.0534823584812679, 0.0432825380684976, 0.145436504873694, 0.0300041420364284, 
0.245228341053736, 0.0348532914654771, 0.159423170133858, 0.786943105915326, 
0.12926848167462, 0.223549437315427, 0.0497201082165693, 0.590469329649571, 
0.139291957584701, 0.0931907205811512, 0.485047327662448, 0.117957178110823, 
0.0297622779010538, 0.114312124286062, 0.0216462859056746, 0.0739623255474814, 
0.0844781972319128, 0.0208669011896259, 0.198241586693168, 0.481275174923924, 
0.0292984617898327, 0.0225851661617155, 0.0278311796996298, 0.145463824412973, 
0.0472480042279294, 0.0253443250644118, 0.141605531234487, 0.0635844369312395, 
0.0184043439595113, 0.145061597083177, 0.0673242154489745, 0.670901807252527, 
0.0308056623008669, 0.483964348050934, 0.0286737977953494, 0.122751965852864, 
0.224169767137619, 0.0242225094011891, 0.785604859517494, 0.464834667218994, 
0.718066902207897, 0.0761812681254893, 0.297015532300143, 0.155701518218424, 
0.915024644718252, 0.0198116297953702, 0.464688728784918, 0.671382335832154, 
0.0574410125065036, 0.0227433232062282, 0.0315753086179078, 0.198985297128309, 
0.683678084121216, 0.29521566221929, 0.247624108472934, 0.155179462071409, 
0.535592387640314, 1.06533062515126, 0.0627692647018173, 0.0418765512832901, 
0.265397954817487, 0.198849091702673, 0.123277220070189, 1.42547622941476, 
0.0574833613956895, 0.545120272422661, 0.0426856862419739, 0.0302784076154109, 
1.23753727986533, 0.022851616747569, 0.0709748721589912, 0.0229996455356935, 
0.0495927060346063, 0.0347999669234108, 0.211133796236294, 1.03693731894147, 
0.387328140228632, 0.253466510732398, 0.329228723092716, 0.240929347267068, 
0.0340697117282957, 0.57486883820291, 0.0874499609580204, 0.0209972215156494, 
0.732901595554603, 0.209152877654033, 0.0763486466227306, 0.277545703407138, 
0.0366569414901097, 0.0494012413918947, 0.185604392613856, 0.12300572720445, 
0.392867358931491, 0.22225678934098, 0.542998289881356, 0.302039249766197, 
0.0579362494897508, 0.0370839092341236), dim = c(100L, 3L)), 
    Time_all = c(elapsed = 1.91899999999987, elapsed = 0.780000000005202, 
    elapsed = 0.813999999997577))
