list(MSE_matrix = structure(c(0.272732813009425, 0.245917365934186, 
0.229625094558896, 0.257457704699502, 0.253409604935446, 0.25396413274471, 
0.239142025584589, 0.236932552460988, 0.276368575483189, 0.266613590893997, 
0.229659163209521, 0.243456463613712, 0.270356600831891, 0.265265941495037, 
0.239026115765505, 0.252308156980536, 0.232290365481114, 0.255825994173503, 
0.256839447624549, 0.278098651482441, 0.234775057105182, 0.246931236548602, 
0.304099733195034, 0.247366800901537, 0.223393251564238, 0.2535472577247, 
0.259305572815486, 0.252970815889683, 0.2496688106899, 0.263700995334343, 
0.227942718379165, 0.232605650652232, 0.248043314308007, 0.255270650895489, 
0.284778882352683, 0.248500804748861, 0.237989724168571, 0.264440685730793, 
0.2315852488376, 0.233603773617531, 0.245387389147391, 0.256806234333633, 
0.253378652560665, 0.254639495135013, 0.242429237497206, 0.234750456072563, 
0.262893841022757, 0.229014561862778, 0.241394770223734, 0.229629934137754, 
0.255742835120841, 0.251244472916636, 0.259832565430006, 0.307746237507582, 
0.271921275226386, 0.256772185443818, 0.257816063692386, 0.289212267945743, 
0.2646575873576, 0.251755725069533, 0.279514184966242, 0.230792031300375, 
0.262454690242864, 0.237231484990713, 0.233958301639347, 0.240203307470678, 
0.245311113729221, 0.236958830167255, 0.239597964520166, 0.258229622910533, 
0.272150951725633, 0.266950944144854, 0.245928331332529, 0.266973432087425, 
0.253420928092141, 0.230009375559316, 0.256961325177475, 0.292567950765097, 
0.271360022350603, 0.266546501908391, 0.248573213777834, 0.241483727577183, 
0.249757161050193, 0.260358965648206, 0.227063206110411, 0.251254219542422, 
0.26871106729954, 0.256464632348315, 0.241543704249738, 0.269604685644993, 
0.240617637670767, 0.25384776021098, 0.236616055187527, 0.237122346296957, 
0.248969058540596, 0.274610501427633, 0.252176215208086, 0.259390024621213, 
0.255723544927772, 0.229819953776133, 0.234957972644122, 0.242116394385094, 
0.239549711200733, 0.263964863568888, 0.266707675304529, 0.234171841092187, 
0.241289502649023, 0.22728793742228, 0.257437883535092, 0.233996322190175, 
0.223860664891362, 0.24481647491707, 0.270007454217681, 0.249355521386819, 
0.234424986459605, 0.236173051922798, 0.227712377457203, 0.254154342625288, 
0.227060171574327, 0.244576810581411, 0.227007327962399, 0.245288630463957, 
0.289811877085488, 0.236453035486752, 0.225364698756864, 0.2352811145466, 
0.239869969238504, 0.251368971165783, 0.263351310072158, 0.251952490644543, 
0.234213889868126, 0.235129376571856, 0.240486603842872, 0.248961003630538, 
0.244731033353754, 0.240454827337054, 0.231334241130858, 0.248282765096227, 
0.234567356070817, 0.240308943276989, 0.246340488079197, 0.23234355852735, 
0.246317118245386, 0.249636342331558, 0.233639971656865, 0.241557538360205, 
0.250045710833912, 0.23068630715876, 0.237489271844809, 0.229721938939705, 
0.233551759582616, 0.232380744563952, 0.234180761903075, 0.266698895642937, 
0.255673067036369, 0.236694346852717, 0.25310247415962, 0.24367869762385, 
0.241786164973227, 0.241491921285279, 0.245055146122671, 0.239712943331879, 
0.241208279288236, 0.234435481323772, 0.23565411008496, 0.23253686325174, 
0.247361478457915, 0.233153135833888, 0.224412694792027, 0.257933531802262, 
0.253485104685481, 0.24750737835645, 0.233111114793988, 0.252899531664932, 
0.239375853596993, 0.242300541902157, 0.237887646254883, 0.247803115732506, 
0.241336896063669, 0.24614846339245, 0.230787854045208, 0.243239629217181, 
0.23038823896467, 0.243210420773407, 0.230369901776215, 0.24604203120003, 
0.263851272493306, 0.256015102466996, 0.231625539337405, 0.232886363652304, 
0.237455484916286, 0.233541026195357, 0.236455684416707, 0.225508448717525, 
0.237457336008719, 0.251990454935078, 0.224754025917647, 0.24221349505956, 
0.234391934999546, 0.237370899284286, 0.227209714026584, 0.255994818506632, 
0.229964331107824, 0.252211198059765, 0.267231799793357, 0.24364177249839, 
0.247632401520986, 0.22484443090833, 0.250602660107089, 0.234953471558016, 
0.232465646725316, 0.255161727894807, 0.254719819262576, 0.252270563044781, 
0.245117024848995, 0.239889019938119, 0.225181994318002, 0.235339045576725, 
0.23105310592207, 0.258426202039952, 0.238184802472836, 0.242305374977246, 
0.289767985609005, 0.251053573329949, 0.244949451394281, 0.247740936807406, 
0.243467622924602, 0.22933439778225, 0.258645324253029, 0.259293003577014, 
0.253787992685191, 0.235145100451118, 0.249441494709884, 0.256649571485364, 
0.245375275863122, 0.245751576370886, 0.226942099863371, 0.254434076893783, 
0.237627155843459, 0.235451218840023, 0.245997938900151, 0.242862298597266, 
0.240387460646895, 0.248864455030869, 0.23599229705474, 0.232230230383424, 
0.269831939188754, 0.234785820945653, 0.248464870168701, 0.243058941267271, 
0.23740491757223, 0.243344153405128, 0.237045334396171, 0.248939131718479, 
0.263007753943717, 0.231139724131444, 0.244521904117449, 0.237243652907105, 
0.23298897615595, 0.241496303984681, 0.260267439489589, 0.243670496240867, 
0.243537082974957, 0.230378442783029, 0.221003603131539, 0.235159360915823, 
0.23850682508661, 0.245377193001566, 0.23488350260486, 0.251680385610263, 
0.243899763818966, 0.277313599774416, 0.236844594409687, 0.250487405122691, 
0.230077614954898, 0.24022527140205, 0.228374551670433, 0.246535972855243, 
0.249842787053083, 0.241779152281643, 0.244544259302404, 0.240023055450841, 
0.24320728693385, 0.240957386900696, 0.232326150694697, 0.240173500380254, 
0.251416359361605, 0.256887855528988, 0.252243452028817, 0.237475656529416, 
0.240458973828734, 0.236663065677858, 0.243185196610171, 0.23337840813533, 
0.239549265396444, 0.252865984257584, 0.223124109005005, 0.247766680820084, 
0.224117608756991, 0.233636137680698), dim = c(100L, 3L)), variance = structure(c(0.0150842458813955, 
0.0149722653694401, 0.0169146163951544, 0.0809449167403941, 0.0163656346638691, 
0.0237115535617017, 0.0455234690745321, 0.0177137058625333, 0.028898713652105, 
0.0230977784971201, 0.0470331535632986, 0.0193778238842771, 0.0152156762554285, 
0.0154523744328862, 0.0268710969318223, 0.0483261600058862, 0.0218012804094033, 
0.0952488711996848, 0.0155278214734455, 0.019887082491662, 0.0944850014444599, 
0.0215245607846844, 0.01803647636924, 0.0245098486136782, 0.0190416822083055, 
0.0151620982576619, 0.0539233412085407, 0.0156759588221194, 0.0218113053462466, 
0.0137241403960454, 0.0128606356551239, 0.0210948591880133, 0.0333424225861539, 
0.0161260919567275, 0.029609129434278, 0.0156995103822274, 0.0170909115619004, 
0.0194438826149903, 0.053044390321262, 0.0133923318774709, 0.0215361726511963, 
0.0151783407368465, 0.023085182976606, 0.0173616147255189, 0.0144575632940585, 
0.0170890655802005, 0.0572552166732083, 0.015387998850249, 0.0277756518052278, 
0.0212238240117291, 0.0121970897444625, 0.0175629871731326, 0.0142137416652676, 
0.0220017968603863, 0.0263797915298574, 0.0266615188871388, 0.0170948522435643, 
0.0198581499871227, 0.0171252688116097, 0.0162374837673733, 0.0218281026778913, 
0.0246613182740498, 0.0143997328414781, 0.0184110898760452, 0.0222994905272121, 
0.0209586049410246, 0.0227413044263529, 0.0183223872541713, 0.0229995934312478, 
0.019257723392443, 0.013229895390328, 0.0262939086859133, 0.0205638179783627, 
0.0174300077841415, 0.0144189932211246, 0.033171572975387, 0.0187365117097501, 
0.015590217890349, 0.0183129562696862, 0.0579501121174833, 0.0147173740711631, 
0.0227685266404065, 0.0188028407228863, 0.0175010326163487, 0.0216262519006182, 
0.0193556057101475, 0.0232564768579113, 0.0191465434190667, 0.0328142370061335, 
0.0178297361058246, 0.0172102003243783, 0.0315411894595442, 0.0199378965374525, 
0.0365031541423839, 0.0207099232738022, 0.0179128458027135, 0.0177067597442199, 
0.0179879065903392, 0.019977763714671, 0.0193768823358471, 0.00854854254460264, 
0.010294319942798, 0.012481161961756, 0.0181408013076641, 0.00978560656452394, 
0.0155011845861348, 0.0183150924188738, 0.0144262643282788, 0.0181937674465324, 
0.0128801769383307, 0.013507623799373, 0.00912118218082055, 0.0150758592834194, 
0.010075081890331, 0.0161370097308996, 0.011923725424925, 0.014135692494235, 
0.0201112630499674, 0.0100506684837456, 0.0124187023896114, 0.0183150164437888, 
0.0126451768172897, 0.0144129110188292, 0.0127272100035534, 0.00794341839129794, 
0.00994116635271418, 0.0172551261658189, 0.0106472416836128, 
0.0150989634007954, 0.00840932046439563, 0.00978645577127783, 
0.0129885868996708, 0.0118118631849385, 0.00982283121532133, 
0.0169257566897729, 0.0130852263209083, 0.0111552448322148, 0.0138558011703207, 
0.018719378766615, 0.00937727981952176, 0.0129966217045987, 0.0130447204967452, 
0.0155838624469717, 0.0119216966009246, 0.0110799568600717, 0.0117480565176897, 
0.016870777356285, 0.00977662598048526, 0.0157777562656273, 0.017328561069676, 
0.00926791163476548, 0.0107588110755244, 0.00981081215054653, 
0.0125869518122663, 0.0156147028011066, 0.0136436339162793, 0.0100023137439635, 
0.0119002832395486, 0.0150126485276329, 0.0105932225821957, 0.0143183588938074, 
0.0104078335045215, 0.0102022754740229, 0.00772290706115784, 
0.0175266937933904, 0.0124649390248604, 0.0116646909667204, 0.014478182771245, 
0.0107894540044314, 0.0130381888902771, 0.0079317264197416, 0.0155072614325208, 
0.00925594948251655, 0.0109816447132044, 0.0102415183614206, 
0.0161015786226375, 0.0122135402627688, 0.00777024760560429, 
0.0118749490738521, 0.0166684867432397, 0.0099332953318967, 0.0157124689765115, 
0.0110600683981525, 0.0102931978618897, 0.017025861047026, 0.0110148120800701, 
0.0150512479354621, 0.0100108594279297, 0.0123803915035535, 0.0125842460390545, 
0.00835072897953685, 0.0179777695582984, 0.0139579520421613, 
0.0167013014378896, 0.0151091142431116, 0.0114153993755685, 0.011421910442034, 
0.00981800998209731, 0.0140142117028288, 0.0143201385717888, 
0.00962877997392212, 0.0122937358767315, 0.0166220349756648, 
0.0190960771147181, 0.00977015643014781, 0.0127998843022762, 
0.0155257662125994, 0.0138056338926336, 0.0148048341282086, 0.0124704400080737, 
0.0152123503844541, 0.010571877695573, 0.0135334310520099, 0.0124239601972985, 
0.0133051382538338, 0.0179643563854494, 0.0127062480013833, 0.017370164790668, 
0.012285602678124, 0.0120803210020642, 0.0193032878760135, 0.0114214095645229, 
0.0140436315870082, 0.0120998765268896, 0.010242807418629, 0.0123122147072304, 
0.0161838121925264, 0.0122643930380051, 0.0119409860620555, 0.0101404008482744, 
0.0122477107442309, 0.0173724053073009, 0.0175316822031445, 0.00982791937381413, 
0.0157003023548737, 0.0133936443637224, 0.0106750448444398, 0.0122947754625706, 
0.0171883831350501, 0.0120968843934636, 0.0118428158486915, 0.0135062945962894, 
0.012095223591218, 0.0165643692577964, 0.0113773255236419, 0.00941044332477752, 
0.0167671825726885, 0.0110286376244351, 0.0143737899701051, 0.0127136567583879, 
0.0114771502064375, 0.0097843156493855, 0.0135940438798185, 0.0118154202951296, 
0.0140394028938978, 0.0130942920745434, 0.0108856461866493, 0.0173567328580298, 
0.0153488837637884, 0.0129711756595775, 0.011964063771308, 0.0132402267521741, 
0.0137839045022399, 0.0106244115200293, 0.0130820306323087, 0.0119926438963209, 
0.0167953492113175, 0.0108603181669462, 0.0123329093238289, 0.0100099421786342, 
0.00984659370939717, 0.0134766835754434, 0.0123644851310521, 
0.0120277184498468, 0.0144898633958248, 0.0155922450453374, 0.0108979787627392, 
0.0103638183950623, 0.0116894021607655, 0.0167383716727939, 0.0135437242245252, 
0.0145180364515212, 0.0137786673650413, 0.0112722614430172, 0.0133458764249163, 
0.0102803223434877, 0.0124305497793867, 0.01138832663614, 0.0145304416620336, 
0.0111608252422839, 0.00986968582603579, 0.0162210053829369, 
0.0165655562907987, 0.0164179279614073, 0.0114454611207122, 0.0110862035528975, 
0.0155081347147617, 0.0123643649703685, 0.0101719542234475, 0.0118418936877653
), dim = c(100L, 3L)), MSE = structure(c(0.104303857838664, 0.0151089105670873, 
0.243522997360324, 0.0915019494545063, 0.119671252243573, 0.820296611786318, 
0.179414929296123, 0.229850293294893, 0.0629414803900122, 0.750656327500798, 
0.164868301341467, 0.0640235279281079, 0.535519496707364, 0.133980935699774, 
0.0384137823513451, 0.0853738814499317, 0.0473624730395947, 0.110968999546482, 
0.0671187836915846, 0.0263860571116154, 0.148168679717221, 0.466379769538896, 
0.0285220989280798, 0.0304109379528391, 0.0193734605786868, 0.12738784570892, 
0.0535640001884958, 0.0155251732032062, 0.130384669106795, 0.0411950146177619, 
0.0128803548395926, 0.118013679538313, 0.10445431018343, 0.582328049544562, 
0.0576843248676002, 0.587619034381031, 0.0369056777699145, 0.0886056187217703, 
0.138325275194767, 0.0159654020852927, 0.948848714210651, 0.371298686542356, 
0.698519913809234, 0.0812864590920822, 0.337434171984414, 0.1474863710259, 
1.15221832103177, 0.0152519073488545, 0.462054127914867, 0.719983701516061, 
0.0572474197353425, 0.0177698819925842, 0.0448368075809786, 0.239182671297362, 
0.568549060273362, 0.306619614042814, 0.256394005122006, 0.119880963255457, 
0.503671129135133, 0.906436070984258, 0.0678039771920688, 0.0351297085799649, 
0.263700168735965, 0.238131961530288, 0.128625099342014, 1.24715104764535, 
0.0383078460017221, 0.502438932081261, 0.0257781570055983, 0.0310820686449967, 
1.35149718769871, 0.0280013249564319, 0.0825681827602366, 0.0189571423755038, 
0.05238222461102, 0.0330227357640084, 0.16242334945193, 1.12026526911024, 
0.292303947870145, 0.419864620437611, 0.406049445014368, 0.259068447037192, 
0.0329843461329275, 0.574475247381583, 0.0858044817330245, 0.0217084515085884, 
0.546134512295307, 0.153661560683607, 0.0810898601555944, 0.23425125721812, 
0.0216199779248083, 0.07667953949271, 0.168538743664112, 0.220370356673787, 
0.368081425548521, 0.285108302075572, 0.541590583242363, 0.265058944156644, 
0.069166328862882, 0.0628411245647416, 0.128561271928438, 0.0159341647506149, 
0.261136829324859, 0.0230929843643558, 0.137648836454083, 0.753764678403728, 
0.111749807903118, 0.201002014025413, 0.0416864217979032, 0.622244494651844, 
0.144528034978259, 0.0719653062674621, 0.464268321767327, 0.120923831046009, 
0.0327593373335207, 0.096414058351493, 0.0178753149469261, 0.0686284314923238, 
0.06398369012169, 0.0127499319653772, 0.188046156737441, 0.475052140752608, 
0.0312268321433624, 0.0144245157710798, 0.01285278400188, 0.12127383887777, 
0.032695523632217, 0.0150245688056079, 0.144337455875335, 0.0542216723102062, 
0.0101660978076516, 0.142571130314467, 0.0469796302202282, 0.632622239131696, 
0.0211549625065156, 0.518414387545914, 0.0265012665276408, 0.101829326645394, 
0.195524945687972, 0.0162961128974536, 0.851458699343092, 0.421532476431201, 
0.741182285317267, 0.0833344165568531, 0.299882614150708, 0.164947327667408, 
0.947955506323234, 0.00968108887077985, 0.482716191835238, 0.670893487876166, 
0.0431450972577457, 0.0112475495435897, 0.030767916932727, 0.19539192072585, 
0.641037258692195, 0.279370079128916, 0.230187692653458, 0.147864639786781, 
0.558510748085729, 1.01256620234417, 0.0472741791953644, 0.0293832139711607, 
0.23683133038763, 0.183687799517622, 0.114118414281885, 1.38315213019962, 
0.0445325238407058, 0.563388681111208, 0.0229502958813574, 0.018433196615726, 
1.2243697599576, 0.0156595083163402, 0.0523019076665603, 0.0111128128902962, 
0.0515414455913005, 0.030474616769172, 0.16594537761754, 1.02083954167439, 
0.334620704649521, 0.226697293142488, 0.350824206977499, 0.228112615356803, 
0.0175091606052735, 0.580479049271158, 0.0768680953791609, 0.0126837038428284, 
0.68499809274792, 0.179146960652532, 0.0716214322413094, 0.25101602570579, 
0.0211721368069712, 0.0495660988184969, 0.190859725357905, 0.109631688819718, 
0.408122204735912, 0.247643808099971, 0.512484492480854, 0.291857317227974, 
0.0473358845632901, 0.032678977780371, 0.127677838193017, 0.023578991793151, 
0.253246578092014, 0.0244703815498714, 0.137481962256914, 0.757308612343243, 
0.113077722985375, 0.208600049524784, 0.0353916188152501, 0.611496707151716, 
0.150586371049424, 0.0751179182095727, 0.473323964301093, 0.104825810220197, 
0.0290755516242822, 0.108487910135193, 0.0166879077489773, 0.0627634022273746, 
0.0800303640234554, 0.0126025958770144, 0.190957087091088, 0.493670349844161, 
0.0283094912595466, 0.0123078505207398, 0.0154188514411064, 0.1427991333148, 
0.0327377805665131, 0.0197544304517784, 0.138769028913117, 0.0506966390305903, 
0.0121411072378308, 0.151397244334718, 0.0495001876358461, 0.634587452023348, 
0.0191961240402755, 0.510995328037131, 0.0271172087154478, 0.0993664205873789, 
0.201707124713611, 0.0155816994288931, 0.862856252469746, 0.431106615595162, 
0.730725055506594, 0.0814242615844086, 0.29552038175474, 0.164044855773686, 
0.981118896991386, 0.0109375638013723, 0.480320323173355, 0.6767160090849, 
0.0509338678861927, 0.0107929920476425, 0.0274304926458037, 0.176211215043969, 
0.638025365239956, 0.255201554379911, 0.248504535879312, 0.15762385937324, 
0.547629781113035, 1.05305236751703, 0.0446930075766017, 0.0344004803226028, 
0.266241836733847, 0.184759233108264, 0.114330304902646, 1.44670406405384, 
0.0515980857910925, 0.555311331102246, 0.0256118474708426, 0.0150990534825716, 
1.24652753278349, 0.0134645296661652, 0.0525983659199209, 0.0140572031168755, 
0.0458370566447484, 0.0313061171316512, 0.157595328902828, 1.02714260095296, 
0.33036656221916, 0.222717340094894, 0.325931119701236, 0.229920707070925, 
0.0187810659593379, 0.549322576746635, 0.0700598408906626, 0.0150382195906988, 
0.6778020666833, 0.184216229617789, 0.0774612955171725, 0.247210947696554, 
0.0229758130512624, 0.0521923177806153, 0.196401895799554, 0.106319776112118, 
0.399986006301867, 0.252098999199817, 0.518457175278696, 0.300580754960015, 
0.0440720683861998, 0.0305025242779118), dim = c(100L, 3L)), 
    Time_all = c(elapsed = 8.71599999999899, elapsed = 1.54900000001544, 
    elapsed = 1.58999999999969))
