list(MSE_matrix = structure(c(0.26260555988267, 0.269415125563975, 
0.248849640997775, 0.259054601052137, 0.273874173701564, 0.252486085981894, 
0.281775864349012, 0.235673338233529, 0.252201527773184, 0.239803701838931, 
0.266746741020331, 0.282415025638529, 0.269422316022759, 0.255984510371103, 
0.256085086663852, 0.269171990851663, 0.235455576018137, 0.252789172455852, 
0.243545285223162, 0.246911072673469, 0.2428021228002, 0.249621930755323, 
0.264450901984785, 0.262535157979486, 0.251424401507887, 0.247191468298896, 
0.257946601321207, 0.289208380683196, 0.264448284045027, 0.255595360883381, 
0.231973768170343, 0.235233024776712, 0.248953836880535, 0.238910990079511, 
0.275329419792098, 0.232571401165797, 0.252788725313463, 0.251618865542999, 
0.245864460584796, 0.260355522401622, 0.269222407386435, 0.241860452325928, 
0.248998283765994, 0.249493834052603, 0.25894560711359, 0.264405094390693, 
0.259289602452319, 0.264941808009932, 0.270808945216314, 0.281078586982958, 
0.243049359365166, 0.231493873193576, 0.290211413389201, 0.259768346227329, 
0.263142465844327, 0.266352822681253, 0.268042102330127, 0.273521531878936, 
0.264784827440569, 0.267525643650105, 0.260439781127978, 0.247130157806155, 
0.291335987513191, 0.334169024403931, 0.279316291595644, 0.254878530443607, 
0.270870760549495, 0.263873830171011, 0.278805099542483, 0.245131483179691, 
0.250949951461086, 0.309432369602245, 0.244972544947525, 0.292633210055337, 
0.261799734645046, 0.278593758832219, 0.250629528378694, 0.243753114127499, 
0.257216919778553, 0.2790918506161, 0.259358458319105, 0.271666914948711, 
0.271130438430614, 0.250656606030462, 0.238482282691521, 0.278954456849864, 
0.260402041901863, 0.274256005933596, 0.245450001586221, 0.266522446767832, 
0.310916618861457, 0.370994034256526, 0.254300804507158, 0.265007255977816, 
0.246963853417623, 0.234374701574931, 0.24698775453486, 0.259141105915194, 
0.263820788057046, 0.251024175580298, 0.243538972727963, 0.265656645356354, 
0.24529035194818, 0.254231720463281, 0.238850215588669, 0.235185680492652, 
0.242810806415603, 0.233286551569397, 0.234217095612342, 0.242257247660664, 
0.234951448280221, 0.253306912235623, 0.259890838904949, 0.236581253567636, 
0.227706902312099, 0.255103933447941, 0.233227779934243, 0.225898535380934, 
0.221068311603563, 0.2276373532851, 0.227068188383689, 0.245528220482458, 
0.259332532824749, 0.236277492035439, 0.239093563524233, 0.234658000975261, 
0.250391473210592, 0.241671137732836, 0.245186506391935, 0.23839232624396, 
0.230194378544717, 0.247069738310171, 0.238799948392193, 0.252006206615553, 
0.235938051532691, 0.235929970645792, 0.237517826517135, 0.242138433463792, 
0.236976191767227, 0.246644363062074, 0.24395289127621, 0.223340308495394, 
0.233379286706459, 0.230707528393352, 0.238816003899903, 0.2612462060886, 
0.244950119399205, 0.231371563443193, 0.250502098196138, 0.249639012227239, 
0.244574739829476, 0.240140257750399, 0.26146986388695, 0.23825550426571, 
0.236017724938228, 0.251621152260089, 0.251362872347589, 0.245772883718024, 
0.256816826373153, 0.236165757546488, 0.24100686923274, 0.24767255176661, 
0.250698763618157, 0.244017558797505, 0.24930579247109, 0.23865267527128, 
0.251184637353294, 0.222833651488885, 0.241180171553723, 0.223322995701014, 
0.238070901248393, 0.26860630336285, 0.226566601116707, 0.260375868210161, 
0.231755800710923, 0.243189966065772, 0.241824836498801, 0.252874548563322, 
0.246603439656998, 0.261528614805447, 0.253617670088314, 0.231777220564307, 
0.246904491796178, 0.24062711111622, 0.229369392061816, 0.253023337927233, 
0.247627561121865, 0.257001158093395, 0.239917896235038, 0.246010455791473, 
0.279147078425582, 0.273486856735703, 0.245700274631027, 0.244837045823015, 
0.241055897069029, 0.22828712518083, 0.229950977516502, 0.232503955086563, 
0.245733055777671, 0.236211413630054, 0.240325769805357, 0.261556080935735, 
0.236313066502196, 0.258169708900335, 0.250307472244213, 0.22864830860181, 
0.242422189857755, 0.229349448896122, 0.236570704261055, 0.23529467792123, 
0.236861291013827, 0.262305835215057, 0.263854245836264, 0.231205566324447, 
0.23006137742917, 0.259524260115814, 0.234976464240089, 0.232291119774653, 
0.222294568344125, 0.230951460929888, 0.230358906184197, 0.23881544499279, 
0.258638938669951, 0.237102543667999, 0.247213335233259, 0.23702703587562, 
0.248351223316221, 0.253267090305295, 0.247394340052262, 0.242581821856129, 
0.234468955591693, 0.246681662899662, 0.249966362415469, 0.251469683129733, 
0.235981216068712, 0.236072427369382, 0.233434892088049, 0.24220663319801, 
0.241546706924505, 0.241654654550716, 0.24153260549753, 0.230019832839317, 
0.247612035943668, 0.231059562699552, 0.241833549463431, 0.264648455017397, 
0.236467916172172, 0.230582220030584, 0.24356215721217, 0.260988065512173, 
0.244674831434835, 0.236903597398778, 0.272056217830725, 0.243414354307981, 
0.236885460250538, 0.24862592574314, 0.256786209186032, 0.252203791031919, 
0.264465025788546, 0.234590162093732, 0.251724853065628, 0.242850540607515, 
0.248432612833526, 0.255743581977203, 0.250426631810294, 0.238594487619375, 
0.246740177966681, 0.227402132143807, 0.242104005363642, 0.22949553307524, 
0.234935124966131, 0.273676202455951, 0.238565775798689, 0.267589481119154, 
0.237564024953549, 0.253210662170222, 0.236142742970927, 0.254996435874162, 
0.245105885574296, 0.256077849893312, 0.246528867676901, 0.232584995496804, 
0.245961543930222, 0.236537350795774, 0.234002572705433, 0.238014754443557, 
0.236709152346678, 0.249680720032004, 0.235274058876125, 0.249908583886903, 
0.272653726845002, 0.279898205123506, 0.244612801714375, 0.243444388038092, 
0.232682238730768, 0.228799492538268, 0.245440870206853, 0.239100268857515, 
0.239425865462703, 0.247272677479377), dim = c(100L, 3L)), variance = structure(c(0.0276247128530127, 
0.022364146078329, 0.0204037368735542, 0.101248688501861, 0.0267290802880408, 
0.0236437552947756, 0.0595431106341301, 0.0223610096937029, 0.0312582915385247, 
0.0459655792037083, 0.0762498515098367, 0.0273959042211438, 0.0221354368947399, 
0.0191966092849839, 0.0277688585345298, 0.0855653493249492, 0.0267704814789301, 
0.124705316828199, 0.0190718818845583, 0.0267226511908047, 0.118888953548482, 
0.0305410977143481, 0.0220671335723638, 0.0285664363241925, 0.0273020259884398, 
0.0184895839678232, 0.072697396898546, 0.0235460063943782, 0.0215272325452605, 
0.0243096770198817, 0.0212358557025043, 0.043152092519087, 0.0659937707544559, 
0.0264425500009157, 0.032263818072313, 0.0253469620291409, 0.0304012680227597, 
0.0344618863038089, 0.0698056335350189, 0.0174528255010042, 0.0249799294884523, 
0.0250414619766842, 0.0242358226913375, 0.0202266392160854, 0.029472805279205, 
0.0318489598503062, 0.079902344424111, 0.0281773433172262, 0.0348562581105946, 
0.0249226452325445, 0.0236575770443986, 0.0311547624634685, 0.0190288088917859, 
0.0303045073817082, 0.0430972128648685, 0.0340466266681993, 0.0235392127922659, 
0.0426967692243329, 0.0224439963985463, 0.0220646427743695, 0.0256917877190567, 
0.0299636116586292, 0.0162639101474981, 0.0243295914677946, 0.0261525546712531, 
0.0301727868171692, 0.048248817486374, 0.0258639357321782, 0.0388589106560536, 
0.0269665969006385, 0.0258946751959903, 0.021878598662467, 0.0218744089866846, 
0.024568281531043, 0.0172027621732253, 0.0316608270706261, 0.0266436360466223, 
0.0256821243057261, 0.0280447614148171, 0.0786363687672017, 0.0196309291243177, 
0.0271885527439968, 0.0237772100801808, 0.0227094740582007, 0.0234775957783293, 
0.0280998139863054, 0.0271275337679918, 0.0302807820711315, 0.0522191159715724, 
0.0302889285850302, 0.0277246143560903, 0.0482533547963234, 0.037208570976375, 
0.0368772812167501, 0.0247056679501576, 0.028895906822434, 0.031317287346373, 
0.0222370554113011, 0.0260944575832243, 0.030443450209768, 0.0143198054892393, 
0.0125987059033879, 0.0111026148223029, 0.0132928058632689, 0.014563911395227, 
0.013200446022146, 0.0145591385941796, 0.0131908293213374, 0.0134739370913561, 
0.018320418318398, 0.0183880682631708, 0.0151472040406757, 0.0135664178958237, 
0.0106267800476059, 0.0117453498257805, 0.0187219065148468, 0.0117424424974399, 
0.0163994809836748, 0.0105154295899352, 0.0126492935798886, 0.0139753174738314, 
0.0141026286605783, 0.0130328130360003, 0.0171458047646576, 0.0149948924859686, 
0.0103023306553506, 0.019663189333543, 0.0152060706946084, 0.0129547657639539, 
0.0124664973631229, 0.0116330477773815, 0.0132538208517803, 0.0178043497115774, 
0.0148105490016901, 0.0101096190445245, 0.013559125453726, 0.0140301239889338, 
0.0162889086368095, 0.0126751071525424, 0.00999055233121191, 
0.0115734632276693, 0.0135362973185901, 0.0127190153867211, 0.0109648253199211, 
0.0142920813447287, 0.0151497886195921, 0.0177868372382182, 0.0146956604543409, 
0.0120623831404367, 0.0105651791505849, 0.0126610848421478, 0.0145555486598208, 
0.0112571306525672, 0.0139965426013828, 0.0174630813573441, 0.0170466585088303, 
0.0117226241721841, 0.0150446099328181, 0.0124834051573681, 0.0142408700125295, 
0.0146393626643833, 0.0163362835453854, 0.00954671417199958, 
0.0152077586509883, 0.0119493550326093, 0.0145062622239583, 0.0169999064793126, 
0.0144358300279381, 0.0176139562233424, 0.0151857866927821, 0.0133424427331501, 
0.00909606439703252, 0.0158155157847411, 0.0129068272575439, 
0.0100012665627315, 0.0109216813799255, 0.012794550746658, 0.0149804526470839, 
0.0132946459735671, 0.0140022908467616, 0.011921410372303, 0.0118835296683163, 
0.0164941146798843, 0.0114276328500681, 0.0092875663972452, 0.0177281044137341, 
0.0110011096254396, 0.0162335510129276, 0.0175043267561273, 0.0153063450490687, 
0.0148620072914528, 0.0179182526900468, 0.0122625128129203, 0.0109892008384081, 
0.0136044904210984, 0.0135471518242282, 0.0157459798224336, 0.0156646277064252, 
0.0143980236800216, 0.0130418249804719, 0.0132344016695871, 0.0117955633475589, 
0.0113238881813473, 0.0148744694127983, 0.0139358099345967, 0.0114753365148906, 
0.0114439336130154, 0.0130181093408559, 0.0128275830551472, 0.0183755289672105, 
0.0133302791286567, 0.0133526498356361, 0.0129179711925712, 0.0109376178066777, 
0.0127566924149592, 0.0197403636562042, 0.0133303929249937, 0.0125912735539681, 
0.0110176014142636, 0.0129816870170673, 0.0154338050669778, 0.015410605804416, 
0.013012156035512, 0.0147976481409268, 0.0125671541720519, 0.0109173424316637, 
0.021677592840358, 0.0134886423953164, 0.0118184862258343, 0.0125869046039228, 
0.0125979796762284, 0.0173038161270573, 0.0189579636096916, 0.0140593798560412, 
0.0120226136128981, 0.0140278854861371, 0.01297267734507, 0.0179105646752232, 
0.0134352881046383, 0.0111082975704123, 0.0125228580329953, 0.0141639655032886, 
0.0127944491889867, 0.0112800140801689, 0.0136664083218239, 0.0137193041103735, 
0.0169777349189135, 0.0131691834018535, 0.0142052980853333, 0.011718295800383, 
0.0130714470216587, 0.0132082827848826, 0.0104422450853065, 0.0150721725183547, 
0.0197663940416923, 0.0153702196013068, 0.0125121162624401, 0.017435107368206, 
0.0126308683227098, 0.012953791015553, 0.0129661997058943, 0.0120405419239671, 
0.0103195729268904, 0.0123806165396153, 0.0122087210315563, 0.0152032547958092, 
0.0178100919716884, 0.0137457417560441, 0.0160169959817841, 0.0139555045595929, 
0.0128210569565658, 0.0113145942144209, 0.012055558449948, 0.0126730752558465, 
0.00989887062225037, 0.0128423411336279, 0.0128452507038493, 
0.0127652767990427, 0.0130004015296329, 0.0154600751966883, 0.0109370069236782, 
0.0134369979983958, 0.0124129880348273, 0.012273546271008, 0.0111201860215141, 
0.0149542268400289, 0.0128076382924598, 0.0146473760275898, 0.012613191288409, 
0.0163626572595233, 0.0129898109494653, 0.0219122503432619, 0.0161356623772756, 
0.0128816135692577, 0.0133137004555806, 0.0128839758228794, 0.0158305386396926, 
0.0123665190940561, 0.0136922692958563, 0.0132937508201975), dim = c(100L, 
3L)), MSE = structure(c(0.117750786581671, 0.023532049543509, 
0.227608420589891, 0.108341058114547, 0.124830485308124, 0.825529683134639, 
0.180740275902554, 0.197495769280648, 0.06082866135059, 0.765367436084893, 
0.163749081746423, 0.0709405019898002, 0.494871791351639, 0.124329089086473, 
0.0354945152719055, 0.129677666450148, 0.0515878359398632, 0.152035382799884, 
0.0797249388870173, 0.035023234948802, 0.173328522906433, 0.490376076478705, 
0.0422673697638882, 0.0362808401029728, 0.0282844577887128, 0.143418968804005, 
0.0758686592270575, 0.0233746555810544, 0.129953280754212, 0.051063955102993, 
0.0210920921384118, 0.121924922593576, 0.132670815549215, 0.579809024275938, 
0.0548921676769874, 0.634600943995974, 0.058589590078813, 0.106141068171865, 
0.192272594254003, 0.0189464029432913, 0.938385125857073, 0.355881490346709, 
0.705781166477612, 0.0715312062442541, 0.354517230462184, 0.197324849763387, 
1.13449646814959, 0.0279026373096455, 0.434016079509362, 0.724208337297619, 
0.0658915631291759, 0.0312642072262625, 0.0418692001370628, 0.23595085606165, 
0.619989605321406, 0.326481632943432, 0.275820874860321, 0.132872328904346, 
0.509647648500591, 0.943321890785548, 0.0755458638064123, 0.0381725266386115, 
0.278308629151918, 0.229187296593466, 0.133453836005802, 1.28148576903527, 
0.0633973981041442, 0.560214545570654, 0.0402863738186947, 0.0370262746598161, 
1.35405791108929, 0.0249637258955597, 0.0829433902457695, 0.0248450448782273, 
0.0488131374814024, 0.0313448471016112, 0.182090912974013, 1.09663569379047, 
0.281532395619453, 0.490627725944428, 0.380951190126308, 0.284257830915355, 
0.0398866630533126, 0.556565265333058, 0.085033987829853, 0.0318589720708878, 
0.56109462480452, 0.157475500424618, 0.0870173330204488, 0.241043326151101, 
0.0328581976792004, 0.0765575845976215, 0.158400343886077, 0.218984396865641, 
0.394143040365853, 0.316389342547253, 0.569374978168917, 0.271988608112182, 
0.0644513315198436, 0.070427416182904, 0.126681455035342, 0.0210718030640838, 
0.249776240543407, 0.0162986911045112, 0.135176796716173, 0.744159661322767, 
0.1082514789052, 0.184924066757345, 0.0372556286936754, 0.633923738399645, 
0.150164457189452, 0.0743561620154908, 0.442841883175254, 0.11117952920979, 
0.0272356113267691, 0.0952704798768996, 0.015376937141004, 0.0646648522830445, 
0.0719730477438157, 0.0129787886542522, 0.168968110984224, 0.491198517983187, 
0.0344646531897025, 0.019082143725695, 0.0190247232284291, 0.132111087740304, 
0.0357046083753707, 0.0219464124514666, 0.146622721709838, 0.0526411948291751, 
0.0117966934388364, 0.128799462976409, 0.0589178920693994, 0.622597865989481, 
0.0161710369640544, 0.534262018561821, 0.0311793431728323, 0.101906408034262, 
0.18783479976244, 0.0149124711581054, 0.830396790208389, 0.409603115046625, 
0.750180970881219, 0.0753299567785008, 0.30131236330809, 0.182824732872943, 
0.93827399737944, 0.0145706212502268, 0.463900784789331, 0.657589399616671, 
0.0484631131472922, 0.0148128554202938, 0.0275620705485958, 0.186503585437023, 
0.642195232057696, 0.286777191085926, 0.246304253009194, 0.137082079154676, 
0.559589337230034, 1.05222134990877, 0.0452911230045805, 0.0358372026416343, 
0.246326604213699, 0.194468484355413, 0.107179387482747, 1.41420308065253, 
0.0441587435841898, 0.589165170696046, 0.0280541514033505, 0.0190613813897462, 
1.25687108358492, 0.0102333673509264, 0.0585180535167013, 0.0137684193781946, 
0.0466184994007632, 0.0206021591303795, 0.178866671143027, 1.03932705800344, 
0.33144344380904, 0.251895131929518, 0.331859778964281, 0.228067131407821, 
0.0225365998428966, 0.558462659631598, 0.0731741439418387, 0.0193983773668451, 
0.686143988095448, 0.179210739404001, 0.0779007709546762, 0.246951937505557, 
0.0258055322571788, 0.0480651611318779, 0.174499843229667, 0.114943090065387, 
0.422004290212211, 0.25272027110689, 0.541728522649091, 0.297539934801438, 
0.0424310115308612, 0.0311479552468898, 0.134426914614154, 0.0221859122671503, 
0.248132760433486, 0.0207417717147302, 0.144861472880406, 0.730590773726706, 
0.102498066744601, 0.189486255516417, 0.0324036505227633, 0.610808357811648, 
0.147190629634164, 0.0792771248920617, 0.443141311975479, 0.107582827839145, 
0.0307510686381145, 0.100337157790369, 0.0168139433444149, 0.0617671993464679, 
0.0750652592061028, 0.0132422766285624, 0.187828402166784, 0.48287558532862, 
0.0327133971791553, 0.01608695590674, 0.0183147323518431, 0.136185392006999, 
0.0408943137724158, 0.0220710944760904, 0.150987277145762, 0.0556129404783275, 
0.0126763018127115, 0.139310504658864, 0.0577515542332077, 0.645349325274737, 
0.0156784569230097, 0.526804639661223, 0.0298985075129867, 0.110852939287693, 
0.205499017689462, 0.0156504269750621, 0.834135699951508, 0.417314087904924, 
0.762948243645453, 0.0743915766791409, 0.303257454526626, 0.181973060559863, 
0.944508372603202, 0.0130378688942969, 0.480684797300843, 0.674395064590269, 
0.0489969654128994, 0.0136263885447948, 0.0243455231027482, 0.189073585688689, 
0.662365595734579, 0.277907748839025, 0.243066190575677, 0.143053094913468, 
0.563030773755962, 1.07021821931351, 0.0411863632907752, 0.0337831312964167, 
0.254255102413575, 0.182958050704551, 0.114274821032923, 1.42026279796529, 
0.0460117556687217, 0.593712687539454, 0.0293143380396196, 0.0170485326698914, 
1.23708259068138, 0.0117909452220106, 0.051039347242915, 0.014030198404966, 
0.0432398897954802, 0.0259765491756818, 0.176018836463072, 1.01954896689258, 
0.333329842828037, 0.235981310960585, 0.319905705999696, 0.222077841328867, 
0.0170479416691688, 0.561723710297216, 0.0692764271385778, 0.0176915949869326, 
0.685826977641163, 0.188636118660645, 0.075489183218319, 0.260535912862517, 
0.0269680711125804, 0.0507616380026352, 0.186518549792239, 0.105601493492131, 
0.429160038915613, 0.251227034415978, 0.543746996262954, 0.304347088645585, 
0.0399332935459789, 0.0323428552363484), dim = c(100L, 3L)), 
    Time_all = c(elapsed = 1.98699999999996, elapsed = 3.60299999999997, 
    elapsed = 3.70000000000002))
