list(MSE_matrix = structure(c(0.26260555988267, 0.238713122517307, 
0.279739828349581, 0.24277538437864, 0.247776675945504, 0.251734809121641, 
0.261093453835044, 0.255477363750045, 0.263210264481683, 0.260737842392599, 
0.242364749187432, 0.266207020968027, 0.232435165039484, 0.285162890918766, 
0.263911432720282, 0.275600041378891, 0.247757660869899, 0.26676469343084, 
0.280780691885554, 0.256929717050555, 0.27750162391757, 0.270257809882468, 
0.26520320755497, 0.306512509138623, 0.274761926923224, 0.262430688287819, 
0.259614000223114, 0.259598270375867, 0.250053916060861, 0.281067028001833, 
0.23457174511327, 0.274293427808065, 0.255728334867519, 0.27173199904636, 
0.24420587597707, 0.270408167965566, 0.273224981613052, 0.290589390884264, 
0.279889798335315, 0.293696315793324, 0.31651616463015, 0.287857985125626, 
0.244220553332201, 0.269174194522069, 0.275265779955014, 0.28040749647061, 
0.297054131423027, 0.259806213568826, 0.265723466667663, 0.268692099855587, 
0.275631804784877, 0.267126519017386, 0.269504164135626, 0.254324602879541, 
0.255356086084717, 0.270527350923817, 0.251465606082199, 0.246271058928336, 
0.286290829846185, 0.259020558078326, 0.256709781681945, 0.271080695254914, 
0.261117710187761, 0.294694908987258, 0.26876578998817, 0.337699405967234, 
0.248470864973327, 0.239946478933798, 0.273751357540132, 0.255684401162188, 
0.253169355337841, 0.253207349660613, 0.270078795071704, 0.257950638803151, 
0.256612755531299, 0.268318791633262, 0.257692825902394, 0.274170562220478, 
0.265037614443537, 0.256322075175553, 0.243080337849073, 0.26618113845037, 
0.251567515002192, 0.339580095424373, 0.298251482685637, 0.257530398321144, 
0.239286398731411, 0.246815902440518, 0.267723946860467, 0.251122728272641, 
0.251097609325899, 0.268436086798599, 0.284145991724938, 0.269510748977564, 
0.270077528566065, 0.230552828774179, 0.259065918742015, 0.239124607861936, 
0.250260775418384, 0.270627262057043, 0.2542966768336, 0.248502570686665, 
0.263251581369411, 0.23375712166629, 0.250966505350021, 0.248936396205553, 
0.252771709296124, 0.242684104406725, 0.22769050783626, 0.240651160624248, 
0.240895703358537, 0.259324675916417, 0.24835633204209, 0.267010924268772, 
0.244497775038254, 0.285989286670058, 0.231631028409399, 0.278986335334954, 
0.262102519089742, 0.241052849295841, 0.291380346345057, 0.226162981504914, 
0.240563760560313, 0.252209128859157, 0.259532449345889, 0.24938306763996, 
0.228032518940068, 0.235044752092583, 0.246360456377197, 0.264648744907302, 
0.224072524086021, 0.226824936875126, 0.241722881154417, 0.230169477880858, 
0.27121474995795, 0.237719930730022, 0.278030809222572, 0.271578961204537, 
0.264269184522994, 0.255031068307832, 0.312587402989759, 0.261373380913322, 
0.237628725574061, 0.253274536358464, 0.259648980064575, 0.256185190923583, 
0.259334622256863, 0.231484981518122, 0.250341741396085, 0.243555760254687, 
0.244173887887321, 0.241286354827307, 0.247850124026293, 0.224634629179394, 
0.256045099697709, 0.258962896554702, 0.250281835063837, 0.254709305265827, 
0.251148607554659, 0.238163118367744, 0.267773146213609, 0.279675798542139, 
0.263417493762076, 0.263085838496207, 0.244756554067886, 0.315527478099249, 
0.247237817476641, 0.234362102117739, 0.246465525244528, 0.236897070163318, 
0.251798382034836, 0.22875989725835, 0.257631732794523, 0.239956097869172, 
0.247234498735539, 0.243018777035334, 0.257376539115161, 0.250572046867605, 
0.268717799769542, 0.240368994507259, 0.244779537716603, 0.239248841340358, 
0.235347425126312, 0.311448789813723, 0.252694354310293, 0.260018330373562, 
0.237514701332397, 0.260720829487752, 0.230741480278429, 0.270223787765032, 
0.254865867508674, 0.253701560400448, 0.251712822660631, 0.266816035460927, 
0.260678874722329, 0.239664985156474, 0.262811989900802, 0.233587114493153, 
0.250902691207468, 0.265968407295075, 0.265026581402915, 0.235162399186468, 
0.244413940430434, 0.240501000346522, 0.247017507607893, 0.232325839635597, 
0.261421196331516, 0.239806615503099, 0.252787888971613, 0.247226015034137, 
0.249252052775012, 0.246320841060458, 0.231188381845615, 0.276439962958037, 
0.233894057572508, 0.280326959690254, 0.259379248148705, 0.254116649777342, 
0.264065701782295, 0.236509300697194, 0.29818444813812, 0.240668943492156, 
0.265886079477742, 0.272412676277438, 0.271172177585548, 0.238909516049013, 
0.241906416972464, 0.238941186197744, 0.254498692424487, 0.26196298302765, 
0.243112291716097, 0.238860802468576, 0.240941916047388, 0.245290016391542, 
0.247979878929521, 0.2305877308812, 0.272636112385884, 0.257149733471275, 
0.26925579235371, 0.248214469473137, 0.297724733717819, 0.265310990478097, 
0.230251580883402, 0.260811396325516, 0.257294958825256, 0.252306979680146, 
0.268862732950944, 0.2504200997698, 0.25272271355456, 0.258141261660429, 
0.243205500250419, 0.239397217100996, 0.240679341999269, 0.232765666072561, 
0.245571619000049, 0.259081789896514, 0.252867339115927, 0.26001646358647, 
0.248672799843061, 0.227968337613654, 0.230698658704184, 0.273678114131338, 
0.274246033870994, 0.300725546685276, 0.252290117278487, 0.309813522669611, 
0.249201810853758, 0.251719002169751, 0.24190353620642, 0.262629139851091, 
0.259447357874614, 0.231468398358228, 0.241527542742869, 0.24248894535373, 
0.270842232591002, 0.235691406755888, 0.255133028016983, 0.257341176141536, 
0.263563846174118, 0.254441841674214, 0.243607279658652, 0.263074294590814, 
0.229995160782648, 0.281105194668407, 0.246009820129465, 0.255537839230523, 
0.237998445690478, 0.247267750645863, 0.2539917238213, 0.231493452219414, 
0.242147182436927, 0.25220451251458, 0.222003098517912, 0.236012255232891, 
0.259089250987878, 0.239515139330066, 0.245365037845565, 0.240662586885853, 
0.25208483262015, 0.250314123058954), dim = c(100L, 3L)), variance = structure(c(0.0203023497762006, 
0.0255822238897628, 0.0264525081625234, 0.110593380200979, 0.0224842726939145, 
0.0412524968028494, 0.0538315463532825, 0.0263840080085055, 0.0377862751952571, 
0.0419327138423796, 0.089913640898099, 0.0270778376903681, 0.0274134741850482, 
0.0230258334525667, 0.0272867181275577, 0.0856378526813278, 0.0241187672970643, 
0.0948656467307661, 0.0227033899266702, 0.0265629302646665, 0.122274577773139, 
0.0285007872253014, 0.0259168351401605, 0.0232955261016694, 0.0247958831086343, 
0.0226459036427362, 0.0725878042687043, 0.0331894871458154, 0.0373517283484051, 
0.0204381836323649, 0.0228319710180781, 0.0350791105152371, 0.0663539581625187, 
0.0227964392195184, 0.0435186207298772, 0.0210800657841279, 0.0298792626754441, 
0.0355124791947413, 0.0850397052071944, 0.022195535612277, 0.0292786377281626, 
0.0205511773784612, 0.0301963108447688, 0.0273167040790912, 0.0340413145444277, 
0.0304971602326136, 0.0667488107934958, 0.0370475044278511, 0.0245912661299162, 
0.0301534552238492, 0.0239182273540849, 0.0325487418515087, 0.0277313353946378, 
0.0255349932110237, 0.0446640425262912, 0.0275595312669178, 0.0220632903585553, 
0.0438331413594835, 0.0256636951757716, 0.0341442988444698, 0.04331306460198, 
0.0342974656353733, 0.023509620073451, 0.0277304154038665, 0.0312520049144429, 
0.0233301666540686, 0.0501316598384259, 0.0288664334940786, 0.0399752344158437, 
0.034478423567973, 0.0202958214647288, 0.0299472832241991, 0.0306126881563539, 
0.0229627680568205, 0.0248675852320165, 0.0381150106136585, 0.0325640692413839, 
0.0301368249695458, 0.0274750646861491, 0.0718110621719126, 0.030146302453357, 
0.0240538502384093, 0.0349888614770571, 0.0222407028876524, 0.0316577733381195, 
0.0196223912365618, 0.0265592653158764, 0.031500040751042, 0.0583143326840072, 
0.0304165945905829, 0.0227281568210163, 0.0452582760013653, 0.0250973181100393, 
0.0456226854173046, 0.0295464531385178, 0.0292239415051507, 0.0376237702851045, 
0.0359872951675131, 0.0306692740743543, 0.0327551241087138, 0.0227213203585465, 
0.0158217761913349, 0.022103467646527, 0.0304657719628072, 0.0269385303790964, 
0.0243530156777422, 0.0267347927223239, 0.0235830567908672, 0.0259286030856628, 
0.0402490639050957, 0.0373370807982954, 0.0266118129247158, 0.0237358671402182, 
0.0145743486075493, 0.0193601124442154, 0.0344073924844424, 0.0222209327437848, 
0.0310497784610329, 0.0144521508361915, 0.0219059171255533, 0.0306488364820309, 
0.0215601302458076, 0.0233804087402712, 0.0181578527391339, 0.0229064170873356, 
0.0145215134402185, 0.0427875022728228, 0.0207063789226401, 0.022996878451737, 
0.0183617468029507, 0.0177142861991258, 0.0279526986924108, 0.0322902095514583, 
0.0281137079801961, 0.0263391734718372, 0.0226458714665203, 0.0231519450053265, 
0.0344302319446955, 0.0290640974387081, 0.0151478027071992, 0.021186399928423, 
0.0223999684814502, 0.0209042286127476, 0.0220465290254509, 0.023874053658645, 
0.0247405946706559, 0.0253770561887811, 0.0243592320534992, 0.0214428505396003, 
0.0244113419539322, 0.0187584740510839, 0.0240659058810485, 0.0184179528099375, 
0.0167363797723144, 0.0370417803149805, 0.0194192793581889, 0.0169071151470931, 
0.0291536803343592, 0.0226107918743477, 0.0212070244682358, 0.0289548717295968, 
0.0262333066077588, 0.0162972014292946, 0.0232554670859337, 0.0250358142026315, 
0.0145171950256372, 0.029639393948424, 0.0238657891111508, 0.0337181881871799, 
0.027810768270117, 0.019565965939146, 0.0228488871945818, 0.0245267751153242, 
0.0141501143455812, 0.0180520750762008, 0.0253846143142284, 0.0217769916580214, 
0.0232163293113107, 0.0224021602829753, 0.0271343568434658, 0.019455242295595, 
0.0206182378322569, 0.0249899885430109, 0.0157120053526267, 0.024226830944783, 
0.0162281924822351, 0.0226628901361407, 0.0307661565050663, 0.0316646566954331, 
0.031518687717366, 0.0236989737677833, 0.0295913225457635, 0.0249548867238984, 
0.0267098254229189, 0.0224963348938455, 0.0225936709406331, 0.026015951024692, 
0.0250298873684028, 0.0241630151903965, 0.0245341371388495, 0.0176599973130517, 
0.0180077448022279, 0.0183338058778918, 0.0300534624296421, 0.0196454724659134, 
0.026873063124494, 0.0335979662688373, 0.0246695578455572, 0.0264280101131632, 
0.0275620558111385, 0.0331686335166086, 0.0204627510971873, 0.02426183716213, 
0.0178460470803144, 0.0216395157685416, 0.0342777018260266, 0.0191602947489493, 
0.038597738055712, 0.0177901107725074, 0.0207711765381366, 0.0295388164592144, 
0.021359833490706, 0.0243048065013585, 0.0175959598984437, 0.0194868206303529, 
0.0178285452364479, 0.0319032570264722, 0.0206868349020946, 0.0252415645158387, 
0.016722352329627, 0.0184503347629407, 0.0262392813600147, 0.0320354178526842, 
0.0199892839989992, 0.0267325013001877, 0.0203468786822004, 0.0243596089296416, 
0.0266187461131134, 0.0296447289096804, 0.0179097786650612, 0.0204391115680286, 
0.0198959537943083, 0.0221053719091588, 0.0181933628551369, 0.0197994290085907, 
0.0281065989568886, 0.0251651652673325, 0.0204390536600252, 0.0231578122613176, 
0.0235049523515055, 0.0177362050427345, 0.0257784983530038, 0.0184040942007697, 
0.0195694767625209, 0.028577218653356, 0.0185768384687453, 0.0177318492080575, 
0.0279171369689749, 0.0202439687733441, 0.0206252665730848, 0.0283210555466334, 
0.0255203311361125, 0.0191940584326455, 0.0202802172946313, 0.024466194016469, 
0.0185055163981742, 0.0293062656573502, 0.025755916845774, 0.0244049314826569, 
0.0282360038233208, 0.0165791883213912, 0.0224480582552947, 0.0234963223537869, 
0.017734966377042, 0.018941474869151, 0.024519642143733, 0.0220283177224765, 
0.0191549633165811, 0.0220271222457695, 0.0246386740855511, 0.0186978654640887, 
0.0192806419703409, 0.0251723502387973, 0.0177490771082287, 0.0240066569235322, 
0.0162102762232514, 0.0198670546960215, 0.0223892401368961, 0.029588721735396, 
0.0244672235549357, 0.0185937136399987, 0.0239449484654755, 0.0231074984244798, 
0.0263574627445111, 0.0237407326908975, 0.0230068242544231, 0.0255157177010752, 
0.0236660455515359, 0.0259650948187701, 0.02129777529017), dim = c(100L, 
3L)), MSE = structure(c(0.119093401246166, 0.0253316996055875, 
0.262728539456156, 0.117206621401918, 0.133684989509219, 0.867633037279292, 
0.211587061741724, 0.250897376042735, 0.0662801673145754, 0.713718595757278, 
0.208530108178281, 0.0692564057373526, 0.527751044905985, 0.145241532335423, 
0.0446799452366571, 0.107073849257694, 0.0420570753912736, 0.100200269668027, 
0.0717475554593826, 0.0329714727622071, 0.179041008919391, 0.440733635344532, 
0.0332554048590815, 0.0275283400969226, 0.0258993727930368, 0.132319434252909, 
0.0778560008482762, 0.0335218937376593, 0.143837314715384, 0.0523171722074532, 
0.0239016304172942, 0.120788578128744, 0.15601432627718, 0.603514194078067, 
0.0650414632801748, 0.550127121783945, 0.0503637368838293, 0.122005007091755, 
0.202611141600129, 0.024259572454237, 0.9772395541085, 0.418357258141926, 
0.75240795586695, 0.0959411257289705, 0.3198329369028, 0.161876655862619, 
1.2064458182179, 0.0369705986461018, 0.472784921344261, 0.702663765269672, 
0.0790514014026601, 0.0326333847834646, 0.0602320030523542, 0.266525493593014, 
0.648924113803423, 0.291123615215939, 0.245561010691881, 0.131934622328801, 
0.545466085024798, 0.886560760831086, 0.107544661460063, 0.0531569953132758, 
0.28518805212746, 0.224802779074573, 0.130236364083784, 1.19445498844475, 
0.0610073198037709, 0.538667317597909, 0.041764050667975, 0.0517249648844127, 
1.32646078970208, 0.0308746875559168, 0.0743888918063725, 0.0262597217234962, 
0.0599854725261483, 0.0383130722006151, 0.165187028728601, 1.10565210179916, 
0.300796220597258, 0.442172653679079, 0.43483504587042, 0.231582620254895, 
0.0397312894273769, 0.602161820606844, 0.0961414237599487, 0.0232393698726522, 
0.592541866001085, 0.158291346985387, 0.115551882651915, 0.270056050767021, 
0.0284162612594194, 0.0787584162630916, 0.171267571249266, 0.216352297849938, 
0.405878307780209, 0.300761137415529, 0.561281537696755, 0.315425708686218, 
0.0752822186252775, 0.0605430272533796, 0.132943078670408, 0.018633394180298, 
0.266638576653664, 0.0310650950154052, 0.146274353072732, 0.838307536870954, 
0.152347885969755, 0.233495061777817, 0.0494416051128805, 0.660248931068534, 
0.184519766918214, 0.0804561271412074, 0.504894325373911, 0.128302561628889, 
0.0317184899238313, 0.110635436579954, 0.0265316806628471, 0.0584546875475758, 
0.0672599318829813, 0.0223156506040891, 0.165936222632111, 0.458934013961418, 
0.0338773742386144, 0.0209378694995963, 0.0264129058600261, 0.126156307539812, 
0.0612237080868041, 0.0224608380195993, 0.125970678071413, 0.0580848112169598, 
0.017559689169882, 0.156690458981417, 0.0709255586345597, 0.630055448008955, 
0.0337340966076323, 0.50874431264944, 0.0367044776997808, 0.129973129492991, 
0.189928130744925, 0.0197698882625618, 0.874998821797233, 0.45136419100606, 
0.705626458853725, 0.0932229487683721, 0.303833792030115, 0.16016412844741, 
0.956375693064088, 0.0241731369420978, 0.473319616088933, 0.676434844024714, 
0.0621356926614652, 0.0240963718515527, 0.0422241302632199, 0.222638636808465, 
0.691646689209161, 0.297011944543867, 0.239051996633359, 0.164201944158914, 
0.546149848143464, 0.982552172006014, 0.0804450819892874, 0.050799465215534, 
0.256726968040855, 0.200367479984601, 0.121623116780611, 1.30796407180105, 
0.0607618978812413, 0.533257233934642, 0.0408233898159594, 0.0403617099258905, 
1.27161335983005, 0.0231184089429854, 0.0614791951540631, 0.01407638983995, 
0.0566159775369977, 0.0350070106156707, 0.172087491980864, 1.05066889438226, 
0.345968174266357, 0.266318881799225, 0.377614495853814, 0.243047724889672, 
0.0283035732659629, 0.588429708544742, 0.0868411229340712, 0.0164038380607508, 
0.683686110829614, 0.18189748281308, 0.10246886128077, 0.276779397618925, 
0.0332110013587767, 0.0489871449115396, 0.200527293180638, 0.136109290637115, 
0.383152233219818, 0.256732617880049, 0.521018002785568, 0.320148828041942, 
0.0698306479506243, 0.0430009622969513, 0.130058505753555, 0.0217824895588007, 
0.265338115878877, 0.0333939962801316, 0.144312406136306, 0.805956922448285, 
0.141898118561805, 0.229293481620006, 0.047975355573383, 0.638274194553794, 
0.171477295611596, 0.0768116515918481, 0.487349684660172, 0.129000470697197, 
0.036988085610651, 0.109219440026307, 0.0215111969760693, 0.0754727578809289, 
0.0721162079753669, 0.0206616707165107, 0.186841760617471, 0.464414323803781, 
0.0358686037063856, 0.0189693131381146, 0.0225820032512416, 0.131259594451933, 
0.0480773928241668, 0.0231401137017701, 0.140401005779191, 0.0562474320201106, 
0.0183619196548636, 0.150739785417157, 0.0720129231577731, 0.634947809209368, 
0.0307562032470955, 0.491759566525155, 0.0360763281873037, 0.120964312509685, 
0.212783612922844, 0.0223624355460438, 0.846043948886755, 0.463230213321862, 
0.732016865141774, 0.0895465106034619, 0.279740778728063, 0.168096137939128, 
0.996825655259203, 0.0209045256775755, 0.485464463193159, 0.677361523616327, 
0.064858339744983, 0.0255636133788738, 0.0409994824426956, 0.217390853237081, 
0.670418469833641, 0.277389842265341, 0.240480490081543, 0.158306888260342, 
0.557139603352774, 0.995828306264606, 0.0732928477760122, 0.0458694976705838, 
0.258631135596242, 0.206989563079565, 0.121367748194669, 1.34141704609727, 
0.0591168126689821, 0.556408406609881, 0.0331674380977393, 0.0380763666449684, 
1.27223291058622, 0.0225150754172383, 0.0665318793809438, 0.0175592638548767, 
0.0579275246360732, 0.0376706690240485, 0.184568504127609, 1.07349712930133, 
0.360075210851521, 0.248532272699194, 0.370377520522729, 0.234258878345212, 
0.0305356826084217, 0.587293832642281, 0.0823914137066848, 0.0170064870103436, 
0.704310525447115, 0.179964892989321, 0.0936203807092987, 0.27180293651058, 
0.0285855589061706, 0.0517771031425047, 0.196439166313308, 0.121644547151615, 
0.403002963850649, 0.246175273602954, 0.526696977063426, 0.300983228167341, 
0.0653210874488965, 0.035457008349572), dim = c(100L, 3L)), Time_all = c(elapsed = 1.87899999999991, 
elapsed = 0.911000000010063, elapsed = 0.860999999999876))
