list(MSE_matrix = structure(c(0.26554077870051, 0.2895220994725, 
0.275073881559977, 0.270622981630917, 0.233833956443058, 0.336964484738229, 
0.268935544240272, 0.257391522118129, 0.26074614803479, 0.264188725750164, 
0.269705025728466, 0.279376800555432, 0.28800920015553, 0.236601070113321, 
0.251152127194654, 0.284506582535863, 0.275429725320747, 0.291643165218139, 
0.278949940536075, 0.25432001017591, 0.254167171514984, 0.283955492433526, 
0.27559393733907, 0.270794000871307, 0.276753692470277, 0.285513814640424, 
0.25776104130389, 0.299866208255108, 0.266848755628085, 0.274271608501795, 
0.326381124531274, 0.229665754633023, 0.259771991693678, 0.291828912772724, 
0.266566254661918, 0.274778990075051, 0.262795290253633, 0.274382331296779, 
0.314169904369346, 0.272670683402508, 0.271115241248153, 0.269507021461681, 
0.249227240181234, 0.250607499117653, 0.269108715891028, 0.253068817728792, 
0.297416716706879, 0.245518986453616, 0.309509332978486, 0.251993543914605, 
0.257847231820834, 0.321525208288813, 0.263459195876713, 0.262556722931846, 
0.296037180998873, 0.251399038597846, 0.24354520618601, 0.25333225578303, 
0.262544015646865, 0.253938023134277, 0.266076420086185, 0.236930858261418, 
0.270064994318891, 0.297543093220956, 0.295412754889354, 0.272278777018082, 
0.250955269205349, 0.267054554727795, 0.327157631097436, 0.265364285479646, 
0.268920453887636, 0.352083864466939, 0.281811247510261, 0.311791273549215, 
0.308892689473963, 0.263082144135864, 0.27153356279288, 0.251250428542475, 
0.289659259237325, 0.318612760675495, 0.229020797838808, 0.272382253871117, 
0.286420173919751, 0.261469987367008, 0.264103607048854, 0.279010144799245, 
0.253666926138102, 0.27606660828535, 0.328530102366934, 0.260364466957215, 
0.27525537652704, 0.265494659409618, 0.281024034623914, 0.229494158810981, 
0.247308270358121, 0.31955670728619, 0.257492552498936, 0.272915522614661, 
0.28402546218941, 0.275157901941365, 0.259823647961179, 0.274403823271685, 
0.261379143575403, 0.227417695313916, 0.229838645946956, 0.245050768756444, 
0.259447119825649, 0.236402372684874, 0.242913031291754, 0.241013165637153, 
0.261096000132176, 0.259530410196549, 0.248550726965458, 0.236339588046621, 
0.23979346194956, 0.251489786198385, 0.237461498733838, 0.265896809156942, 
0.261375373808891, 0.25414272376595, 0.231252557731669, 0.242684259197032, 
0.246275065873022, 0.253918774831306, 0.227593291101606, 0.236930691063288, 
0.264798963115262, 0.250089586515615, 0.255869136940605, 0.240022098204216, 
0.250019573411396, 0.225286166611235, 0.237135727671554, 0.240578466556605, 
0.238898230237349, 0.248585799957037, 0.248707534779245, 0.232699955816066, 
0.283348377122244, 0.253974544009633, 0.258191042979695, 0.262494159650499, 
0.248021975217042, 0.252052755664552, 0.255849133126261, 0.245142229219087, 
0.251327034435096, 0.246995613102679, 0.252061263393385, 0.245400244392035, 
0.256207290758241, 0.248465924959864, 0.23860774337578, 0.244660572069138, 
0.285063115011449, 0.240355717914974, 0.244255924101223, 0.23087351802372, 
0.261348987645519, 0.239927893066749, 0.24630760660609, 0.231187608688863, 
0.273091287485084, 0.280082180866146, 0.257330339246297, 0.241508012502665, 
0.23529646232178, 0.263587169236252, 0.28939954977768, 0.247056946104724, 
0.266887304614615, 0.290284704426862, 0.237257598423288, 0.29801034610259, 
0.233670312628155, 0.247270092787312, 0.246083368871369, 0.246833317748152, 
0.260095559090901, 0.264647086795222, 0.225047511866903, 0.255568654425133, 
0.26548965813642, 0.242629864376718, 0.249474418042935, 0.271240586653945, 
0.231100531165958, 0.253354104811027, 0.294992927752056, 0.238902085426912, 
0.262274175956735, 0.249745807024035, 0.274610538254302, 0.224575750175809, 
0.250962061314669, 0.295404337367334, 0.250490835161669, 0.261660417754897, 
0.277732625258592, 0.261315629916598, 0.247282308982745, 0.262196564573992, 
0.277514217284341, 0.228557310379057, 0.236035012864128, 0.246324585944095, 
0.259094686563348, 0.23643185431668, 0.245891197287901, 0.251174718920735, 
0.255736383219152, 0.269199901977415, 0.266102201828798, 0.237655283701035, 
0.25215089344715, 0.241384782735352, 0.235100712841637, 0.27152477144442, 
0.271442081411192, 0.249960993399314, 0.244793895039187, 0.241121130906971, 
0.248286061047866, 0.24618353545112, 0.235337036055548, 0.245780912603117, 
0.267918282480596, 0.254237716410431, 0.268466145267397, 0.238422891552311, 
0.268540943027566, 0.22376581915674, 0.232123907814462, 0.239834687579706, 
0.253202229399288, 0.273856405667732, 0.230701844744505, 0.23008914490293, 
0.271284877728337, 0.251621957432582, 0.264345083314084, 0.253774645474726, 
0.248434172143622, 0.251603599796089, 0.248102082593843, 0.241273691902779, 
0.254829125558683, 0.252340612799347, 0.269205686487442, 0.234122849663351, 
0.261636705692058, 0.243969500072963, 0.236615135071146, 0.254518330098759, 
0.289330376921042, 0.245158108002836, 0.241857498229019, 0.231444408430809, 
0.276125937100867, 0.236508175949993, 0.253840387015365, 0.239293292088514, 
0.255261304765916, 0.267062427813407, 0.244933392219456, 0.242644976952005, 
0.237222278382469, 0.253924409656788, 0.291785321949314, 0.25490244329121, 
0.263210588473053, 0.30660316174962, 0.243835526491928, 0.290177617566462, 
0.252737774871937, 0.243453270119085, 0.255895638721956, 0.243030467204492, 
0.249195756275093, 0.26706070093382, 0.239316729908401, 0.25235178466658, 
0.271701387613672, 0.239577812631181, 0.253100040345886, 0.275623771802208, 
0.239053837389397, 0.266247340184758, 0.275939811519074, 0.247684406574169, 
0.254039634996358, 0.254560367940701, 0.278347668627001, 0.224702520906098, 
0.256035503873956, 0.291485256522085, 0.243542200945785, 0.256501393995567, 
0.279666532869249, 0.256800918990264), dim = c(100L, 3L)), variance = structure(c(0.0346047592492554, 
0.0359067951672597, 0.037899685413424, 0.126213957300839, 0.0335861893238029, 
0.0664528613582723, 0.0961342659909099, 0.0335060002435002, 0.048076161609131, 
0.0512904876606418, 0.0720100049988137, 0.0314131720585313, 0.0329278593776629, 
0.0337979382118976, 0.0501977559592396, 0.0932147847324287, 0.0322552915324935, 
0.141644252295035, 0.0334474643886161, 0.0303988431212626, 0.137233848237017, 
0.0396438569375177, 0.0340367787213708, 0.0471360281006029, 0.0291691416304381, 
0.033967809671748, 0.0852624059260655, 0.044761528933012, 0.0577178432775303, 
0.0337929218680362, 0.0354614360357514, 0.0496110286233974, 0.0738307996993824, 
0.0327221685103758, 0.0575572329004246, 0.0321738843588257, 0.0305720867319255, 
0.0397222311751833, 0.0945533377482016, 0.0359207676358366, 0.0313073903839167, 
0.0328715221596402, 0.0469606877773748, 0.0390686427371709, 0.0331984365021301, 
0.0321421613094925, 0.104466869281957, 0.0325804298983689, 0.0498040164733938, 
0.0331830982070444, 0.0324875486065089, 0.0370791951262451, 0.0415417917133813, 
0.0384503482192972, 0.0500170110916972, 0.0520123642243863, 0.0338395366726296, 
0.0503181978143806, 0.035589264569423, 0.0442207923003853, 0.0611665810990424, 
0.0256745395535416, 0.0412602198619808, 0.0283662501609915, 0.0359735034339682, 
0.0377919239858581, 0.0568069131141938, 0.0358037348364082, 0.0481059111146795, 
0.0440088913841536, 0.0334856071949542, 0.0293103422581186, 0.026184087147879, 
0.0326140142362806, 0.0425778149839808, 0.0491635835776488, 0.0362218370316446, 
0.0310460158816786, 0.030065378140732, 0.0853977020763189, 0.0428631791080721, 
0.0440771741709197, 0.0335201549670669, 0.0329472598564882, 0.0350897301487373, 
0.0448698152339535, 0.0315756193622286, 0.0369113730660216, 0.0432492620090968, 
0.035808615992439, 0.0320425794022021, 0.0560905266742291, 0.045146504619553, 
0.0622203730814148, 0.0416512257084881, 0.0305169094128964, 0.0432398720653136, 
0.031420149985006, 0.0394658783143608, 0.0342942949265733, 0.0219247016510423, 
0.0218196936315475, 0.0259708706506004, 0.0283595441983881, 0.0230736606233798, 
0.0328653564347759, 0.0378415808443353, 0.0224638812112225, 0.0245463849034097, 
0.0276159104589572, 0.0212085090954798, 0.0215654431588196, 0.0236954142048449, 
0.0232711254649628, 0.0286001575954978, 0.0354006063226492, 0.0223290848565193, 
0.0411480492934888, 0.0234599597587813, 0.0212084546082846, 0.0287508383828402, 
0.0252210173048719, 0.0227606070683394, 0.0308544045866111, 0.0181098867320085, 
0.0236615749674246, 0.0289025666013366, 0.023491129730874, 0.0305028819233651, 
0.0230220378444437, 0.0235375338653776, 0.0303561112956201, 0.0337613249791967, 
0.0230877066202092, 0.022428264915017, 0.0213832249828436, 0.0195502599914542, 
0.0252771107184051, 0.0264789040960041, 0.0243675492203854, 0.0224241270098366, 
0.0216985834805652, 0.0268969755237894, 0.0257571049388077, 0.0203107303721826, 
0.0198581203082025, 0.0374793753249524, 0.0195840991668735, 0.0289514711953082, 
0.0226420626461902, 0.0221005617270137, 0.0216858894737112, 0.0228205437112835, 
0.0249353419059787, 0.0262706820050588, 0.0319089857586437, 0.0240024591965574, 
0.0308056018136996, 0.0259039991778567, 0.0233794937540601, 0.0319454274966437, 
0.0160077428765615, 0.0252839666019593, 0.0171746301637246, 0.0234253892067961, 
0.0244670459102995, 0.0318513820271491, 0.0234227736651706, 0.0286852111787695, 
0.0271925491185553, 0.0221219734783775, 0.0204072156941834, 0.0165031768172961, 
0.0224313411393056, 0.0248133150838597, 0.0215727948254963, 0.0232963792945286, 
0.0186537079248609, 0.020367285161344, 0.0241251697815563, 0.0225298120154504, 
0.027582188809816, 0.0187254332385207, 0.0239216191879562, 0.0215083059737262, 
0.0278260821455041, 0.0224145597695255, 0.0251931657092087, 0.0181419577592739, 
0.0247197366141191, 0.0201893672533996, 0.0291272715300203, 0.0293984269020434, 
0.0226980611997995, 0.0254167640545785, 0.0201624663818844, 0.0287428453139734, 
0.018450543108933, 0.0247885641050965, 0.0220744742706509, 0.0207542460078221, 
0.0246999516433348, 0.0254083975461394, 0.0273766864995418, 0.0221947841840179, 
0.0373053198451143, 0.0404776531922632, 0.0228654589470373, 0.0240715899421326, 
0.0291812678196412, 0.0223959124338277, 0.0197723831216026, 0.0237318975893076, 
0.0232778002444576, 0.03053068330496, 0.0325087018954633, 0.021321013148027, 
0.0418433305430663, 0.0230918906787932, 0.0208926070965428, 0.0273619229259196, 
0.0248969522302169, 0.0231929539531512, 0.0277764304677256, 0.0169406590984313, 
0.0230710462513706, 0.0315247519169293, 0.0285008026663927, 0.0348408192472951, 
0.0217039930888897, 0.0228505982236896, 0.0284831225963792, 0.031697159532207, 
0.0222316817445498, 0.0242163879498522, 0.021339123279102, 0.0201083927712, 
0.0268465834048031, 0.0267110197135585, 0.0230008081561226, 0.0227019840112309, 
0.0217789462801024, 0.0294434847426905, 0.0255110604056891, 0.0193313939840729, 
0.0205454970507594, 0.0322911881425555, 0.0181771901902352, 0.0291917213059772, 
0.0223623214051571, 0.0214613463637647, 0.0241041070791211, 0.0250644354055083, 
0.0248144968813106, 0.0284329402779394, 0.0280484724611921, 0.0226748736526718, 
0.0296433982427921, 0.0255207364464064, 0.0279898911914506, 0.0361813564939859, 
0.0181595465396533, 0.0245154398207374, 0.0162556110583861, 0.022761861500707, 
0.0251325675408835, 0.0309580134328279, 0.0245543745882744, 0.0266195399139293, 
0.0304684649018097, 0.0208990183534791, 0.0225362877687952, 0.0172319543573376, 
0.0241264425467895, 0.0249833650279815, 0.0241170589052325, 0.024935053047994, 
0.017238642182659, 0.0203265149237174, 0.0259046285488034, 0.0256955348465306, 
0.0281437396185423, 0.0196976761690098, 0.022749245039545, 0.0224287924782727, 
0.0274438181177219, 0.0214947249284939, 0.0232275068165001, 0.0205913800995071, 
0.0254228050386922, 0.0188225577257038, 0.0284443247284308, 0.0279616119251776, 
0.0246388032810771, 0.0274370328183996, 0.0205801504154933, 0.0298633839990518, 
0.0179324587895857, 0.0270493632679262, 0.0208992171611405), dim = c(100L, 
3L)), MSE = structure(c(0.12692977855948, 0.0357732847956106, 
0.251550205328089, 0.140713827709354, 0.137653360782566, 0.921965396838889, 
0.22403598203814, 0.227554458876579, 0.0903124350049561, 0.780018958256576, 
0.176437360059783, 0.0809814935259792, 0.55713350268599, 0.153558569494755, 
0.0557563355251477, 0.146149257333836, 0.0482873273624835, 0.166937366284294, 
0.0838700469781485, 0.0361581401606983, 0.173983237572999, 0.495595097825095, 
0.0487284138114866, 0.048866488036456, 0.0298216009227858, 0.144302671517912, 
0.0845301110964591, 0.0446610330399718, 0.143046057789994, 0.0623786988869749, 
0.0352639312915011, 0.144907740864526, 0.1274111093163, 0.601328224185041, 
0.0869901087337421, 0.606228551051739, 0.0542655463605099, 0.10275274014713, 
0.199711593072571, 0.0386952399389824, 0.927664475064518, 0.390807904143745, 
0.664124022200078, 0.0970183560265924, 0.314262668266471, 0.170569818146687, 
1.28132938736438, 0.0334482815236503, 0.453901873100297, 0.675445875303073, 
0.0800021837837777, 0.03709023062722, 0.0724270586650379, 0.248775066304877, 
0.574383571557113, 0.294394719845511, 0.271376560785607, 0.16234683844064, 
0.492030171761799, 0.908135936529462, 0.128071120813735, 0.0331477853992872, 
0.285737808584711, 0.249861203595589, 0.120263602398828, 1.27929289633776, 
0.0808426530487453, 0.497856380995293, 0.0528657223517984, 0.0648125524894696, 
1.36216299589337, 0.0348324313937731, 0.0965562431835675, 0.0339581900900314, 
0.0810016229379169, 0.0491505130483227, 0.188946453188861, 1.15453800956018, 
0.297834750305502, 0.533711951154683, 0.437417780042719, 0.315574220614136, 
0.0561726984199774, 0.591522594426566, 0.110593997396757, 0.0459847360901075, 
0.617160516847294, 0.181565563088569, 0.0829668893342341, 0.243474196994837, 
0.0375196513151687, 0.111369809170081, 0.181206393054736, 0.264431355021516, 
0.354270092278643, 0.306185044223222, 0.529972781283693, 0.252608473607385, 
0.101096670509049, 0.0582253302539115, 0.129264885508985, 0.0270228731624645, 
0.265929329145386, 0.0291387452956281, 0.136094207341834, 0.837328901523793, 
0.151615929988815, 0.209280531483989, 0.0582099824202174, 0.693267845178488, 
0.146429501659338, 0.0762416976118467, 0.48924950858903, 0.130942521056444, 
0.0391805894196758, 0.124622823031645, 0.0249329816839857, 0.0773699101971034, 
0.0799796483623043, 0.0212505910485615, 0.165299739375181, 0.51544577714085, 
0.0394644147875023, 0.0316783343415824, 0.0208551565562374, 0.139044061868902, 
0.0344899600903941, 0.0259345170178916, 0.134796255655566, 0.0621564654593646, 
0.0234571970167592, 0.155502366485119, 0.0654612328426062, 0.612128565336675, 
0.0318266855220792, 0.527374036502345, 0.0335991986859631, 0.0940568430757589, 
0.178971613550311, 0.0297186559268641, 0.835307436106631, 0.430644053235609, 
0.704322029286425, 0.0935976980884238, 0.2903091990872, 0.164799183235647, 
1.0330346239725, 0.019867254345709, 0.469058801289949, 0.636585154459185, 
0.0603537875297187, 0.021525310194014, 0.044114348015941, 0.195707460067368, 
0.589289942023235, 0.281358667008157, 0.257188729694154, 0.17009458923621, 
0.545207474516048, 0.99963739031, 0.0813920585573977, 0.0309311119656718, 
0.256467940820235, 0.209021648762804, 0.103852978460547, 1.41699473462576, 
0.0684442391876799, 0.541556570049689, 0.0365756770494862, 0.0388226558515252, 
1.27621343309969, 0.0224103288414242, 0.0679764859749832, 0.0225158293537119, 
0.0648233392760691, 0.0280947992421288, 0.192443833078658, 1.07200114734589, 
0.347108131622398, 0.28153897825263, 0.368270414270237, 0.261120172575076, 
0.0295066467660443, 0.576300032421127, 0.0946868742449832, 0.0288347491719149, 
0.715260908718096, 0.179302071680974, 0.0720797596009361, 0.235665833190519, 
0.0292292594683199, 0.0771999456688834, 0.196233791642751, 0.139252292328594, 
0.385643940424642, 0.250895313289754, 0.512003578728695, 0.276230951289719, 
0.0688913988321018, 0.0353850388576749, 0.129641614206989, 0.0317112530946744, 
0.26336635555759, 0.0288220518849489, 0.139205433999415, 0.80622028643753, 
0.142625602151877, 0.215047470752832, 0.0520238175609521, 0.671571347903637, 
0.141461919901725, 0.0757360055419296, 0.488745172081514, 0.123408620652315, 
0.0438370087168207, 0.124510753834247, 0.0249971984871034, 0.0849394632841928, 
0.085126079396341, 0.0211536645140498, 0.170208228325971, 0.509569506361383, 
0.038158826782971, 0.0276559498264285, 0.0198952082454364, 0.146414207846649, 
0.0403902729440608, 0.032075825359498, 0.151499183519143, 0.0594455103683198, 
0.0226296503769095, 0.159856373502533, 0.0620805981471702, 0.621242067062518, 
0.0312984346743321, 0.525336317468378, 0.0351650411985205, 0.102954666913024, 
0.190362731493393, 0.0267790663566116, 0.851093927583306, 0.433579087225332, 
0.728434773486664, 0.0921037986720385, 0.294998086091713, 0.169578410697617, 
1.06005382585375, 0.0182771314250637, 0.484207649558296, 0.661922708150128, 
0.0623414251498203, 0.0241169331507401, 0.0431601363999709, 0.194897485088137, 
0.615617688429469, 0.258403650949326, 0.260131415369163, 0.172376686112516, 
0.549551308540241, 1.02181915312189, 0.076121128560294, 0.0329432972166165, 
0.269310079257952, 0.205769468527455, 0.112832642495349, 1.42698951443563, 
0.0682594932804958, 0.554984497663056, 0.0352162160769337, 0.0383888153768364, 
1.27940632350758, 0.0234851490396038, 0.0671979726261889, 0.0246315434778629, 
0.0600725714875461, 0.032591922377786, 0.187092640229313, 1.06523270077053, 
0.342190184470253, 0.273199862822938, 0.359660725862359, 0.252074045879681, 
0.0291940037892797, 0.566205352167957, 0.0876610231205899, 0.030269347441558, 
0.694527487219017, 0.180120495714683, 0.0721367763112322, 0.246593215782847, 
0.0284157909543996, 0.0722276618696022, 0.202656891260252, 0.13367061899758, 
0.40180960521979, 0.255968721009448, 0.515503508979291, 0.282481559526918, 
0.0657375032579423, 0.0372108456848603), dim = c(100L, 3L)), 
    Time_all = c(elapsed = 0.597999999999956, elapsed = 1.72900000000027, 
    elapsed = 1.77900000000409))
