list(MSE_matrix = structure(c(0.272732813009425, 0.258138498016151, 
0.252682000286581, 0.263644591618318, 0.23703065466085, 0.243841748137277, 
0.269781853942979, 0.246689486041437, 0.231269917301302, 0.265694557193747, 
0.269581416953161, 0.241971794420219, 0.241350506522295, 0.244582201509798, 
0.249847650403252, 0.241201556853441, 0.251850315685417, 0.247418054402708, 
0.255457904567441, 0.239312001025402, 0.242873571262914, 0.240000097568912, 
0.256405708955398, 0.233970885088494, 0.253709721285705, 0.247228448578819, 
0.251978747472483, 0.246461157636326, 0.280163112271402, 0.244220706464388, 
0.249005156226017, 0.253298202476771, 0.26123603470738, 0.245275150878537, 
0.253709931997869, 0.249053310968726, 0.279051811399738, 0.250976796133981, 
0.234773283588016, 0.247993896301146, 0.250589659023485, 0.253167171295265, 
0.255258530339663, 0.232138036307382, 0.255974235230053, 0.262087159349861, 
0.258026902703952, 0.250375110294088, 0.243657804532265, 0.244009704839139, 
0.240558683772122, 0.248340893840827, 0.261455536560664, 0.231621186473679, 
0.2490911654862, 0.268769878022544, 0.241555454447756, 0.267018912328007, 
0.24045275036438, 0.256473065738817, 0.230064411223968, 0.284684109815747, 
0.244434114490823, 0.251719375388471, 0.258308730631176, 0.227230795859011, 
0.266878570260983, 0.261237481276827, 0.226415987747388, 0.227169427265879, 
0.260174867495066, 0.2607387544055, 0.24084593079205, 0.248557664585387, 
0.271889340475817, 0.23502513798823, 0.248754683666841, 0.247495148426339, 
0.250802612321211, 0.270602499309735, 0.242140804525996, 0.23920662810963, 
0.245313853617263, 0.244748873328652, 0.245638117068048, 0.236353894825683, 
0.239178392359748, 0.255789591600811, 0.268411682523882, 0.258665593151886, 
0.247888333860579, 0.241788723944933, 0.245285277699087, 0.245511218332175, 
0.230615543636148, 0.26142425535291, 0.272064410153814, 0.260332343839648, 
0.247377145878923, 0.253887781462875, 0.24189195092731, 0.240364488345657, 
0.230939735678904, 0.257023187516703, 0.22979903303757, 0.235604236667452, 
0.263264634883821, 0.250977997967151, 0.234573537731412, 0.248216469246761, 
0.255813270291234, 0.23423481289453, 0.249359734754298, 0.230024299565236, 
0.250252972762855, 0.22567469649873, 0.233020140728431, 0.234740819612811, 
0.239249966444006, 0.230101956218493, 0.235449808446478, 0.240034439249478, 
0.236991902385666, 0.221241082085949, 0.239074731534142, 0.228656841984706, 
0.231496567547169, 0.243170760286344, 0.2493654686932, 0.22719789129827, 
0.240225418550083, 0.234159949222353, 0.239561475366469, 0.234236772607885, 
0.238765781974408, 0.2386061956353, 0.248477645698517, 0.249450018434032, 
0.223286199370268, 0.244848410801191, 0.240032596255098, 0.245370497227483, 
0.243357711150484, 0.242980491802802, 0.240427194500465, 0.256590975588217, 
0.253765068312513, 0.239519149460393, 0.252841461888261, 0.241523828970606, 
0.249830452466648, 0.248075257039019, 0.246941852603734, 0.230748363933834, 
0.234752761589912, 0.253921029939861, 0.2296074430207, 0.254972003030171, 
0.24016995782235, 0.235812694500048, 0.227168495435718, 0.251789394522512, 
0.242470177850744, 0.238139149004739, 0.237868677047961, 0.232709544352609, 
0.259364799020748, 0.246559295188775, 0.226432059433676, 0.229884951126819, 
0.272077639863494, 0.247436698720088, 0.22650715182635, 0.238084710378404, 
0.262530449086585, 0.231373524393166, 0.242772734453281, 0.235427786205402, 
0.247031576886023, 0.261118938091802, 0.229848169037443, 0.23552874768213, 
0.239796562557658, 0.231002827334173, 0.246422414577695, 0.226835757409859, 
0.227715298210449, 0.25498912254966, 0.24053304617799, 0.241754362813822, 
0.256459154789667, 0.252728662838921, 0.238015049502696, 0.231214962161117, 
0.230691858825254, 0.255587925660278, 0.252393725423847, 0.246229650541037, 
0.231497166836906, 0.258920079396414, 0.2294222657529, 0.24893663372388, 
0.229209160637018, 0.250650050063513, 0.242627242620946, 0.231450340540054, 
0.265227540210388, 0.237334521652341, 0.229632323556439, 0.239423459669292, 
0.247293183274107, 0.236059965197128, 0.230914526465735, 0.238447036276664, 
0.24305618687445, 0.230895878548107, 0.236614170685779, 0.2359105479317, 
0.236845082503702, 0.231253186334216, 0.238713102822852, 0.242061880668345, 
0.250633132993911, 0.230498610754106, 0.241902632685335, 0.229165279524648, 
0.243844515269887, 0.253857694192585, 0.260636803586987, 0.232622675874571, 
0.234426060983089, 0.239122723415095, 0.23761996183252, 0.24486078161643, 
0.248151093048825, 0.234547443180542, 0.241233457227585, 0.234509073431534, 
0.242000883674657, 0.24809846917731, 0.230255891858963, 0.241919551412633, 
0.234895157174127, 0.243320653381604, 0.25241838405364, 0.249418016171328, 
0.244311743177194, 0.236420938194345, 0.24913468016176, 0.248083806726482, 
0.236877569675628, 0.247226649778894, 0.244865296327675, 0.223824943095131, 
0.237798111932101, 0.253157471895211, 0.23081159632447, 0.251984418537655, 
0.238740969765057, 0.234510407472349, 0.232744790972515, 0.237881060752871, 
0.241684070231196, 0.229149774107617, 0.240132838484804, 0.223930304599856, 
0.266070621923877, 0.257111838610428, 0.223002611372869, 0.235417554912033, 
0.241668570944417, 0.239757060529171, 0.231979633223951, 0.254769587682026, 
0.256451372799565, 0.226255232277163, 0.246243761991751, 0.230029671321282, 
0.24646528439852, 0.256861847822342, 0.232477455189744, 0.240288541709279, 
0.232086852993175, 0.220784630621378, 0.241943445178604, 0.229274157436035, 
0.231819695176735, 0.230467732505539, 0.279918687110861, 0.242777142362709, 
0.244885797514382, 0.242277866957535, 0.244745476994797, 0.24586954205832, 
0.223120615352753, 0.245244986218014, 0.243848589538439, 0.242250273275451, 
0.232870826473575, 0.243670961804014), dim = c(100L, 3L)), variance = structure(c(0.0183219568878795, 
0.0166508533930481, 0.014551369976804, 0.0867728209746882, 0.0185642053616905, 
0.0184855733843522, 0.035320591270799, 0.0173589178642735, 0.0239802333163171, 
0.0257300177998279, 0.0592875590268659, 0.0152316671267306, 0.0170764298478378, 
0.0141468190296457, 0.0192833083242709, 0.0570888007218393, 0.0167036256852246, 
0.092430649200551, 0.013911981307055, 0.0174056086615671, 0.10309696416471, 
0.0181349801154536, 0.0174121721413152, 0.0268573994350502, 0.0171458956746937, 
0.0134777758796712, 0.0429412213719681, 0.0231991197670024, 0.0180534085197826, 
0.0158998039926579, 0.0122239853943435, 0.0242029957663296, 0.0422787811119963, 
0.0180589887155728, 0.0285204059216207, 0.0176661704260189, 0.0174839338777176, 
0.0172001188194702, 0.0462008754079788, 0.0114046286978275, 0.0167079387971033, 
0.0175076688021645, 0.0194129414256009, 0.0150943891770597, 0.0159303194645628, 
0.0162876397978779, 0.0517743172372841, 0.0164115420378407, 0.0184574245372055, 
0.019184148467043, 0.013648736833403, 0.016887844288037, 0.01535527712979, 
0.0180419348912577, 0.0206053730893356, 0.0289087545834963, 0.0166164128200286, 
0.0291442552882052, 0.0152260279864928, 0.0223931746431232, 0.0213468147313434, 
0.0219698486933108, 0.0131327003417853, 0.0177005176348327, 0.0183063302891879, 
0.0182407473447541, 0.0314205379347801, 0.0176014492790663, 0.0198874823443195, 
0.0184971200018594, 0.0167610543102097, 0.022633395763778, 0.017521700101765, 
0.017088253306028, 0.0147721574087186, 0.0279438708412522, 0.0164332118017647, 
0.0178644904444095, 0.0177296883930841, 0.055689323415172, 0.0166514173268316, 
0.0167792153679831, 0.0190619479971574, 0.0160234457713453, 0.0223044550281543, 
0.0260436334631496, 0.017099402178559, 0.0158852223038331, 0.0377305258005524, 
0.017663312005002, 0.0168396412331779, 0.027729885991374, 0.0179084300789126, 
0.0324255354750974, 0.018616482811757, 0.0175692473614778, 0.0251172467836601, 
0.0164331816778771, 0.0180016458998716, 0.014919172885467, 0.0158078291975818, 
0.0104553510322563, 0.009521343660611, 0.0298603945111287, 0.0167928704053204, 
0.0149717104513109, 0.0174723459989421, 0.0103962194886058, 0.0142109547442106, 
0.0192550735034032, 0.0251339399005655, 0.0132474919118648, 0.010621722034483, 
0.0103857215805102, 0.0129036551499151, 0.0246187604159309, 0.0103016398501433, 
0.0204989624794667, 0.010702822406135, 0.0114006152330583, 0.0306521440671512, 
0.0175287456834639, 0.0103180214404655, 0.0205003069766809, 0.0125552067636994, 
0.0105966689700197, 0.0197641803855509, 0.0133831471696189, 0.0141822726037644, 
0.0145818942489869, 0.00997820908256117, 0.017873583839466, 0.0227817952850348, 
0.0165334252287659, 0.0203482163360559, 0.0107294832578849, 0.0117605001438378, 
0.0182945997946106, 0.0217328451664972, 0.0105687865774676, 0.0114604400344998, 
0.0105634412194818, 0.012675262679396, 0.0098550362733219, 0.0109957407691813, 
0.011556712880957, 0.0272372756766384, 0.0116394532390855, 0.0140610899426104, 
0.011672253290112, 0.0105789857506637, 0.0128485739389711, 0.0094393349421235, 
0.0161335638503649, 0.0183260448081198, 0.0219731470933354, 0.0148284914779997, 
0.0195269061980238, 0.0102294275657474, 0.0130757448570701, 0.0152629737595334, 
0.0139904547707643, 0.00893803704488393, 0.0122309608746129, 
0.0119843875420378, 0.0150340896747102, 0.0206141740119248, 0.0121333395481231, 
0.0162249736372427, 0.0137697552246962, 0.014701837540327, 0.0137629642585681, 
0.0119855499681656, 0.0118109326633509, 0.00864997980258091, 
0.0203813289648134, 0.0128260368433981, 0.0127470520536925, 0.0115897956784446, 
0.0251738788586107, 0.0101973465713181, 0.0117786631132595, 0.0125290412176676, 
0.0139733054554643, 0.0134994754499077, 0.0163152891614637, 0.00996158409391831, 
0.0145833063285473, 0.0196105714407681, 0.0182836709046321, 0.0138799906198968, 
0.0180311931596162, 0.0153138003326178, 0.0224747547463475, 0.0125841832268379, 
0.0118283667669799, 0.017586765800376, 0.0117303730535788, 0.0129025441276912, 
0.0102979062043284, 0.0133693919018422, 0.00991180479570446, 
0.0114904677043626, 0.0275216916799473, 0.0148013946331513, 0.0109715382993183, 
0.0110314752869232, 0.0125420137627217, 0.0146258390100819, 0.0198149573822283, 
0.0216408643362459, 0.0142603393366562, 0.0128398794899922, 0.00968543884498253, 
0.013157466515781, 0.0215771089423461, 0.0113615433254863, 0.0125744842925351, 
0.00985028699605365, 0.0119023528669501, 0.0286402976669237, 
0.0136291493708915, 0.0124520570685625, 0.0206121951454427, 0.0122384360595828, 
0.00977138121434239, 0.019213641597644, 0.0128488876139655, 0.0112731133504846, 
0.0115893274506389, 0.00946088569625558, 0.0178587583967227, 
0.0203890108437064, 0.0151092630459815, 0.0205210134297381, 0.0123419334841226, 
0.0124578992607099, 0.0161433031049708, 0.0203078914815895, 0.00959117530227382, 
0.0121634188630361, 0.0122020584432308, 0.0127656026791313, 0.0113746138367981, 
0.00975632157808737, 0.0127199758949928, 0.0243580028127633, 
0.00945534987716121, 0.0146288163724365, 0.0126566584248059, 
0.00942442321788361, 0.0132467412925695, 0.00906789726898204, 
0.0127608884354742, 0.01667109967958, 0.0215314283686156, 0.0120046167715019, 
0.0184274310180037, 0.0130021252625045, 0.0123401616240132, 0.0122288753956357, 
0.0146088645388844, 0.00906477193862704, 0.0114068047274521, 
0.0126027612997229, 0.0124054615432922, 0.0188465990481801, 0.0129576053512953, 
0.0192607791063979, 0.0124620545532664, 0.0116601872401864, 0.0163549109331099, 
0.0125801154292908, 0.0107473862149212, 0.00888553075934058, 
0.0224822238990798, 0.0133504667214523, 0.0103940004886436, 0.0121606111474228, 
0.0276720156695271, 0.00965163784942082, 0.0139353116721924, 
0.0135797436761857, 0.0115745044377538, 0.0147393450272893, 0.017792905430329, 
0.0111754027559459, 0.0168339863970907, 0.0182660761474047, 0.0156558853798305, 
0.0131364147366884, 0.0162938591500099, 0.0164564810687679, 0.0231093297400119, 
0.0128775169033622, 0.0123059520976005, 0.0164220824326981, 0.0114077623760745, 
0.0125564150099777, 0.0103544051420606), dim = c(100L, 3L)), 
    MSE = structure(c(0.119765056505923, 0.0173509159838974, 
    0.195159635661647, 0.103094267234409, 0.133734502279258, 
    0.78107238976535, 0.168733567683766, 0.237997072041497, 0.0677311365739641, 
    0.733168475220558, 0.202388715611203, 0.0726277457636574, 
    0.556748092305428, 0.12048227480243, 0.0274431897956908, 
    0.0907215158879288, 0.0399167375644757, 0.106086233324767, 
    0.073269275511146, 0.0246681916532265, 0.145996424505618, 
    0.449711842455631, 0.0256410080486638, 0.0367185460882497, 
    0.0196499895695438, 0.137961952351036, 0.04323924991433, 
    0.0230378431775884, 0.140229382288009, 0.0446480992925194, 
    0.013765759182644, 0.100174835119497, 0.117758076601971, 
    0.611944012294038, 0.056918994553323, 0.576748981921114, 
    0.0398492788841675, 0.0892792441193762, 0.123122113346608, 
    0.0123037390547018, 0.947085969941964, 0.390703860736599, 
    0.701685942783004, 0.0559809909068897, 0.296596764437071, 
    0.159962620855934, 1.13527854893232, 0.0174312594605468, 
    0.411105150960914, 0.689510115135404, 0.0709545806306002, 
    0.016853110781075, 0.0352521942043706, 0.245006513552244, 
    0.570536742385103, 0.327863446861564, 0.25266873999685, 0.117991156015423, 
    0.457661188996371, 0.920355528160948, 0.0579277600421649, 
    0.0394207018211113, 0.300169088561243, 0.221785541491414, 
    0.108544078863564, 1.2192083936293, 0.0455053529626969, 0.518540701513154, 
    0.0256141642807071, 0.0257878635643367, 1.33929595849623, 
    0.0235398809681756, 0.0721503252558384, 0.0184098266875368, 
    0.0373618757260201, 0.0281314035049774, 0.168081090037217, 
    1.12815562154347, 0.284955621242296, 0.408521664779081, 0.372523128337939, 
    0.278608541743893, 0.0333073130923195, 0.573086156728471, 
    0.0878321559722588, 0.0331151137067864, 0.556691187973743, 
    0.168366063833136, 0.102605965220147, 0.241249432858863, 
    0.0256480171524139, 0.0705636308068316, 0.137157976355044, 
    0.215593055449532, 0.377580029502341, 0.291105306107839, 
    0.553945037427392, 0.256914895991485, 0.0583675847786248, 
    0.0440289057798645, 0.132746764493886, 0.0156837318927835, 
    0.214362767468081, 0.0296558940833152, 0.145140543340485, 
    0.732572558389838, 0.103660629524643, 0.216282983841768, 
    0.0444383498901793, 0.632816844851246, 0.160240867731989, 
    0.0746988782832217, 0.500470770343403, 0.113282637302295, 
    0.0247767517505129, 0.0959732390377277, 0.0158578601531573, 
    0.0751066383964172, 0.0705550240482956, 0.0126846714839327, 
    0.150377943197136, 0.454655728029766, 0.0216965254674857, 
    0.0290786707161386, 0.0169056632573561, 0.132216995663569, 
    0.0352527118331032, 0.0157810030045773, 0.149105848997274, 
    0.0550123863622794, 0.00998383363194232, 0.12097833442773, 
    0.0662953857840784, 0.639842489770503, 0.0298917399591168, 
    0.511939705728671, 0.0303874579506506, 0.113192909532436, 
    0.1675093644116, 0.0139062916805713, 0.87588919413028, 0.428460265971083, 
    0.717976302828456, 0.0598474030750971, 0.284400567807958, 
    0.167999873800913, 0.911316766383216, 0.011833071823423, 
    0.441574121971804, 0.654538574278353, 0.0557140324335511, 
    0.0139358380938897, 0.0250414803711687, 0.219128164785998, 
    0.661151859290012, 0.337326052951944, 0.238328911043105, 
    0.136501319536623, 0.496711881231027, 1.00289828170618, 0.0426577463821026, 
    0.0334860924913662, 0.269546043746159, 0.193756778618237, 
    0.10166254571492, 1.319702595989, 0.0477132062499119, 0.5458643798268, 
    0.026712366619156, 0.0175638823994937, 1.26014548904866, 
    0.0144075621382059, 0.0563527471178601, 0.0117125844730087, 
    0.0365857060204474, 0.027479198319205, 0.15970663926101, 
    1.05342793672116, 0.318086895502643, 0.286117083683087, 0.334519406549052, 
    0.254149404324628, 0.020076167513919, 0.579844381230636, 
    0.0785573544469535, 0.0164759546638051, 0.66314612501975, 
    0.179636224790055, 0.0813396555690522, 0.267195943278835, 
    0.0258882264642015, 0.0409355488189422, 0.160197622370012, 
    0.141533714044599, 0.392538970835959, 0.262194190385718, 
    0.530550530224541, 0.284520517074741, 0.0464062773783459, 
    0.0275913367303723, 0.135620316646931, 0.0150459821433671, 
    0.212568988314119, 0.0278199310531899, 0.146518295914639, 
    0.768799879711405, 0.111608193260943, 0.225142523728909, 
    0.0425136528208029, 0.640817633780284, 0.154293393657564, 
    0.0736378675286304, 0.51628104084896, 0.118128374373867, 
    0.0232147421924833, 0.093435901311148, 0.0156620070743555, 
    0.0566602354719259, 0.0650095202914936, 0.0123933035864157, 
    0.159163894710041, 0.437114809501334, 0.0224376096180408, 
    0.0264855092263772, 0.0167866562930812, 0.124393866600036, 
    0.033865316697677, 0.0167037629494591, 0.130846363809816, 
    0.0576568011011618, 0.00936795752523375, 0.123004124307155, 
    0.064271151360347, 0.642737428061125, 0.0290038183423835, 
    0.50387383571162, 0.0275345116647137, 0.11315270049713, 0.173922006967652, 
    0.014496604656418, 0.852958665614175, 0.436701600386679, 
    0.694501353834484, 0.0595160835241658, 0.288132674263688, 
    0.157524204852099, 0.928612547216999, 0.0094765040839602, 
    0.438687990750532, 0.656597762065797, 0.0507675099353157, 
    0.0135491153131423, 0.0242255080614555, 0.224842213365672, 
    0.661659955979796, 0.321072487683298, 0.222352033158184, 
    0.134739836704254, 0.490047987820067, 1.02447779497871, 0.0482538136871586, 
    0.0339743081305685, 0.262978915711113, 0.189484547763367, 
    0.104320572480552, 1.30132802916074, 0.0447390452293451, 
    0.525327120007068, 0.0275515245281875, 0.0193863977085602, 
    1.23037247636088, 0.0171819046097278, 0.0558223270967832, 
    0.010640395750508, 0.0373220392159657, 0.0302419381338614, 
    0.170325328047888, 1.03565596193009, 0.333118106401878, 0.280347475820623, 
    0.328637867409778, 0.262310534722626, 0.0203250544217125, 
    0.598249380831391, 0.0797761146318176, 0.0176150404219573, 
    0.675573122552796, 0.17523244444999, 0.0787736373557434, 
    0.269862032960455, 0.025598500936489, 0.0394178564053334, 
    0.162912601946436, 0.13754890120574, 0.374535478344813, 0.24935716090294, 
    0.540814744919551, 0.289792530663077, 0.0529177991618166, 
    0.0278592261009754), dim = c(100L, 3L)), Time_all = c(elapsed = 8.74299999999948, 
    elapsed = 1.82200000000876, elapsed = 1.82700000000705))
