list(MSE_matrix = structure(c(0.26554077870051, 0.268607647776405, 
0.252701866297377, 0.256295853626404, 0.269231465899455, 0.244014855594991, 
0.278608568515263, 0.288224825029274, 0.258480599995559, 0.251348370223057, 
0.326301454992181, 0.244705239887967, 0.289123416438176, 0.255580850113329, 
0.255297202428457, 0.27610975674145, 0.251140853421013, 0.275025311528534, 
0.307080794123233, 0.271652177929892, 0.268052572386788, 0.250456111777676, 
0.265725834443519, 0.266718949038801, 0.278212074559962, 0.270312563237284, 
0.288688370381859, 0.243086087449907, 0.263979040001601, 0.251919450404619, 
0.273976622826413, 0.255779711583313, 0.224475556037404, 0.253331098236457, 
0.242676586163171, 0.263477850289537, 0.28573142250169, 0.26570991389056, 
0.272406320947843, 0.272016590083559, 0.291707528435696, 0.31171542230305, 
0.29354103319286, 0.277183791543511, 0.264031038257962, 0.282980724785524, 
0.312757268210326, 0.2990340671302, 0.249214583023359, 0.266112247405504, 
0.273759750484546, 0.232970187561232, 0.282194577921736, 0.307744493751687, 
0.243282984130014, 0.341798132759023, 0.249511940131289, 0.263836803460262, 
0.230331200051359, 0.300209954713538, 0.265577452065742, 0.26784897872865, 
0.262803973272949, 0.264082586824561, 0.25892103194607, 0.294269609925391, 
0.275392094700336, 0.265876329634849, 0.278209241352739, 0.285910454174939, 
0.433138076179831, 0.267235018782927, 0.259241077555974, 0.280274418001271, 
0.333544634640477, 0.283451221864996, 0.271832018078254, 0.357261825781015, 
0.249782763142534, 0.24563511048612, 0.260848655372827, 0.29975866561409, 
0.286442121006417, 0.263945265821256, 0.269029868492229, 0.289719453460417, 
0.256920480753952, 0.241155298099117, 0.247906241394821, 0.281218792702015, 
0.262929169364245, 0.289870364802506, 0.292181225320605, 0.269582516847853, 
0.282885296672837, 0.251622527013374, 0.319130031986729, 0.298298084059417, 
0.255619854673132, 0.253998465112184, 0.253141987457756, 0.261963341329313, 
0.250315378964454, 0.23315257463626, 0.259995839482384, 0.228597361732703, 
0.269290504036485, 0.260066468151368, 0.252785927696211, 0.247622212152067, 
0.312974649876055, 0.234807947534691, 0.27442907315651, 0.262004131858699, 
0.225796546608274, 0.256548581351714, 0.254664485211375, 0.260193084657391, 
0.267383096023114, 0.250476947973313, 0.249793250658248, 0.247130699414174, 
0.257314056640353, 0.252155512676608, 0.253940798696779, 0.247906486598424, 
0.264914763487783, 0.238389275201142, 0.244511389310064, 0.242908278526148, 
0.249891370008447, 0.232092544329311, 0.219111038346048, 0.243798442475819, 
0.245160375503848, 0.249362140815923, 0.264034520349644, 0.233212223705826, 
0.248169098959132, 0.25280097522895, 0.266415204745556, 0.301984056469722, 
0.262035097513321, 0.25628525237105, 0.24682785709654, 0.264071259786762, 
0.276255597920688, 0.253800747244477, 0.247105199969332, 0.268903076091573, 
0.244731312150563, 0.229623989461072, 0.274625339983003, 0.248925352855111, 
0.237383988630941, 0.285532142991269, 0.241791893966916, 0.253931041606244, 
0.221039060113551, 0.27385034944573, 0.249435497071963, 0.262461912910381, 
0.255987717752378, 0.241077564757828, 0.256331877265482, 0.266158682017799, 
0.271321546994677, 0.252523746256508, 0.251205863307161, 0.262365610526434, 
0.319565775902657, 0.239262032466999, 0.269431041259621, 0.272289720626981, 
0.268884512473463, 0.251667853837077, 0.257006123549332, 0.252359932350398, 
0.248400056415775, 0.243993472596006, 0.237403965816183, 0.254667092135533, 
0.253872231622162, 0.25871488838821, 0.269842620610695, 0.281873204596945, 
0.242783170171306, 0.230112748054896, 0.235161514387822, 0.25263064315549, 
0.242400486588649, 0.262959669895518, 0.246136114998821, 0.234906802925342, 
0.251244994914995, 0.231640226209068, 0.26272376810385, 0.288345860104207, 
0.247100171155449, 0.246238943758913, 0.250173729316326, 0.252955909661267, 
0.250978095887127, 0.231899913641509, 0.25442798227762, 0.230985282263053, 
0.253977794593674, 0.263161935295073, 0.246554442048096, 0.258035968595501, 
0.304698302760632, 0.228574649427243, 0.269625902288676, 0.25238297340715, 
0.228530531680152, 0.264735531792367, 0.2433745233678, 0.259809450500446, 
0.264295945597563, 0.251866291316735, 0.25626340581891, 0.237175338693947, 
0.246665394788686, 0.256021159285879, 0.258155482538586, 0.245828487593711, 
0.256512235643254, 0.236638665389956, 0.243494288794707, 0.242477457962116, 
0.251213176409162, 0.234058611055906, 0.220440934543385, 0.248252436360169, 
0.237649436152028, 0.252386442283839, 0.275576132959055, 0.231574938031432, 
0.237472531285854, 0.249846408720665, 0.255213847268305, 0.29916041124414, 
0.258840493332014, 0.251703472817973, 0.250141959153708, 0.272079057154445, 
0.270228207408528, 0.252493197825816, 0.246637026289865, 0.249237309430525, 
0.234999285919274, 0.228644510130846, 0.263804803556958, 0.257628438389801, 
0.241787225768069, 0.296251045151561, 0.233725491713249, 0.256644497206739, 
0.219782022525062, 0.269574577514943, 0.244057626722267, 0.275526935177628, 
0.250565877727269, 0.24810965925123, 0.265380692605825, 0.266135449048543, 
0.270302322930912, 0.26036516390735, 0.246410267877384, 0.262404891444667, 
0.317837970500355, 0.242371050964584, 0.25794356807595, 0.275249666079222, 
0.279491612257244, 0.255362852141733, 0.250895824427146, 0.2493903774499, 
0.250576997777553, 0.251242589255634, 0.241138937599852, 0.255732842445683, 
0.26615892800415, 0.253620084971874, 0.2591346576317, 0.275652371602237, 
0.244801356872293, 0.233357295485199, 0.22514665845837, 0.248880081332234, 
0.247221170283607, 0.263373765513034, 0.241197372790755, 0.232861647255382, 
0.261717555047376, 0.239528641511079, 0.25968440594666, 0.287016673800153, 
0.246852632207727, 0.243952053478622), dim = c(100L, 3L)), variance = structure(c(0.0365911269317546, 
0.0375295697609024, 0.0327350085488513, 0.132305188848445, 0.0374971092800241, 
0.0376597868799052, 0.0878914270321921, 0.0365202841056639, 0.0628308300960771, 
0.0670957420486674, 0.0844184222894017, 0.041939613380023, 0.0322759146930935, 
0.0355024316570378, 0.0279462350614511, 0.0986029223053594, 0.0538723634138693, 
0.154712002619349, 0.0352770929892768, 0.0406516265436315, 0.142920800113489, 
0.0355655003827801, 0.0365705581239428, 0.0558254209754965, 0.0386305567075045, 
0.0349385274211664, 0.0910231018188302, 0.0409824176491757, 0.0279230824715579, 
0.0331835646380995, 0.0330379151941269, 0.0535500670225024, 0.077858550224183, 
0.0389061012563401, 0.0810540339749961, 0.0440381715917011, 0.0359854393874356, 
0.0439326198579461, 0.127085094938079, 0.0330455888362014, 0.0388355101599094, 
0.0439952986879752, 0.0224968667206995, 0.0332607113442912, 0.0478828991817011, 
0.0339828532604254, 0.098105861934247, 0.0457948934909393, 0.0431757057376309, 
0.0596182663079681, 0.0347910235412906, 0.0357296179532043, 0.0350859894195053, 
0.036875581629366, 0.0524935686486545, 0.0593689576402668, 0.0334247511480948, 
0.051748656022465, 0.0305037526131455, 0.0391986310301964, 0.0390715618267845, 
0.033890383637641, 0.0332584389398745, 0.0390124261511481, 0.0552262541328775, 
0.0385332452468037, 0.0588909869222728, 0.0288934005717268, 0.058565165687978, 
0.0297198150823009, 0.0349393112233568, 0.0548112750234122, 0.0326582803359161, 
0.0380991794497965, 0.0328954998479577, 0.0704010111707117, 0.0353190726883366, 
0.0429833442097939, 0.0386259187457013, 0.106443774661183, 0.036182100652281, 
0.0267871054203665, 0.0357158936914769, 0.0342243394685281, 0.0656459671344085, 
0.0510690453866734, 0.0572305066678178, 0.0486957253225027, 0.055860132529622, 
0.0394437839238598, 0.0392707461832019, 0.0430296165331697, 0.0454979984510801, 
0.0809562872000961, 0.024962355203522, 0.0364184273459427, 0.0424829255320265, 
0.0372006408908664, 0.026038238415376, 0.0530464302181225, 0.0193202897244531, 
0.0225294380855905, 0.0216114602158579, 0.0457198064039529, 0.0209881200975581, 
0.0202738803329923, 0.0276770805125952, 0.0240467717592479, 0.0386890510172421, 
0.0342773539937932, 0.0254836042756489, 0.0219967468700656, 0.0227328158797139, 
0.0214340526164488, 0.0149823107630661, 0.0345079243320383, 0.0309961058379215, 
0.0344016266407542, 0.0212393910387226, 0.0236594012286603, 0.0438088248292841, 
0.0206102761763205, 0.0241657608373059, 0.0328533175639463, 0.0192090433555638, 
0.0211460679841392, 0.0360576633746904, 0.0244236155804164, 0.0182115991698626, 
0.019788305021506, 0.0239256575426322, 0.0245126342565956, 0.0322250053676458, 
0.0219088377097914, 0.0444351987298268, 0.027609494579144, 0.0218019210822241, 
0.0266763133470046, 0.0491401347719482, 0.0209594086176491, 0.0228035664793349, 
0.0283013176521406, 0.0163774689683108, 0.0215274977684658, 0.0320184926481706, 
0.0221359840924618, 0.0353554451468634, 0.0288928850868794, 0.0171647428783462, 
0.0395824270008219, 0.0252658977777202, 0.0216025848548524, 0.0218422626312692, 
0.0211036503677353, 0.0294118448975092, 0.0330496997155101, 0.019619121539094, 
0.027646130394692, 0.02085515588664, 0.0235935132937185, 0.0222493658620705, 
0.0202550743803777, 0.0215193339805968, 0.0205565319863245, 0.0387781885011253, 
0.0221974745271875, 0.0298294290593521, 0.0207564448850707, 0.0310354589917333, 
0.021333904587617, 0.0200952405919131, 0.0339590270845102, 0.0206675756746111, 
0.0224234915988359, 0.0216771203120465, 0.0382993510545087, 0.021225777206221, 
0.0234454102388411, 0.0228449522915077, 0.036931523574917, 0.0220250764379232, 
0.0163510084747444, 0.0225602341661798, 0.0200768429336686, 0.0405857606763499, 
0.0304939219707037, 0.0336134024546968, 0.0268228242120079, 0.0226975000604988, 
0.0240955129357049, 0.0196069805526104, 0.0271209131200111, 0.0208847585540728, 
0.0423274626819836, 0.0184048990232094, 0.0218610941698882, 0.0266824935689122, 
0.0234107514317139, 0.0195997982279025, 0.0356905940277425, 0.020649847499394, 
0.0212895603933618, 0.0220369695613878, 0.0376073554156833, 0.0233573266818479, 
0.0196834126094381, 0.0233215733564001, 0.0236921918624033, 0.0311597521685295, 
0.0379166226401004, 0.0215360581692134, 0.0212732262112122, 0.0209415692964061, 
0.0208322032990988, 0.016621139936395, 0.030075906599586, 0.0281414168533253, 
0.0270203893939131, 0.0208470833338804, 0.023290620659299, 0.0363869737479899, 
0.0239462267735932, 0.0238226970792168, 0.0288100132472102, 0.0184406033577906, 
0.020688428418992, 0.0397772995470271, 0.0230091519460155, 0.0181095740442893, 
0.0207967557324104, 0.0220873493831946, 0.0251124155122111, 0.0287506394617253, 
0.0241008675242015, 0.0359121944862126, 0.0278173177498396, 0.0223973230245332, 
0.0309043344836811, 0.0401892245357682, 0.0201905420696248, 0.0210033562613816, 
0.0281216971114179, 0.0167382949486616, 0.0221580362234756, 0.0285087776863023, 
0.0213386739887971, 0.0309720084484151, 0.0260613104751327, 0.0189472377209064, 
0.0320969622845646, 0.0234024748914924, 0.0215900209826618, 0.0206815800033158, 
0.0231473552549689, 0.0332166373480804, 0.0288312603970714, 0.021444763409453, 
0.0263630338015988, 0.020793846059436, 0.0226245224400834, 0.0216896385289378, 
0.0181902219389931, 0.0197957887609376, 0.0195803228405972, 0.0312929969270478, 
0.0229006150684657, 0.0273285557030278, 0.0189399285901467, 0.0300167730196675, 
0.0203134728871916, 0.0208062137201588, 0.0275202457472996, 0.019064979193202, 
0.0219392731995528, 0.0201032616491588, 0.0314243580667068, 0.0201926511416103, 
0.0223115821757478, 0.0232095370061472, 0.0316229500295307, 0.0210902177033492, 
0.0184349285916494, 0.0202983280771988, 0.0215384532647809, 0.032772391592876, 
0.0268322620943122, 0.0291533951694027, 0.0260271490033423, 0.019653357505979, 
0.0283241660660631, 0.0196671004895291, 0.0271303943778734, 0.0228694921355961, 
0.0345058182217605, 0.0176251291075475, 0.0222469223726585, 0.0254226243922183, 
0.0212458532663727, 0.0182219668454422, 0.0303564376266324), dim = c(100L, 
3L)), MSE = structure(c(0.126912492860708, 0.0389037926961309, 
0.236872882746373, 0.132249387852066, 0.141381860328107, 0.793414675245148, 
0.19055201360697, 0.251060239001011, 0.0998103910729936, 0.728507853834323, 
0.201530996205605, 0.0917504283682613, 0.550173728602985, 0.138988540888195, 
0.0356233954756528, 0.17375479939525, 0.0616736439245792, 0.193851163684981, 
0.0965676205073492, 0.0416821926533772, 0.236380873677307, 0.491480209942139, 
0.0459399538699147, 0.0640920481164655, 0.0396136084165264, 0.160755902035866, 
0.09739856460477, 0.0406466259561958, 0.146945501279714, 0.0590256699285091, 
0.0334313772561637, 0.157615845558726, 0.114759270602028, 0.609922896241532, 
0.0972049890924371, 0.556923271635776, 0.050391345200287, 0.123677749777348, 
0.234987709651724, 0.0341773152486944, 0.899473785612153, 0.449663360531343, 
0.69351160453623, 0.0855397458665902, 0.323820009723138, 0.169953123610101, 
1.10031719070052, 0.0460661232675756, 0.444557045803356, 0.69594063435833, 
0.0870712055819555, 0.0353951759423508, 0.0568780862191543, 0.241072407509378, 
0.651519340467719, 0.36085686785716, 0.284153792400204, 0.182001349880719, 
0.495508585631211, 0.925772483880188, 0.076318459060086, 0.0486026561171735, 
0.301617507387446, 0.244939183131829, 0.140613261882897, 1.30079804381231, 
0.0940216737005625, 0.527062495784224, 0.0649445503643238, 0.0383678445849611, 
1.37469836012168, 0.0554044983175801, 0.0856300713112821, 0.0380499542580979, 
0.0616866334689419, 0.0746640942408213, 0.194112906140509, 1.14111242740007, 
0.350190650978688, 0.370085191201903, 0.398863660564317, 0.284734166996085, 
0.0464839776361859, 0.569483585043321, 0.136562879958679, 0.0543900209762248, 
0.685208965360241, 0.197183963447129, 0.108378657537456, 0.262540021901731, 
0.0447440069485322, 0.0713723194076409, 0.185778093192799, 0.218698675673669, 
0.377387338194905, 0.275342781798885, 0.504359638041978, 0.291742503159285, 
0.0696485869453262, 0.073543587995466, 0.128850571514303, 0.0288388345405787, 
0.257134566052571, 0.0494891457574273, 0.143319715819061, 0.762241880532552, 
0.122815444817766, 0.228960785556368, 0.068968927355071, 0.634812248727919, 
0.158397513185469, 0.0812101527787772, 0.491506002779823, 0.122274004338139, 
0.029490132564528, 0.133536562627437, 0.0318588801671375, 0.0821508604989068, 
0.0827783226569132, 0.023425687648995, 0.209133974623707, 0.483871485836973, 
0.0356913767694647, 0.0363241789716386, 0.0220859970616451, 0.144257328503905, 
0.0533929617626444, 0.0268016741356645, 0.145059383598435, 0.0568494303199018, 
0.0237521235476542, 0.1572393748503, 0.0589289395627551, 0.634603831209375, 
0.0504082831429449, 0.49562211864359, 0.0328423488516638, 0.117738809488339, 
0.21233486123894, 0.0243862592767165, 0.821815708002238, 0.473074662591682, 
0.729584951102573, 0.087012612393753, 0.287444351466921, 0.166329557923176, 
0.955748490595906, 0.0295724419092261, 0.473118421118048, 0.653060502587868, 
0.071294231656341, 0.0214549486006419, 0.0398369651383733, 0.20340243253363, 
0.666748983319229, 0.315043126159592, 0.25407319499954, 0.175601686231069, 
0.544881330320477, 1.00202708669441, 0.0554955805949184, 0.0371584753023946, 
0.270654405037115, 0.212987311069454, 0.12030227925963, 1.38814854181929, 
0.0714367022413728, 0.556830929136236, 0.0432220934597235, 0.0271755481341914, 
1.2858793368827, 0.0347725359760235, 0.0696837844583507, 0.0226086525246762, 
0.055382514562218, 0.0501720320202129, 0.190328304207012, 1.08792466560586, 
0.370345714125165, 0.250842081885698, 0.357100797862824, 0.237254355222675, 
0.0313529283402994, 0.568833455486826, 0.110991218983901, 0.0304646069999171, 
0.750407460083539, 0.194136984151605, 0.0814817787898188, 0.264440716190806, 
0.0294737257199738, 0.0552199008266268, 0.196001273164841, 0.141279795102802, 
0.40211054973027, 0.239077267239989, 0.498418607321997, 0.28502419276189, 
0.0550621577956248, 0.0464209324300411, 0.132614482627535, 0.029987475092629, 
0.250455900809023, 0.0433036338704123, 0.147513667792951, 0.745779137550035, 
0.112379809616053, 0.234711145272015, 0.0602539379086847, 0.638995499825177, 
0.153575315103152, 0.084215671240779, 0.494532950816989, 0.114680760762098, 
0.0322558971335756, 0.125305312238856, 0.0290032609860001, 0.0794397439484663, 
0.0877805774747464, 0.0230654467445213, 0.212257195881714, 0.498053195631545, 
0.0338688196715327, 0.0309310088504876, 0.0222246060347615, 0.151142319686623, 
0.0556633291077544, 0.0269497841454115, 0.150848075057444, 0.0572578935648153, 
0.0220772578957864, 0.156114141833995, 0.057717260243779, 0.641844218066778, 
0.0402850920704535, 0.487967053529723, 0.0332156871243598, 0.118520724055947, 
0.210416739039599, 0.0227217946002175, 0.822644766150005, 0.481200731944311, 
0.736810985040414, 0.0835741466507066, 0.282407537105544, 0.165760695926666, 
0.96999915075161, 0.026748979962254, 0.479635048546426, 0.653981863532987, 
0.0714655730731584, 0.0214812803532086, 0.0354395980213919, 0.196435290647703, 
0.659171011086058, 0.298001335410426, 0.261355715146436, 0.169592383309998, 
0.540314919239666, 1.02664759815997, 0.0515392795377196, 0.0361179837012723, 
0.279560810774813, 0.206681997715605, 0.115244241737829, 1.41874740286423, 
0.0658754573716771, 0.557149180380497, 0.0435846603618344, 0.0250688304077155, 
1.28507290666205, 0.0279011475831481, 0.0661794850585557, 0.0228242614655576, 
0.0497432337708116, 0.045843161733081, 0.187700660449566, 1.07957259607476, 
0.37265643978777, 0.236365822869308, 0.341559916647449, 0.238096272049606, 
0.0287700273510041, 0.559342997147459, 0.09904517711432, 0.0275133860449528, 
0.743651317279267, 0.198841930871119, 0.0790173297872323, 0.264629892413001, 
0.0309487408134872, 0.0596181355900895, 0.197459996361687, 0.126298616841192, 
0.405237613776633, 0.238624704247823, 0.510186394163618, 0.285870714288705, 
0.0520848437972763, 0.0411535278323691), dim = c(100L, 3L)), 
    Time_all = c(elapsed = 0.651999999999873, elapsed = 3.60200000000117, 
    elapsed = 3.83100000000053))
