list(MSE_matrix = structure(c(0.26260555988267, 0.260155370158179, 
0.260423051756924, 0.25107886417565, 0.259471794298365, 0.270617367139366, 
0.272805476212037, 0.242510478055913, 0.264679065727637, 0.255344676935276, 
0.247041616978097, 0.279153681251237, 0.266607160749898, 0.260086008671165, 
0.256547210190523, 0.243473105059509, 0.258484485392796, 0.291837362860705, 
0.272408364123646, 0.251103712463367, 0.237788895701907, 0.24191650829701, 
0.27816967023919, 0.276780151371675, 0.253206595012659, 0.239630072465538, 
0.240148924786721, 0.258417339310114, 0.227540586257324, 0.315479637939005, 
0.252909402790775, 0.221502552948031, 0.274572941520245, 0.253965659274398, 
0.253400897545248, 0.291991566785639, 0.278787664282107, 0.282323206871833, 
0.259905181295245, 0.230975364517433, 0.242599525434624, 0.252675236506581, 
0.298736851059673, 0.23874719867383, 0.270435053047528, 0.250246040205882, 
0.260000232260638, 0.360284616295256, 0.246654312894473, 0.290866069767491, 
0.273122945176567, 0.268549117670169, 0.269433079416223, 0.256300440002156, 
0.25378511246449, 0.274738809741426, 0.262864543511912, 0.285562847329408, 
0.253670505889787, 0.270779133552986, 0.257364302904838, 0.266842295504474, 
0.263082543298519, 0.301937145768221, 0.257084266436016, 0.285575360682133, 
0.247391619163426, 0.26576190023196, 0.287560286419636, 0.274911949087138, 
0.246066544064759, 0.283711476213135, 0.22883462779984, 0.275594298715303, 
0.255045065789673, 0.283866236072427, 0.261748074571055, 0.254077032156128, 
0.256409155981508, 0.254605444621303, 0.330429942611197, 0.26258300264423, 
0.265883732531059, 0.303295104070305, 0.234968556775579, 0.261325810551409, 
0.2768441725102, 0.264107280714222, 0.260755677291332, 0.271768902444751, 
0.243182414524306, 0.262654657439779, 0.242592866321394, 0.225085095500915, 
0.273711978971953, 0.261727056242901, 0.249333912660686, 0.305452060815999, 
0.270838480285604, 0.245796275512916, 0.249587519236754, 0.242323236239213, 
0.231059087413551, 0.230833413472755, 0.251802098438255, 0.257789725985558, 
0.243795896497212, 0.22955116879791, 0.237456747959749, 0.2465811325054, 
0.232565497217877, 0.241250696025918, 0.235127036364937, 0.245737999180463, 
0.240974044781989, 0.236229917493972, 0.253787983336999, 0.27432081877105, 
0.248584425555678, 0.24025363751854, 0.230665374492089, 0.246839569173708, 
0.271466953504047, 0.259423858788578, 0.235585927126157, 0.243979484807527, 
0.235719661442832, 0.258782622818617, 0.229543281076869, 0.251655007029553, 
0.243621101958202, 0.224894747095032, 0.241328373380718, 0.235407687607433, 
0.231516177733751, 0.253544573385283, 0.253011202242965, 0.249570549213998, 
0.246484071878972, 0.227207174819837, 0.241802573632667, 0.234075464362918, 
0.254048912366205, 0.244449163237153, 0.235679217941369, 0.236232092862184, 
0.244664922771441, 0.284547549659773, 0.240992047186492, 0.253283799999707, 
0.255428420049154, 0.234832750567667, 0.245395861853713, 0.236353792929096, 
0.238716530084632, 0.254304067989914, 0.254516731649154, 0.269060811200103, 
0.243433437047961, 0.243524506283725, 0.242293813893855, 0.246329214920063, 
0.247559959848815, 0.279641278803347, 0.253847008137533, 0.250198451967532, 
0.238454556140992, 0.265196882098437, 0.247834799725642, 0.243647377451413, 
0.230426535262103, 0.247274962931583, 0.22993217419799, 0.267874174876638, 
0.246693670774303, 0.24686788806599, 0.2508630039573, 0.238299883964233, 
0.249264051263735, 0.250944200106314, 0.263439294280185, 0.252264119489442, 
0.258862074689169, 0.293184707964362, 0.224413031795502, 0.257983964604305, 
0.262255252633568, 0.241567660130481, 0.23781227836657, 0.252723669492888, 
0.235610116378176, 0.235262096588373, 0.234006392539612, 0.223460471389152, 
0.233794892032886, 0.241988847472732, 0.247474504523937, 0.258344633612656, 
0.252422031177974, 0.241034726016755, 0.249353170686218, 0.256115748576577, 
0.232978222266094, 0.241711606628302, 0.240969127176371, 0.247717863526105, 
0.253812986718572, 0.224418463220029, 0.235050763739971, 0.248735342073207, 
0.235975187938575, 0.255719481357451, 0.239455169519179, 0.251781943246257, 
0.253393341516303, 0.241372140848762, 0.241576559250929, 0.269233761379153, 
0.259204941223207, 0.240652368660385, 0.234973764263963, 0.245180823454174, 
0.274755186848512, 0.264506215180024, 0.23562616082422, 0.235939307616391, 
0.236502850829481, 0.240480241815823, 0.236943851866168, 0.246152255704223, 
0.238389373988254, 0.225610580960646, 0.248603017586581, 0.237945126391382, 
0.228040651410106, 0.251834275410578, 0.251695068335182, 0.250012786686959, 
0.251832196226199, 0.228720304977743, 0.245921416866478, 0.239965897841708, 
0.255505485997795, 0.235976923276967, 0.250754466148433, 0.240648839866224, 
0.253300426667242, 0.281687690701489, 0.238897317928245, 0.255981559147241, 
0.250410852819132, 0.238978268417193, 0.24222309001445, 0.227029428494294, 
0.247949493976966, 0.254557596154225, 0.253173489391865, 0.267141201173674, 
0.235551321751691, 0.24513644642448, 0.237329531222457, 0.245003257519873, 
0.249224748456248, 0.275756985079538, 0.254346721984942, 0.253891283215619, 
0.245067092539979, 0.254963007635964, 0.249770250423009, 0.232592882986964, 
0.230524734743213, 0.245043582596686, 0.227303768542624, 0.262350373362578, 
0.240572805463661, 0.250173563600427, 0.24030834924, 0.243793682054995, 
0.239553433175547, 0.255359894708249, 0.275826776290016, 0.244342639988775, 
0.241606169302716, 0.291445575545869, 0.23503011080623, 0.252156110227933, 
0.259716710816436, 0.240951916540246, 0.238655645376757, 0.258562247077743, 
0.235229757889419, 0.24046048136076, 0.245881033814023, 0.225731858677287, 
0.244847798315561, 0.237891532948277, 0.242666763171519, 0.246673001310375, 
0.258061511631644, 0.250242255506383), dim = c(100L, 3L)), variance = structure(c(0.0315969148837402, 
0.0218598745517708, 0.0284499826406003, 0.123154727370573, 0.0366865365903516, 
0.0456184502811787, 0.0650622320305935, 0.0262275931432069, 0.0459743931602391, 
0.0466388200174093, 0.0640541394160986, 0.0311881430286214, 0.0261377106108772, 
0.0234093892763548, 0.0299148551907818, 0.0916382871999984, 0.0266329920056898, 
0.114731947680362, 0.0236422605721029, 0.0280546070208944, 0.132699660482157, 
0.0311706272593897, 0.0265041270520485, 0.030648946960758, 0.0228327343132017, 
0.0240424462911482, 0.0842705993480735, 0.0284953103148185, 0.0382563657035427, 
0.0276916157158368, 0.026795616309502, 0.0342233006051466, 0.0689214900255118, 
0.0365686354669671, 0.0490766248052782, 0.0240648183746874, 0.0262033261498665, 
0.0364627206692973, 0.0785994312713247, 0.0261394237729993, 0.0299552402724469, 
0.0237922476973818, 0.0280722841368071, 0.0285526870092991, 0.025577003335939, 
0.0232253316149235, 0.0599653993486517, 0.0263180198654946, 0.0314316597837147, 
0.0345178929448047, 0.0251382970455544, 0.0276360010095649, 0.0238655717581843, 
0.0275632816866885, 0.0442064850655117, 0.0323455452213738, 0.0272663225134072, 
0.0414546932512003, 0.0268101538882012, 0.0284846432523517, 0.0501245249310872, 
0.0270598907576113, 0.0278609920260818, 0.0190860582951247, 0.0372544476938943, 
0.0258870578875875, 0.0510153205658724, 0.0255434277144188, 0.0346592654248984, 
0.0341549692318368, 0.0271160460674185, 0.0303699902360542, 0.0234917226397652, 
0.0223465408902301, 0.0269006276109809, 0.0403216004215661, 0.0307826433412842, 
0.0218476951281888, 0.0273597891480877, 0.0632378905073032, 0.0242905382891178, 
0.0264224923871615, 0.0355715006341987, 0.0256283201435301, 0.0347476327755241, 
0.0298298535444179, 0.0287526538037638, 0.0321267883216138, 0.0435617215867179, 
0.035541425530852, 0.0290489372288488, 0.0427109738857723, 0.0284086272895763, 
0.052922269134646, 0.0268417223235358, 0.0275153405955282, 0.0372241116243726, 
0.029169202969979, 0.027429281922233, 0.0305231108920334, 0.0184644534850206, 
0.0150029414502722, 0.0166399158412599, 0.0304515118800895, 0.0203112886139035, 
0.0203685383592556, 0.0282987809488412, 0.014750836386609, 0.0233127013454667, 
0.0232820798781908, 0.0201162855253756, 0.0185933811798251, 0.0154635104240304, 
0.0142212102119227, 0.0153236780845538, 0.0231393890315152, 0.013212977329286, 
0.0332290458989116, 0.0141860233330294, 0.014609892413673, 0.030627146496157, 
0.0175824552283617, 0.0146280494630734, 0.0156308143182734, 0.0152425583300641, 
0.0141355626523844, 0.0256578003634714, 0.016159071341879, 0.0174366267643864, 
0.0167118256636367, 0.0136351113528127, 0.0177435831094165, 0.0217653999972248, 
0.020544568728541, 0.0242710375226093, 0.0128193684173866, 0.0156853552649587, 
0.0212395950434728, 0.0281053304114122, 0.0141277446823413, 0.0149537950103522, 
0.0125185938719498, 0.0137146310544175, 0.0165588888077852, 0.0137096370435704, 
0.0151020693708638, 0.0191080484969409, 0.0145859355907257, 0.0164560443096587, 
0.0188545271210597, 0.0137618920553429, 0.017226102461073, 0.015416573209589, 
0.0159239996163407, 0.0223193871058943, 0.0159370353711448, 0.0161501631908724, 
0.0190294396953758, 0.0156807666745674, 0.0161152547434168, 0.01967463258859, 
0.0153242008023658, 0.0141957167685878, 0.0140782879852084, 0.0200913824864723, 
0.0152665917077834, 0.0204077274111339, 0.013937912408452, 0.0216676817510156, 
0.0161933465805353, 0.0168810908069022, 0.0177819528040659, 0.014785281121553, 
0.014770675986207, 0.0151976242131678, 0.0225407221294426, 0.0163785864193078, 
0.0147498836344187, 0.0149894872472251, 0.0248600904747088, 0.0156554372230171, 
0.0143194387436289, 0.0176636867096333, 0.0154066444929391, 0.0196692782362323, 
0.014956384454275, 0.0138784806730875, 0.0205298887141932, 0.0177894952797938, 
0.020712406532337, 0.0174202981963694, 0.0207015196467031, 0.0165072233937848, 
0.0248896751781758, 0.0135845511266675, 0.0155854625541406, 0.018511372340278, 
0.0159920415862446, 0.0138933159643628, 0.0147616185521397, 0.02036912715503, 
0.0136000588744553, 0.0157051628771556, 0.0285871543127847, 0.0223492265588433, 
0.0187374091039722, 0.0252701918282713, 0.0159012963324216, 0.0226804485866352, 
0.0240991135246118, 0.0185693676359592, 0.0195694197044472, 0.0162590402918911, 
0.0137424156184903, 0.0130127917220106, 0.0238378322534738, 0.0138979725910207, 
0.0300779382938257, 0.0138886535986347, 0.0140385782338739, 0.0283830222353883, 
0.019360884116837, 0.0158348009048384, 0.0196707146245846, 0.0172832090225883, 
0.0139263558191004, 0.0255569254513723, 0.0157710931717143, 0.0162762829401834, 
0.0172502316925082, 0.0136963221753468, 0.0162881324281161, 0.0224914004835695, 
0.0224954475285676, 0.0235654655540232, 0.0138691720405368, 0.0142883586946344, 
0.0231086522471939, 0.0277098326628398, 0.0142714219576556, 0.0144327399894906, 
0.0137344955238153, 0.0132759684976555, 0.0155700403947386, 0.0132782710714885, 
0.0147175046323185, 0.0229098113117645, 0.013823697624177, 0.013554578429903, 
0.0183721442491198, 0.0134194080708214, 0.0146798564317125, 0.0140807735406535, 
0.0170842642152233, 0.0236942192023476, 0.0202774450265721, 0.0168027334144956, 
0.0192162415909817, 0.0153737386425271, 0.0156914089760784, 0.0186859912119247, 
0.0156193129644572, 0.0142086686849012, 0.0155761281087637, 0.0194502337673311, 
0.0159548555515468, 0.0212747607097869, 0.0146847540677303, 0.0204822311856092, 
0.0157535846851114, 0.0175459312122372, 0.0180068015637885, 0.0155875692665132, 
0.0139584895957945, 0.0145267886943519, 0.0220334717361623, 0.0147889958018161, 
0.0150395350269977, 0.0141051202648563, 0.0232748610573292, 0.014339589428162, 
0.0128358860884932, 0.0176909722194932, 0.0158403895673817, 0.0192303836322977, 
0.0174028564545354, 0.0144410020155758, 0.0202407413061142, 0.0168585734742086, 
0.0227570864206968, 0.0195232386641835, 0.0228135114469476, 0.0143297293429751, 
0.0240342020765473, 0.0138723890746837, 0.014219465630132, 0.0193724083594795, 
0.0160528673166553, 0.0142654619915591, 0.0147677974253028), dim = c(100L, 
3L)), MSE = structure(c(0.133623735884746, 0.0230258685288832, 
0.245465562335719, 0.127497566511346, 0.158605793872401, 0.799369681843234, 
0.180936100777918, 0.223212726944082, 0.0901858775840105, 0.706590395052997, 
0.175623234517039, 0.0924006665212714, 0.514117503654417, 0.128776221225388, 
0.0357822475293016, 0.140956183617133, 0.0405471450494321, 0.143819751102039, 
0.0838743058558557, 0.0308087644349918, 0.196921313807351, 0.455525571260048, 
0.0400912125453322, 0.0359035898836505, 0.0257197668992112, 0.14892183487571, 
0.0861206494910162, 0.0282187606911468, 0.159784339023569, 0.0546734205636668, 
0.0275650112549113, 0.117943387249677, 0.126628662780476, 0.649507721929636, 
0.070879605927812, 0.574154845591781, 0.0434433186091879, 0.123543575440174, 
0.176006635558634, 0.0270897025836304, 0.889225285519558, 0.40046657105438, 
0.713820446332881, 0.0859309344896286, 0.301389076330738, 0.16769533764662, 
1.14085149791031, 0.0271859355700529, 0.403886615609708, 0.678613988439303, 
0.0804312749719623, 0.0273801030342786, 0.0471566559283397, 0.250295779197459, 
0.637360297844996, 0.310905900602872, 0.269101252681102, 0.146360139213202, 
0.517930400084123, 0.933316133210152, 0.0836863139416912, 0.0456003705536591, 
0.295811023799275, 0.217154972803562, 0.120619574534464, 1.25032368305214, 
0.0722433650257793, 0.546937501169295, 0.0427844220448606, 0.041129087452369, 
1.35870840673323, 0.0333364083005765, 0.0725692051905739, 0.0228113166727525, 
0.0578216464737441, 0.0402008535101809, 0.206080383779192, 1.1247664585461, 
0.320977116965543, 0.442234698374876, 0.390545684756711, 0.281239738783602, 
0.0464365142012383, 0.572563023167771, 0.105521971299954, 0.031951740642548, 
0.61883735550518, 0.194705288531264, 0.0996671510660283, 0.280192880552651, 
0.038588576897248, 0.0775232873486654, 0.150968014917115, 0.222081849231234, 
0.395767329901909, 0.276868189605347, 0.542035764535221, 0.281374534184409, 
0.0659124284422447, 0.0539614911236915, 0.136983806269687, 0.020030429347113, 
0.253241733838175, 0.0323885550189364, 0.152160647699076, 0.784556138403225, 
0.13773733962231, 0.205346208477309, 0.0508610658497526, 0.620917619474101, 
0.159401644023188, 0.0829996406630295, 0.470149123374538, 0.123583258627021, 
0.0253250494604186, 0.0956766538585935, 0.015414277899533, 0.0711316883053547, 
0.0693633245902784, 0.0145702568246902, 0.178422919257369, 0.458861067513815, 
0.0300106729247168, 0.0171948456756137, 0.0198501242951901, 0.128244949593018, 
0.042773781387209, 0.0202694665689754, 0.136960871590696, 0.0583699134507079, 
0.0134988491788449, 0.127839177477084, 0.0644771730287077, 0.652939254706076, 
0.0312859432562842, 0.50348810763329, 0.029484525166247, 0.118424492858766, 
0.194622084331911, 0.0191464974488243, 0.822109129423223, 0.437038290474934, 
0.715739973921152, 0.0815700438890547, 0.276918928119313, 0.168389372946278, 
0.97542375816198, 0.0150514579283522, 0.437034095841005, 0.648738413654355, 
0.0569256944968656, 0.0171948531990653, 0.0352658022600114, 0.21234810155148, 
0.669885272640067, 0.27871765498883, 0.236774284326016, 0.140902763602849, 
0.54273084970641, 1.01963857892615, 0.055066682550872, 0.0366648963227679, 
0.251493665027808, 0.195854634963272, 0.107740574594304, 1.3476062489469, 
0.0476039832907602, 0.558599153485864, 0.0338925298065196, 0.0220733965280136, 
1.25873011105791, 0.0191930945441207, 0.0578143274579108, 0.0146847999409339, 
0.0530330934127494, 0.0309520456220931, 0.186625391236843, 1.06201424657201, 
0.347519743804132, 0.270414805049915, 0.353232009343308, 0.247094002944104, 
0.0243544794491347, 0.586264233479292, 0.0872971298506369, 0.016046186313972, 
0.708892255090978, 0.191921964230108, 0.0833538771230775, 0.273490904894704, 
0.0301204664416945, 0.0477508560835598, 0.169126194950989, 0.133023272002228, 
0.396660619511001, 0.243413750838239, 0.535029220995483, 0.288652334396693, 
0.0486911687245531, 0.0281579397049996, 0.142337484986679, 0.0192047679765145, 
0.253785948211121, 0.0321663746289498, 0.156953902628681, 0.763282667196902, 
0.128661071362219, 0.20554476209311, 0.052440599800522, 0.619919099028446, 
0.158688113838444, 0.0856308726059837, 0.460598246382439, 0.121404280851019, 
0.0246034620671149, 0.0933157396854877, 0.015275333632237, 0.0713798164603366, 
0.0701534164572575, 0.0139324949212858, 0.188948706150438, 0.459383476585641, 
0.0312972499837514, 0.0207306980547555, 0.0227050593366571, 0.129511560426462, 
0.0434317937233724, 0.0206361189164494, 0.144130403004819, 0.0600050732231428, 
0.0135642944585882, 0.124581891500614, 0.0675836213433067, 0.660600347884398, 
0.0295770043800055, 0.495438099599226, 0.0282078675188734, 0.121639494304392, 
0.19429386204631, 0.0190959425468679, 0.81657904373577, 0.44739603287959, 
0.734020433966649, 0.0807457682527178, 0.270564089513852, 0.173866190162402, 
0.987894487270093, 0.0143840952358491, 0.439418063422322, 0.636318055396605, 
0.0575340993457653, 0.0147517281441995, 0.0330486435506418, 0.212959557286406, 
0.675351814479098, 0.277454670091732, 0.236692932983435, 0.137649111699991, 
0.552066518040041, 1.0295024455732, 0.0498490109521049, 0.0381707342971914, 
0.253707895449248, 0.19241156980696, 0.102356119422592, 1.35244290785462, 
0.0466184174354929, 0.576167545184731, 0.0326203878005949, 0.0199129018725564, 
1.25092719624505, 0.0191931369871866, 0.0566692328281932, 0.013940687415358, 
0.0515857839047677, 0.0324349091839726, 0.184938650137081, 1.05407279376635, 
0.349992941696852, 0.254691306801021, 0.34774908677447, 0.239060560007357, 
0.0239081316400045, 0.586350359377292, 0.0883213119125317, 0.0189360162499016, 
0.725595104072773, 0.192542082877136, 0.0836541979955769, 0.277738676561762, 
0.0334348591096615, 0.0489564386721911, 0.166780669421808, 0.125462023646194, 
0.411623387321436, 0.24095585572237, 0.543904761809923, 0.291639914641523, 
0.0445832382193776, 0.025933682230192), dim = c(100L, 3L)), Time_all = c(elapsed = 2.03399999999999, 
elapsed = 4.18099999999981, elapsed = 4.27999999999974))
