list(MSE_matrix = structure(c(0.251472714454523, 0.27252113047508, 
0.242174361290723, 0.254908889682848, 0.259109179535229, 0.240876999621729, 
0.226586777327579, 0.266071697898246, 0.242687209246038, 0.265790167454284, 
0.269100127060811, 0.256856376563047, 0.23680456270905, 0.232408016174505, 
0.246320291209294, 0.237422532944018, 0.250054584842101, 0.239924720643969, 
0.274112918167953, 0.241114381358353, 0.236778216817048, 0.27082862118632, 
0.255745355033594, 0.252155257027708, 0.230817693001565, 0.302795332293427, 
0.236370246674968, 0.247627473383877, 0.248854057413762, 0.247712280799584, 
0.251550785291919, 0.240845598825366, 0.253952762044554, 0.264673823406501, 
0.268866060985781, 0.257354595868783, 0.280699647100156, 0.240346778808454, 
0.273544840887915, 0.252192447530387, 0.240180901970126, 0.239177470052899, 
0.250634511346392, 0.231532159902744, 0.274392009551033, 0.254008794633369, 
0.266753845920616, 0.241431699087958, 0.223402152547507, 0.267260162178141, 
0.249980452054405, 0.263044803669634, 0.255791038426167, 0.249717675916518, 
0.258559942902446, 0.239822275613498, 0.274962896669232, 0.22567787177649, 
0.291502101789184, 0.270250419787371, 0.221683137643247, 0.231601535490061, 
0.270460463024643, 0.24257379614012, 0.254069638044615, 0.249115386173426, 
0.243570311588033, 0.250594645533254, 0.239196147014959, 0.253600507142663, 
0.236061385385403, 0.266761960025682, 0.244989286661398, 0.276140632294813, 
0.250221833049294, 0.270792999662733, 0.253276851939052, 0.265497405179059, 
0.241851337072838, 0.248438877600873, 0.240023297451079, 0.250195465042196, 
0.255955566646621, 0.257152239542353, 0.275429625954695, 0.257079150174633, 
0.239443462125172, 0.229714525426366, 0.238676259917288, 0.249826484994753, 
0.239018541185966, 0.227136343003941, 0.236826664347564, 0.260309116078659, 
0.272839376137626, 0.245047787210048, 0.23283949866727, 0.245710596477199, 
0.233547504881871, 0.235931740223013, 0.235259970998139, 0.251925131148874, 
0.232756284247945, 0.242760596415599, 0.245738967889766, 0.247213587923773, 
0.221444683421877, 0.252724890451075, 0.239064731893647, 0.249951442129464, 
0.22925512239615, 0.235281408245616, 0.240193424550044, 0.225534760093252, 
0.244596816019189, 0.223018865494527, 0.239661241108854, 0.231101527143207, 
0.234454100392656, 0.229669881514331, 0.236162856104756, 0.231473095421753, 
0.236252083230013, 0.240965480865988, 0.234917558044066, 0.250093089608553, 
0.237557932520661, 0.248400615675258, 0.228617158017024, 0.238111645527586, 
0.228987394740894, 0.224400437152543, 0.248970205051661, 0.266005686849998, 
0.240877486556113, 0.250329504884159, 0.254830774383433, 0.223316800039806, 
0.240208910975168, 0.239428944593349, 0.223659673075749, 0.243758299429102, 
0.251046421522378, 0.234331019573236, 0.248083525078835, 0.234888560414089, 
0.239591783640331, 0.241996670442543, 0.225201000046937, 0.241752466149663, 
0.234613835217389, 0.246541598241747, 0.239645088743698, 0.229502698429429, 
0.235541165710205, 0.222072187784762, 0.251499693126885, 0.22146660640011, 
0.262899801580853, 0.235383025284748, 0.223183503014504, 0.228021319828746, 
0.248135023966339, 0.232002302741735, 0.230676612814098, 0.233972711775825, 
0.235788482991049, 0.241613902429966, 0.240872802264447, 0.242319260802885, 
0.234764828634521, 0.23884291092358, 0.233060630492538, 0.251406733172118, 
0.233293623665643, 0.247351927807125, 0.237322122705014, 0.258501576546723, 
0.245248719724441, 0.241182752356714, 0.230579859903086, 0.229736466253436, 
0.243534840737033, 0.252006241970893, 0.266196387108533, 0.247834366274037, 
0.242830462029099, 0.232448994493194, 0.228724052208991, 0.237091564902735, 
0.229382365826301, 0.222210832630839, 0.232222448392891, 0.227446065181518, 
0.23976008174321, 0.239100782229836, 0.227679620355429, 0.237243460314164, 
0.22974864773309, 0.227037444887546, 0.237943545648551, 0.248482936632132, 
0.239062307652496, 0.245779441414921, 0.239565508647654, 0.247223198970448, 
0.224856437601555, 0.253807387360082, 0.238155908041767, 0.243597763910134, 
0.226695506971454, 0.23073199286119, 0.243580614351874, 0.228930861230517, 
0.241176028470603, 0.225123849428106, 0.241711867621076, 0.231494588707996, 
0.243622371991163, 0.230160007965961, 0.240564302306729, 0.22742558309227, 
0.23887539940774, 0.244315569263614, 0.240626503963736, 0.240782081429596, 
0.228692440350758, 0.240280563630662, 0.228648572184409, 0.232515906899141, 
0.231149860526953, 0.222513607310894, 0.254169163452638, 0.268278249958473, 
0.241183265832155, 0.235693204302092, 0.251024312746276, 0.225895197432783, 
0.24021791725872, 0.239831617807919, 0.23033710691365, 0.235525737049427, 
0.256429572318948, 0.227323832406014, 0.25365841624894, 0.227257312376687, 
0.237927769627036, 0.239619562561759, 0.226605976649328, 0.238665797971299, 
0.240244958637783, 0.252405623803227, 0.239866900363082, 0.231313320423959, 
0.235114345869659, 0.233517636652627, 0.247556857255326, 0.225879389037893, 
0.252046421009787, 0.232544205788696, 0.225946075795896, 0.231809919698569, 
0.25049694321112, 0.242708479590368, 0.231657150810624, 0.234467916234194, 
0.234172356055642, 0.225173846749539, 0.245831645843165, 0.245783623059778, 
0.234251226134301, 0.228381897543198, 0.232111437619126, 0.244904573504887, 
0.234866745360544, 0.252526301724793, 0.232751375072538, 0.250190539001146, 
0.240695891429708, 0.250071835480825, 0.230369414909786, 0.225917140291503, 
0.246131513281706, 0.246026428282639, 0.268950386158918, 0.244876805849585, 
0.238268856659374, 0.229150741715218, 0.233217403021657, 0.238217932504454, 
0.234498776745881, 0.227889643670377, 0.226988183522248, 0.231970698960353, 
0.254077656102094, 0.234637712619731, 0.229806991894883, 0.235996850380513, 
0.226151485403667, 0.237386610681712), dim = c(100L, 3L)), variance = structure(c(0.0184181377143703, 
0.01827540638926, 0.0165782886827692, 0.0922236898333252, 0.0197319353171819, 
0.0201889232512743, 0.0361167841223209, 0.0206028432520027, 0.0305584006203448, 
0.0245235306347747, 0.054137184080214, 0.0234671946361385, 0.022110097530948, 
0.0212410856293613, 0.0263640677536264, 0.0444188476686937, 0.0215626236499174, 
0.0851953718174506, 0.0215118487309974, 0.0176180672793444, 0.101486734707103, 
0.0212849723499093, 0.0205078262124676, 0.0236007909701145, 0.0199449008639381, 
0.0213917687197554, 0.0458125940855523, 0.0156192190217986, 0.0208263113984992, 
0.017427982864512, 0.0204529289038272, 0.0246007892201406, 0.0345795038533881, 
0.0200886146056958, 0.0337054172339458, 0.0206868068691329, 0.0191207021934864, 
0.0210143345880439, 0.0628121685381111, 0.0204421379607294, 0.0188999855335194, 
0.0217474038242943, 0.0256009364211953, 0.0165476001831277, 0.0212203198546188, 
0.024279055051923, 0.0539629824024989, 0.018104146609719, 0.0289825698101365, 
0.0250849218254988, 0.019863091484014, 0.020425674990534, 0.0151465765977105, 
0.0218170466949917, 0.0252523842556387, 0.0255178062878838, 0.0197607318380689, 
0.0252314827676998, 0.0211627149312163, 0.015978666766227, 0.0273782061789665, 
0.0198669707281707, 0.0187532642623429, 0.0178587906587044, 0.0253963347629374, 
0.0215530294951489, 0.0277106622798658, 0.0264489902574769, 0.0276724713942157, 
0.0268598820999946, 0.0168064170338553, 0.0218407404792691, 0.0180160318443905, 
0.0210494228362729, 0.0155230800491168, 0.0284409693480439, 0.0201468433441372, 
0.0166110884543446, 0.0177027226135051, 0.0583620345932839, 0.0145237432885416, 
0.024692445982844, 0.0197484681467744, 0.0208282739567298, 0.0249769194235231, 
0.0225411088749481, 0.023645162127612, 0.0245507454107266, 0.0320131285043136, 
0.0201305811347352, 0.0206604089454633, 0.0316758747315896, 0.0236678857697974, 
0.0352344863840423, 0.0262825232004891, 0.0182492979068272, 0.0228835228882987, 
0.0177775988770978, 0.0266817399577818, 0.0246731614475065, 0.0123397138046708, 
0.0116299369428725, 0.0119214385310869, 0.0180421650739955, 0.0125279031572204, 
0.0140981650667044, 0.0150571108293626, 0.0114474607513185, 0.0179222692042212, 
0.0125727272269851, 0.0165440387727454, 0.0127516264081873, 0.0141926293813501, 
0.0117934780659912, 0.0138219496705722, 0.0195726407733652, 0.0130358367498418, 
0.0170368235688638, 0.011922095063608, 0.0127474629516218, 0.0185078300123845, 
0.0134051747886038, 0.0112040488021856, 0.0131943919883628, 0.0122580941882872, 
0.0117460030449318, 0.0141380853599677, 0.0103200771015398, 0.0144567813908357, 
0.0117190148872325, 0.0102047012677819, 0.0147856168911629, 0.0178857490044613, 
0.0124745764198983, 0.0156338507246348, 0.0126437840150236, 0.0132791096897606, 
0.0124069511249579, 0.0203936155051039, 0.0109510562683023, 0.0128158035641024, 
0.01252700097407, 0.0153732674539715, 0.0115979243700767, 0.011338832723435, 
0.0151022597349189, 0.0155416078972368, 0.0104371788671255, 0.0138964752283426, 
0.0146708945026036, 0.010411141980498, 0.0145089366503753, 0.0102117506056182, 
0.0138788431019443, 0.012857766861131, 0.013533325321437, 0.0128323264771061, 
0.0152888240104589, 0.0143406544487897, 0.0102406264535477, 0.0161136808216794, 
0.0132602460817286, 0.00976939854708776, 0.0113370010000595, 
0.0155274696182095, 0.0139230351542386, 0.0158572486245382, 0.016485501098769, 
0.013247416189356, 0.0171513670539588, 0.0114453384110458, 0.0138245140206287, 
0.0120911069195415, 0.0128881915146805, 0.00957268940598324, 
0.0159797655670388, 0.0136381236786123, 0.0103533848996553, 0.0128442667776785, 
0.0191576526573543, 0.0102049852249138, 0.0142127068137513, 0.0129145618702866, 
0.0129530635095466, 0.0143880636882646, 0.0125739092840196, 0.0130713496753121, 
0.0128724436748293, 0.0148940190705012, 0.0123916748610977, 0.0125083316022946, 
0.013866292284444, 0.0137834813493114, 0.0160938564552871, 0.0162678682924251, 
0.0130210047247066, 0.0130302280058849, 0.0114277041644298, 0.0167307239256259, 
0.0128692554979607, 0.00991769021882811, 0.0115291220762146, 
0.0118357708913149, 0.0173313895887915, 0.0107985183390021, 0.0130562301622422, 
0.0136676114556033, 0.0118814275486965, 0.0162246362452658, 0.0121860374232767, 
0.0171848687721987, 0.00960458160794333, 0.0132536465946215, 
0.0119835951892544, 0.011908434042973, 0.0152419723813512, 0.0132931392040413, 
0.0153576019900751, 0.0120169241047181, 0.0123584827639799, 0.0178309635664341, 
0.0124036118120007, 0.0118317448615949, 0.0115240228310733, 0.00921928256893081, 
0.0119594550745691, 0.0141478207950494, 0.0100910606529233, 0.0130361463445037, 
0.0101884996713333, 0.0106564023643998, 0.0122241949718544, 0.0139709464964921, 
0.0106893217115902, 0.0152199750918408, 0.0118650343473381, 0.0125227693541313, 
0.0121271075367533, 0.018327107891857, 0.0114083909325281, 0.0129932433102, 
0.0118665855030562, 0.0129433974478668, 0.0114340214670433, 0.0109807598507678, 
0.0138026607452243, 0.0157045011976989, 0.0100332649945385, 0.0123906536815563, 
0.0148905484835738, 0.0100750736054141, 0.0146445747194494, 0.01101459137321, 
0.0124900924927943, 0.0125980641101814, 0.0121681447977821, 0.0117785870235323, 
0.0120992534108101, 0.0131082191366345, 0.0100527220167825, 0.0158695854745134, 
0.0127398852336011, 0.0116435692154863, 0.00939340118528079, 
0.0151442721158693, 0.0123060481317738, 0.0125903470534139, 0.0141713436571906, 
0.0108261853361793, 0.0164819353244188, 0.0094955166865893, 0.0140696238920588, 
0.0114381661538545, 0.0121141009677001, 0.0114141921189157, 0.0156144960076486, 
0.0138476949093748, 0.00889566942410498, 0.0121725228082683, 
0.0186245825017596, 0.0106835458040371, 0.0122165451828118, 0.012698962241748, 
0.0120683761931178, 0.0146332834785862, 0.0105176159710566, 0.0137887383335404, 
0.0101274146397754, 0.015068312376027, 0.0119823337952647, 0.00941141895364062, 
0.0128578629836756, 0.0118532213141324, 0.0156280326281538, 0.0137735589571146, 
0.012425354818288, 0.0109734641421853, 0.0112565710109231, 0.0146020368893608, 
0.0131931709845207), dim = c(100L, 3L)), MSE = structure(c(0.125202297658236, 
0.0183074403789681, 0.194779125783144, 0.097911182891823, 0.132845985388876, 
0.816345618036034, 0.175512049487663, 0.231365571900778, 0.0692595283043482, 
0.747055684287658, 0.156841959526637, 0.0811234703017339, 0.554526227760826, 
0.13392977350662, 0.0294267071973642, 0.0761787105238422, 0.0402526507692107, 
0.102118650692391, 0.0766403660711764, 0.023347141234055, 0.164932090889606, 
0.472682406333362, 0.0307223501547888, 0.0326110278624068, 0.0242769030022576, 
0.139684016337455, 0.0453618430248666, 0.0158449337961804, 0.129358478590371, 
0.050249932462224, 0.0207547075641795, 0.0906138457495285, 0.115458985998108, 
0.608762282880092, 0.0575002561918428, 0.583758048079549, 0.0434093653895537, 
0.0813649037708345, 0.159996957998126, 0.0220282134930713, 0.916773285953049, 
0.389132377876405, 0.673565137334184, 0.0563366924243149, 0.336004220476612, 
0.179230505598894, 1.17600383045748, 0.0179562566701343, 0.382528358658299, 
0.690871040140001, 0.06634805745026, 0.0207836320215753, 0.0392165228462234, 
0.240299517634628, 0.534713310979763, 0.314506116667724, 0.254263149477067, 
0.106009216551435, 0.452874291375429, 0.896584050605215, 0.0669300363230835, 
0.0360041261954264, 0.293328571925158, 0.196459983485716, 0.119362302100545, 
1.22988095528549, 0.0390717335664967, 0.528378337021901, 0.0331267829573772, 
0.0338124303026702, 1.30105125097754, 0.0245906565248907, 0.0637173074508426, 
0.0231364007666749, 0.0419930929012263, 0.0284661855320337, 0.175872057917816, 
1.04732648773445, 0.28756362862686, 0.420063325467947, 0.386542456878976, 
0.315430074723048, 0.0295822034535942, 0.580658635313804, 0.0940402865095548, 
0.0308470557728937, 0.586887922401456, 0.175272955228022, 0.0797761992133588, 
0.226875102035767, 0.0312865190363494, 0.0929830783812658, 0.126117134387978, 
0.208039602991509, 0.372232997740998, 0.29301982623369, 0.565987247034961, 
0.292624180738193, 0.068221308918576, 0.0584123784646469, 0.132402250208007, 
0.0153900965052647, 0.21714473285118, 0.0188479585437376, 0.137295259850023, 
0.80510817782502, 0.128664129982048, 0.216392433214472, 0.0423273560207545, 
0.664712373239643, 0.137287395645173, 0.0719395991184904, 0.516091634458247, 
0.123447399698229, 0.0186602237675986, 0.0832536287639182, 0.017444901313129, 
0.0547716309387334, 0.0654807792800397, 0.0130341516394665, 0.154074262788949, 
0.466947924220218, 0.0231236891799056, 0.0174353150235248, 0.0173526104060006, 
0.12383368728754, 0.0214031500725481, 0.0123020508842097, 0.121135589659236, 
0.0572295191122958, 0.0102086532771482, 0.103871718510679, 0.0672324992294834, 
0.625551950511285, 0.0235793093666426, 0.513422472952298, 0.0273584477783983, 
0.0915261834375773, 0.182292601169154, 0.0165761630156688, 0.839230681936243, 
0.426139019613583, 0.665741696584427, 0.0622828626197649, 0.306408965513236, 
0.157803651681619, 0.981016035131232, 0.010358142410224, 0.393983880499996, 
0.668782349957465, 0.0469139550286463, 0.0145338906079169, 0.0294413494903893, 
0.209874239900861, 0.601834415062757, 0.293807151504416, 0.230181324880143, 
0.123372842279266, 0.484227683424136, 0.989139952523356, 0.057158495615862, 
0.0321099767222589, 0.252158913731767, 0.182670007360916, 0.112998806302879, 
1.33253743087942, 0.0396922176789915, 0.518330885851522, 0.0212979297389467, 
0.0258615970728905, 1.22765485615898, 0.014953217489526, 0.0530244998096604, 
0.012764198738948, 0.0431969311502357, 0.023514716490769, 0.178404378455506, 
1.01212738738567, 0.338030568896154, 0.273936356439983, 0.347957609088128, 
0.285780663154891, 0.018546939329817, 0.589631689464128, 0.0781130405213992, 
0.0124555770914158, 0.674105985829269, 0.170046469777166, 0.0702136968371702, 
0.241961406539542, 0.0250794337511404, 0.0521772870276783, 0.139108054139815, 
0.129498397833019, 0.361719772845568, 0.245251284586881, 0.533140121686296, 
0.301637358164928, 0.061599964009182, 0.0336908224034002, 0.130918885684198, 
0.0163202108816018, 0.218298834274981, 0.018477194853084, 0.138779614999273, 
0.788305424956995, 0.124006747349121, 0.220437128555218, 0.0420675242042719, 
0.64155435339409, 0.144956475149585, 0.0707982743169831, 0.509454307916753, 
0.120281454073665, 0.0180526792776101, 0.0788144086715993, 0.0159308983240764, 
0.0541812946204498, 0.0677249206674358, 0.0123751232516075, 0.158243057262472, 
0.462166720303451, 0.0227533073549842, 0.0152764736578557, 0.0145168612581792, 
0.127035626585246, 0.0248184775083214, 0.0131740684462744, 0.126215275129821, 
0.0551896313414255, 0.0105645298971863, 0.103810106813216, 0.063878119590695, 
0.631939437990762, 0.0238141938949674, 0.496977739699301, 0.0259543529251704, 
0.0976289563617156, 0.17871185145336, 0.0164580570707458, 0.826721174397028, 
0.440545003090056, 0.679521549604873, 0.062283645169633, 0.294457100508421, 
0.159218534007972, 0.96856649191445, 0.0099372971447597, 0.401863059816353, 
0.650198601199762, 0.0493133843237021, 0.0147287775188769, 0.0285005689352128, 
0.207810437330079, 0.622628539860459, 0.29116906831391, 0.230049125646632, 
0.119991107442145, 0.491073022187701, 1.00754918687351, 0.0528433199224813, 
0.0337150420074292, 0.258788723569852, 0.180425616218024, 0.106745029945061, 
1.33892656028902, 0.0355880690825983, 0.52762143525158, 0.0205374349331264, 
0.0233208138347228, 1.22853521617896, 0.0157006536271653, 0.0505816392582567, 
0.0120106758176562, 0.0433202800168783, 0.0230842628989812, 0.180017951646769, 
1.01609879766498, 0.344956365840131, 0.268119828669219, 0.340367432292313, 
0.274967347837939, 0.0174698434921995, 0.585914591468548, 0.083502943095406, 
0.0104694491367136, 0.700001186257069, 0.172680494511275, 0.0750813953239672, 
0.249936742140238, 0.0224290345654479, 0.0472400497974442, 0.141355251681791, 
0.129241891373544, 0.370748485034701, 0.240492620365126, 0.538901786239538, 
0.303171419024546, 0.055418354548579, 0.0302408900660607), dim = c(100L, 
3L)), Time_all = c(elapsed = 4.66999999999999, elapsed = 3.96699999999989, 
elapsed = 3.98100000000002))
