list(MSE_matrix = structure(c(0.272732813009425, 0.244436058304451, 
0.253493273738916, 0.253737311022627, 0.255655347617087, 0.257648586152502, 
0.224302452455654, 0.253689359445846, 0.246110264801444, 0.245442404522853, 
0.249362232892679, 0.265346521906259, 0.24247752044158, 0.239505289487892, 
0.250297491742516, 0.248467088755231, 0.263176003566997, 0.248804532807027, 
0.233572564561369, 0.261008905634011, 0.287563258660856, 0.258453150366446, 
0.254391407779762, 0.272905437989985, 0.243579265060679, 0.249232445645148, 
0.261516448741889, 0.250773088140124, 0.251924509046664, 0.240767809482117, 
0.261214018789723, 0.241976063654848, 0.23722888470505, 0.268013885858105, 
0.255391327683361, 0.244088453552836, 0.245949139884752, 0.235534055620559, 
0.273834647183848, 0.250812089784625, 0.246844268645185, 0.253160752979715, 
0.234922874707495, 0.259942712468677, 0.268989497350774, 0.240362448312229, 
0.245006198523385, 0.261531273469609, 0.262502720389357, 0.243621842564011, 
0.251418590626576, 0.237355216835529, 0.257800726575665, 0.244074449647583, 
0.271724126380296, 0.238492350258031, 0.241123605209593, 0.26516571213709, 
0.26857336565334, 0.239056863305635, 0.274500785290707, 0.238972378255202, 
0.25456758485055, 0.251891918341488, 0.239519518712466, 0.258971296828149, 
0.255070686728083, 0.265930037987684, 0.25045159580767, 0.246441037945999, 
0.246203704474301, 0.253241005468191, 0.233544715774309, 0.249745014783831, 
0.246404416570876, 0.230149642515528, 0.264513656521768, 0.249002176935838, 
0.26042348983716, 0.274667290597797, 0.245470846135462, 0.244139673819512, 
0.245813506532654, 0.242517944902833, 0.239974288071753, 0.229890398238454, 
0.236325795698113, 0.243478942621518, 0.234868809689525, 0.232478998113933, 
0.267390105880153, 0.234277325236481, 0.253500698569551, 0.24443904654103, 
0.235074464109444, 0.262063088140424, 0.257584831647639, 0.24157269282486, 
0.249522638349268, 0.244829391702631, 0.233258711675715, 0.232436028134096, 
0.236613268403098, 0.237782221786194, 0.247814786564268, 0.237020060170728, 
0.223557981012673, 0.240271672358258, 0.238101324294454, 0.234335055242945, 
0.2382180178433, 0.241258184688825, 0.237290346655593, 0.236008686305197, 
0.226653410872854, 0.234382084914954, 0.248857402395092, 0.233999507393373, 
0.222199083331966, 0.247868344774908, 0.250364964125674, 0.243239136621307, 
0.228526086286674, 0.241403261173702, 0.23880344453015, 0.236549210171903, 
0.244908981873693, 0.236520510954966, 0.240503187593436, 0.236925179054195, 
0.249853665519941, 0.22974335590959, 0.227462091299573, 0.251047514424866, 
0.238931503763507, 0.230883939961617, 0.235299575621328, 0.231245955941115, 
0.248692628173672, 0.236037391688109, 0.238826470493949, 0.243710441273941, 
0.236833606498751, 0.250799776065455, 0.237679285385098, 0.243445027548276, 
0.229321107572969, 0.229777463048785, 0.24174393917805, 0.243702384157024, 
0.233642339997964, 0.232031492617016, 0.241034577744921, 0.234757020206648, 
0.255918636526545, 0.230821853138882, 0.236521586921141, 0.253687823482936, 
0.254050182169991, 0.240764026687543, 0.24550568917043, 0.244952118463192, 
0.231307979976555, 0.234898732691882, 0.224137047154995, 0.235962940613648, 
0.245801214131049, 0.250142990227631, 0.238861232703256, 0.228241005000176, 
0.23989619285709, 0.241769291807401, 0.228196942293157, 0.234285511834673, 
0.24621344275142, 0.232868423566598, 0.24887950797525, 0.229338743488482, 
0.255932501534984, 0.240214441835766, 0.232544928930605, 0.238367837696298, 
0.236948955567944, 0.236874027061564, 0.221010200638111, 0.232123068603109, 
0.233018584386289, 0.240943494850126, 0.227639164366839, 0.224720278461234, 
0.234373478706032, 0.231319675384441, 0.24844073829968, 0.233159758046901, 
0.229601504119263, 0.251074654638205, 0.24221958728072, 0.229328079455598, 
0.237523337559134, 0.242589902268927, 0.239174993425578, 0.237550825126967, 
0.247481882962899, 0.2421491219079, 0.242842647514169, 0.23424651899384, 
0.230277320973617, 0.245483468728066, 0.235568179490931, 0.246856146422826, 
0.236391352187587, 0.253575017987618, 0.237605958253344, 0.239268417615171, 
0.229769044895762, 0.232723623457755, 0.248495863819997, 0.239530608529997, 
0.218250614042006, 0.25200580668385, 0.246939416861868, 0.239528201718529, 
0.238252100598983, 0.236943335870355, 0.232725108878183, 0.237754200834831, 
0.251223017651484, 0.236500739291607, 0.23680734330383, 0.227992717764237, 
0.239013062678912, 0.238869887881677, 0.226149061617842, 0.24233156625192, 
0.24236915124557, 0.224649660209065, 0.229946717273669, 0.235419093579306, 
0.239652178653335, 0.241880307095764, 0.233640120199676, 0.255749597756789, 
0.238180063977763, 0.24563990534855, 0.259312102870694, 0.233828707957374, 
0.236746401752088, 0.230867243489877, 0.237233462944373, 0.234669930930508, 
0.232781450236948, 0.226658749807504, 0.249327729261698, 0.235592958954821, 
0.254136232211725, 0.232291940981385, 0.226106863666979, 0.254821300647121, 
0.251668366634865, 0.239416684566526, 0.259833926618621, 0.231453920663, 
0.235938889421799, 0.237668576956763, 0.234316455870623, 0.244363640293217, 
0.255505431509485, 0.250381041048649, 0.241448810612011, 0.229558521299286, 
0.241916327837141, 0.241161398892775, 0.220864749187775, 0.231662245294723, 
0.247992662652741, 0.231826412058597, 0.247526517111763, 0.233493058198718, 
0.249700088208804, 0.252570932575608, 0.227490737459303, 0.239823918737474, 
0.233487383989, 0.234826805112423, 0.222909773323807, 0.22657189443198, 
0.233494590002501, 0.24554243443119, 0.227477186334486, 0.234592920667307, 
0.246950296770349, 0.231375298930632, 0.251804804434645, 0.238432851247492, 
0.233430495449619, 0.261561660788703, 0.251703882774591, 0.227198334155935, 
0.229683238543507, 0.240981737161656), dim = c(100L, 3L)), variance = structure(c(0.0175277290969427, 
0.0130722594245123, 0.0156212383443381, 0.0787104234090217, 0.0201228867673176, 
0.0253313792462398, 0.0395633351178041, 0.0133171409091, 0.020140547630779, 
0.0323403641501983, 0.0479176649010315, 0.0221360862841226, 0.0138538512992401, 
0.0140840379843889, 0.0207650716478455, 0.0583058395714433, 0.0170654078469143, 
0.0845607636218896, 0.0140457520687198, 0.0184960513038461, 0.0905704459522148, 
0.0143176909861513, 0.0132494328015314, 0.022249329120146, 0.0161489823557714, 
0.0141289701149155, 0.0523726801688902, 0.0140024942473047, 0.021641293569628, 
0.015317502299022, 0.0136318840505034, 0.0173242269425456, 0.0403896784279859, 
0.0211608633137716, 0.0228527084052529, 0.0114020347881823, 0.0173563302009225, 
0.023754040124362, 0.0457201553302392, 0.0141689205224675, 0.0203353880053516, 
0.0109058410752248, 0.0163353266468397, 0.0155138995746246, 0.0160272176610325, 
0.0175056973981019, 0.0578433435114493, 0.0161640192923964, 0.0225843776555526, 
0.0191188491178129, 0.0139204484099585, 0.0173708053109398, 0.0142416345543411, 
0.0135494225966843, 0.0298228444237571, 0.0245612525553884, 0.0140184438500198, 
0.0204122747600657, 0.0131830498959685, 0.0135434640591481, 0.0292427088219127, 
0.0210024770960261, 0.0157149902095285, 0.0139507826207833, 0.0189609667709429, 
0.0141452674644141, 0.0269022998779212, 0.0150807769336112, 0.0279154134113046, 
0.0237441533549133, 0.0158215669069739, 0.0163905271910409, 0.016584736814927, 
0.0135784103109254, 0.0165856551463902, 0.0195341817541235, 0.0177188745223898, 
0.0146497614580838, 0.0175846508018374, 0.0486331935470859, 0.0135679759267242, 
0.0150548454467708, 0.0195124787352528, 0.0136741768775997, 0.0180838718603104, 
0.0225548808724469, 0.0180721613574267, 0.0251527705895102, 0.0313751459410526, 
0.020761138046068, 0.0181722050731857, 0.031908362169567, 0.0150284970361976, 
0.0243073664403281, 0.015295037464382, 0.0179015666859836, 0.0172695916817579, 
0.0159342165949943, 0.0177782082428948, 0.0177136273517102, 0.0108799186262754, 
0.00989695641041265, 0.00804104828057165, 0.014939456178925, 
0.0110528663858187, 0.0137336889271015, 0.0159801079228495, 0.00765832525559107, 
0.0118148641611211, 0.0143912764026924, 0.0156570191036021, 0.0124503466282926, 
0.00716010865363502, 0.0105241682080054, 0.0083901150191187, 
0.0165015900899476, 0.00949002199718435, 0.0177185174280232, 
0.0105846220614952, 0.00881231375675593, 0.0157428521331792, 
0.00974738103382269, 0.00769016280176774, 0.0143149123269174, 
0.0104975061364885, 0.0105673754512843, 0.015580391933654, 0.00883382401394571, 
0.0120709057076376, 0.0108099747214492, 0.00923476133402605, 
0.00964751212652275, 0.0148632571731846, 0.0113749822409641, 
0.0114917897568878, 0.00758730102309792, 0.00878253205093224, 
0.0109947876827467, 0.013611484629134, 0.0103153726631134, 0.00946465734151109, 
0.00761006686038373, 0.00754063294509716, 0.00814137982704023, 
0.0102041605883617, 0.0088865793453379, 0.0169331521752379, 0.0104554266153567, 
0.00926065967142258, 0.0109415770057986, 0.00950316518482439, 
0.0104156452420013, 0.00957168560767916, 0.0101475790082407, 
0.0122796078784022, 0.0148311628529886, 0.010720382154179, 0.0113467920966199, 
0.00649773973123909, 0.00861390371113404, 0.0154668916614396, 
0.011107156563512, 0.0100744509536262, 0.00987863691029451, 0.0111220030049946, 
0.0103688077007724, 0.0132390812197308, 0.00764992073882933, 
0.015687703668898, 0.013224441512668, 0.0108359222136672, 0.0100343639003203, 
0.010010487236464, 0.0104041332720265, 0.0100464718351525, 0.0116707651855866, 
0.01004134139234, 0.0103539368914075, 0.00858690987850666, 0.0148843198801592, 
0.00908113147172665, 0.00608395278125857, 0.010908006287273, 
0.0107378577275772, 0.0107077678266882, 0.0124584952297619, 0.0100799592570593, 
0.0142276440496193, 0.0136087597479285, 0.0103744812318454, 0.0110944276278222, 
0.0136301789266923, 0.00822791528353471, 0.0120385337424627, 
0.00759855186852568, 0.00885376598103483, 0.0109747176385668, 
0.0101136961553263, 0.00928569789109731, 0.0104914863782588, 
0.0109057691311079, 0.00777749955620782, 0.0103892952811148, 
0.0120208173414621, 0.0120021314038271, 0.0148437987022296, 0.0162472766915206, 
0.00875129823741161, 0.0127125997041494, 0.0166992272698131, 
0.0128606820612462, 0.0135174161680718, 0.00997485476089931, 
0.00804759902385288, 0.012528443431636, 0.0163279637402907, 0.00984111273450962, 
0.0162964221898519, 0.00803328761549788, 0.00863204267033232, 
0.0124698182812921, 0.00939854364001649, 0.00873470756580458, 
0.0120856720667953, 0.0111564149877443, 0.00808105021694135, 
0.0168959432240964, 0.00801267006397286, 0.0137935154662504, 
0.00909927021836585, 0.0089342658033732, 0.0111354522963705, 
0.0147940959052784, 0.0126296745859646, 0.00992434732173099, 
0.00752814395730305, 0.00873651819262098, 0.0123876602689716, 
0.0140857066159835, 0.00835865435240869, 0.00927377818206999, 
0.00765250049031318, 0.0110209196295986, 0.0100773341727641, 
0.0101108447278195, 0.00977572702870789, 0.0164038437991223, 
0.010209074006207, 0.0128527634215076, 0.0118736677092795, 0.00917110268074075, 
0.0104157051293369, 0.00852561710081062, 0.00887357703283875, 
0.0134788177613102, 0.012923785832528, 0.00842206313509521, 0.01184298963275, 
0.0101288361170255, 0.00800830227593485, 0.0153485678402903, 
0.010923359049356, 0.00913533910229388, 0.0103995097586893, 0.0120864335553441, 
0.00879416222697816, 0.0132194577401755, 0.0100501834175677, 
0.0175184392970682, 0.0136906550500011, 0.00965011328138642, 
0.00893442429925615, 0.0103650496759568, 0.00795936840318682, 
0.00965748737603416, 0.00884958362929468, 0.00954548193278046, 
0.0103150328584158, 0.00836575111939484, 0.0106474999314673, 
0.00823752920667215, 0.0102901275836607, 0.0108433923193458, 
0.00818265815162329, 0.0109047744929427, 0.0101997128885513, 
0.0107310290434449, 0.0157380720309524, 0.0120601115563953, 0.0116696551891774, 
0.0118473602544185, 0.0135973999761424, 0.0106847159167029, 0.00940528490552563, 
0.0105173945660175, 0.00867895936722285, 0.010978565379652, 0.0101828363988188, 
0.0111503380454467, 0.0109080425858483), dim = c(100L, 3L)), 
    MSE = structure(c(0.0976585580339228, 0.0137657805329345, 
    0.2202007798999, 0.0844227488738706, 0.108628148223366, 0.7946534135784, 
    0.174951667199409, 0.215490411068689, 0.0570020503857516, 
    0.765613753271261, 0.17233376052858, 0.070650230162954, 0.519037405441068, 
    0.11215321126241, 0.0311578369651042, 0.099168732424949, 
    0.0384141933223242, 0.0989834109256885, 0.0813942870409085, 
    0.0261776180757427, 0.151175884093079, 0.499648913577168, 
    0.0255428380532285, 0.0333979359136781, 0.017239723390907, 
    0.149917457313471, 0.0526041781125765, 0.0147714007085886, 
    0.143908902441017, 0.0352936258979728, 0.0146159600910292, 
    0.10503720324665, 0.105284548699867, 0.556044894110755, 0.0438471687007388, 
    0.591923903901223, 0.0445321362267362, 0.0825024958174218, 
    0.162164773142099, 0.0143733318206903, 0.938867296943644, 
    0.365686922538073, 0.722850763601936, 0.0682467236393807, 
    0.313253273146495, 0.17633412754866, 1.13643531928885, 0.0164565528412613, 
    0.429927357700239, 0.69274400933217, 0.0666078257588211, 
    0.0181470092834367, 0.0376871191251165, 0.211381945427245, 
    0.561514245326159, 0.329538304955489, 0.28705982413993, 0.123393829637499, 
    0.492051837992486, 0.868571474035218, 0.0682984483845438, 
    0.0349085506786339, 0.302999842212834, 0.224009749870307, 
    0.113425210128488, 1.26216116853338, 0.0467062956948112, 
    0.543047454921107, 0.033466038496542, 0.0304484590317494, 
    1.39418414482946, 0.0188067230324829, 0.0748121381225915, 
    0.0141667861466626, 0.0419466270437282, 0.0195577406361442, 
    0.164753378959092, 1.12198116593392, 0.275848528689991, 0.426624644727974, 
    0.389990737106691, 0.255279694856558, 0.0355292236966152, 
    0.522257746102173, 0.082338734815668, 0.0316094290171962, 
    0.571716661445262, 0.169364984790807, 0.08604167635029, 0.210799299657192, 
    0.0226940760419408, 0.0713972027464717, 0.148610491161812, 
    0.196138963661921, 0.39402894312867, 0.303580982236939, 0.511899149179183, 
    0.255936882420983, 0.0532682864988726, 0.0484331518624298, 
    0.107594494032843, 0.0161668228327723, 0.22628224083302, 
    0.0158553937228507, 0.116008297167647, 0.777574010714168, 
    0.124680053258626, 0.207924132792128, 0.0383686823127304, 
    0.671406968370749, 0.151117566280089, 0.063070898960469, 
    0.485156997996228, 0.104343418340506, 0.0184635810715218, 
    0.095860705995835, 0.014338716273616, 0.0554879691994127, 
    0.0787636183082002, 0.00979345694066787, 0.151202813739715, 
    0.494942126880734, 0.0204129445361673, 0.0218292191748779, 
    0.0125378900216765, 0.143816117886058, 0.0259779416347273, 
    0.0103348905095045, 0.131801946405068, 0.0410519070742744, 
    0.00947774950154827, 0.120281981109443, 0.0521524870963079, 
    0.583145596605254, 0.0188527384765241, 0.509978954198688, 
    0.0271696742833242, 0.0869900197320239, 0.177197954120954, 
    0.0120180388574026, 0.85853720168434, 0.424517544276598, 
    0.702768351142157, 0.0651615316245551, 0.280811700801536, 
    0.166734186965838, 0.916420703541591, 0.0108725812457099, 
    0.430671909177583, 0.660741938199122, 0.0583682461861794, 
    0.0112581827652146, 0.0260474036446426, 0.186275293397595, 
    0.610735476624002, 0.322130296308797, 0.263657324829622, 
    0.140020601985033, 0.507710212964916, 0.9747814582554, 0.0512171923998938, 
    0.0285707125010597, 0.276486560057626, 0.204469432603385, 
    0.104746949814398, 1.37457956130259, 0.0463312814168306, 
    0.542984786615399, 0.0228845078810715, 0.0189018244656595, 
    1.31506414343493, 0.0108693403695932, 0.0582008963308027, 
    0.0107245641805009, 0.0386471282182624, 0.019699980382273, 
    0.163153502972995, 1.0782406842181, 0.318106007838687, 0.270899657611354, 
    0.34128017750974, 0.245909197776179, 0.019317363421557, 0.535384765170165, 
    0.0734534065163075, 0.0125548828550074, 0.67020757914316, 
    0.162986043121645, 0.0736309467199203, 0.225278667260123, 
    0.0180361307772819, 0.0429999548726208, 0.159344832049786, 
    0.123700531933655, 0.383904801637156, 0.256593200315981, 
    0.498808467681899, 0.276655403076483, 0.0449506389334027, 
    0.0277351423657851, 0.110239029271423, 0.0155578400469547, 
    0.229355264040077, 0.0140206946783193, 0.121115363179435, 
    0.761457008753486, 0.117005689581277, 0.207518883268766, 
    0.0389556299200198, 0.658079255898881, 0.15541416000523, 
    0.0697326918330484, 0.484878321788515, 0.0972416896033229, 
    0.0240050340052669, 0.097203098640063, 0.0156960282146131, 
    0.0594391380440877, 0.0802106042581478, 0.0100600306007021, 
    0.158566218356561, 0.498671443112585, 0.0218026107890672, 
    0.0177104362747983, 0.0139846259800112, 0.146662383148308, 
    0.0283517650118363, 0.0101814772985052, 0.139615972299213, 
    0.0387515132612811, 0.00924205474622984, 0.125012527614921, 
    0.0513500910858979, 0.596117679838316, 0.0156445154507716, 
    0.515474530582965, 0.0284544641582596, 0.0904273691921925, 
    0.180911020557656, 0.00966001343146481, 0.871814164641463, 
    0.419967173024741, 0.715732192452024, 0.0672152888473308, 
    0.282931032548852, 0.17073699131151, 0.936911093149293, 0.0105644277410771, 
    0.443426852386873, 0.66981010830096, 0.058342096463584, 0.0116345484451572, 
    0.0235190414356561, 0.179651999140325, 0.617054689190422, 
    0.307711647164532, 0.266012077765601, 0.142000435083597, 
    0.515129039821894, 0.986763476359706, 0.0474987456900765, 
    0.0303399390986964, 0.28063838976629, 0.200585908710246, 
    0.10750132329491, 1.39277506486663, 0.0464848783272997, 0.55129935644518, 
    0.0274870479068805, 0.0182417498809599, 1.31396725434296, 
    0.00926697044329991, 0.0564997441362392, 0.00877708349687567, 
    0.0368192844687322, 0.0191717575085017, 0.157600901794747, 
    1.07348967152192, 0.311837131750514, 0.25416492747023, 0.333747843737396, 
    0.245347483721648, 0.0188331659311981, 0.524276265650534, 
    0.0699182377925286, 0.0101071624465503, 0.659657863371899, 
    0.175555125038693, 0.0764761089040903, 0.229978229118779, 
    0.0202147093577011, 0.0439270413867268, 0.165966879381647, 
    0.11329303366444, 0.392939936122708, 0.261767669430744, 0.501381047594306, 
    0.279025594789649, 0.0447201930250541, 0.02910068305226), dim = c(100L, 
    3L)), Time_all = c(elapsed = 8.6220000000003, elapsed = 3.55400000000054, 
    elapsed = 3.54500000001917))
