list(MSE_matrix = structure(c(0.26554077870051, 0.268900112850398, 
0.241927055287433, 0.283007202693356, 0.314501018825654, 0.240017908809407, 
0.298621473248739, 0.316048580276004, 0.354228721415041, 0.242533758454098, 
0.308883511592693, 0.276930817665738, 0.247542836563174, 0.29176996436709, 
0.291110867950276, 0.291898481084601, 0.267559702838517, 0.27205292222764, 
0.258218381396424, 0.25201304761596, 0.277476638236538, 0.23477934473207, 
0.274576111846874, 0.250871725013506, 0.374392585533496, 0.365932513100504, 
0.262725442638567, 0.308764460021299, 0.258466229653036, 0.294860853664114, 
0.250149647476412, 0.25808842646425, 0.263433122020743, 0.300742805100238, 
0.278114033233374, 0.252551075354809, 0.260419113003039, 0.297170064761877, 
0.241528392745514, 0.257222379488887, 0.266226267639701, 0.261071507916249, 
0.286926293131983, 0.302010572641296, 0.314027988362051, 0.311405851237786, 
0.307329791107833, 0.246530028238278, 0.250692787070829, 0.263278532701753, 
0.24649347175101, 0.28561872040538, 0.266214462615006, 0.300589513791024, 
0.253549534218502, 0.225731594738398, 0.280796487838576, 0.267564743826251, 
0.308549675405109, 0.28426469056472, 0.316140526322525, 0.268835521138338, 
0.284660350570057, 0.289472378890095, 0.26956321384052, 0.301302303780363, 
0.293847919730506, 0.26265174125998, 0.243317785485105, 0.266098860768715, 
0.245591732336191, 0.283470296780054, 0.246778385119618, 0.289193032989778, 
0.304550954542997, 0.25207074173385, 0.262766335392459, 0.257592496072719, 
0.256762162806787, 0.306661429491185, 0.253435071201725, 0.251293234246464, 
0.26963597982594, 0.264230885192656, 0.231608701770389, 0.240576115189797, 
0.265118894355143, 0.280274315355334, 0.264453662141752, 0.262045459312796, 
0.251284084623025, 0.278377358269473, 0.275467570947682, 0.256498924941359, 
0.260589801192419, 0.280991688160795, 0.24533704456906, 0.309286785535928, 
0.270827676218323, 0.271815480695771, 0.26090150959315, 0.26668767149942, 
0.245416507333743, 0.250894436660175, 0.288909614816936, 0.241839902410311, 
0.25396488096156, 0.305124065201168, 0.290095829300202, 0.235930539384628, 
0.258024849056417, 0.263478439894798, 0.236240893938507, 0.2888824745509, 
0.24885875883531, 0.264613989249036, 0.245204112007724, 0.247153788002475, 
0.243534131674713, 0.248242256712599, 0.261839071850827, 0.225295727979064, 
0.262888417253093, 0.236390660237164, 0.25884592665002, 0.262934053207055, 
0.249010313183963, 0.269004540170844, 0.246732568315153, 0.286210963186737, 
0.223508492763545, 0.24318439908818, 0.269827679095351, 0.287109480461334, 
0.25723245706446, 0.238566091461795, 0.236543244809937, 0.252958304023381, 
0.240073593544234, 0.25998626873753, 0.260350699039957, 0.249670391500237, 
0.259428252475236, 0.294038762177712, 0.264778347929442, 0.264319045990353, 
0.252039489163996, 0.242586792079621, 0.25726678797161, 0.243352588458021, 
0.254306916748333, 0.257440018863998, 0.25070579880202, 0.282287465580418, 
0.250288374230234, 0.23464136281728, 0.274978679090415, 0.259861419024309, 
0.257983848121319, 0.25299512570698, 0.262806057963509, 0.24861747105812, 
0.255638210169743, 0.285307903921376, 0.230147701039801, 0.255465093609885, 
0.308700572871165, 0.251966385542784, 0.233912014179676, 0.233001867284375, 
0.233654274945567, 0.249832097021263, 0.240503346639731, 0.292451179986254, 
0.241488822183142, 0.240935305888504, 0.246711786664996, 0.257374884630923, 
0.243495964663391, 0.275698375944664, 0.240479102159393, 0.239835834579514, 
0.263150332023271, 0.244955674236418, 0.233284639108889, 0.238645122502053, 
0.241670586051495, 0.296640625347608, 0.251465937036706, 0.268019875676341, 
0.235391075644142, 0.268167252934801, 0.24765309930441, 0.240856236010702, 
0.241894510770815, 0.233967403751222, 0.241434577185452, 0.271919566132037, 
0.241997977424208, 0.255279200419605, 0.266673464419167, 0.302500183407898, 
0.241430828905797, 0.241306670795835, 0.282597683588394, 0.243935937275246, 
0.241148529502425, 0.270080004249969, 0.268130498053942, 0.241698012764829, 
0.272128793046639, 0.273338919833723, 0.234675422387371, 0.308819405702934, 
0.270385392070511, 0.263462634954084, 0.24683306693394, 0.241490606504696, 
0.266989667950373, 0.234535547210113, 0.267967111487995, 0.233521006514383, 
0.251630126151762, 0.249910386547685, 0.247264032007159, 0.255895194529735, 
0.249865953293671, 0.258225221109638, 0.24090663807427, 0.287760268503332, 
0.23047746637223, 0.252796237418646, 0.249530903725282, 0.290081869814878, 
0.275514375454689, 0.256514742483849, 0.258346480074203, 0.273129009735643, 
0.237294573501201, 0.269874989581131, 0.281545746299192, 0.246021399917358, 
0.247769912757314, 0.30635417261132, 0.256879870621552, 0.261729067919273, 
0.27108965507563, 0.240649870882841, 0.257826196840362, 0.235685481576325, 
0.24880464095199, 0.247525600143831, 0.274361833791159, 0.283306343185148, 
0.228935854592118, 0.222143126664137, 0.26015461063597, 0.250828890811259, 
0.266880428717583, 0.257885245582642, 0.24185122120851, 0.237518606246523, 
0.258909332120206, 0.263004735547907, 0.265555632413987, 0.278705366047613, 
0.283804458493624, 0.241824603250546, 0.238039574947369, 0.238783024648974, 
0.241920871352317, 0.262578402693683, 0.256965056721598, 0.292651795391612, 
0.265204265014913, 0.233146340386013, 0.268607841423096, 0.246381890328027, 
0.246803536248664, 0.280852897555961, 0.276203330167794, 0.22365475747949, 
0.272008959907973, 0.241892330378975, 0.250344580206737, 0.242614492398984, 
0.25886821341542, 0.233718047552206, 0.260320113520931, 0.246081008685837, 
0.238244807784048, 0.279567206519152, 0.273152413461675, 0.256401398051283, 
0.254797959139633, 0.261407375101074, 0.240829075080232, 0.269366896340034, 
0.26171820618872, 0.274154439139809), dim = c(100L, 3L)), variance = structure(c(0.0356449596684051, 
0.0240433925712632, 0.0350788902836213, 0.180372019936408, 0.0335480096433887, 
0.0641077996836175, 0.0960505615265087, 0.0409798767058066, 0.0416831505502849, 
0.0528827597165381, 0.0957916424732759, 0.0330314933222822, 0.047917590610454, 
0.0312452791263886, 0.044349093524768, 0.0907010537270096, 0.0328966955276319, 
0.143440613887875, 0.0326927703629504, 0.0307788767570417, 0.195258879203124, 
0.0350277341741302, 0.0398804235644709, 0.0478554605677597, 0.0371283418425768, 
0.0341153470326972, 0.0897954153785708, 0.0339011212994582, 0.0568982284468085, 
0.0393008171799534, 0.0403333447714827, 0.0448422423182361, 0.0729937282855668, 
0.0327696148638202, 0.0784502512556681, 0.0285891968106075, 0.0317152204395738, 
0.0423423933921773, 0.102103624475321, 0.0408798458704855, 0.0319219426235758, 
0.028443608900095, 0.0450990810094374, 0.0342619979501717, 0.0324331546968411, 
0.0458309688279555, 0.0989757427626149, 0.0346354875339627, 0.0450950990935056, 
0.034906193004275, 0.0390184834906894, 0.0329270388171842, 0.0283823350964062, 
0.0306128196922548, 0.0534481364185822, 0.0514466518128944, 0.0369039568301881, 
0.0500351141782088, 0.0380452130771481, 0.0327379544239082, 0.0674936513915863, 
0.0508485418895522, 0.0385338303856959, 0.0382384361923916, 0.0324191962149056, 
0.0267840612334666, 0.057453362639573, 0.0510740604498292, 0.0445749158773706, 
0.057055467076328, 0.0384951511824381, 0.0396273222328471, 0.0423813206061343, 
0.0239726301717914, 0.0344247938299005, 0.0685169967208386, 0.031673492320129, 
0.0371647984311714, 0.0301830363870706, 0.108536492828753, 0.0283348517025755, 
0.0347234067287118, 0.0447674638077502, 0.035358877043298, 0.0444638895332608, 
0.0452907331316469, 0.0334093504835385, 0.0352029141940205, 0.0710291539291075, 
0.0373541707577732, 0.0350357363309685, 0.0550216178137423, 0.0379850038615078, 
0.0882444016530415, 0.04784717480218, 0.030297806565583, 0.0427846889219919, 
0.0378089580719404, 0.0522855268013366, 0.0284653452244123, 0.0252766453572034, 
0.020674923562637, 0.0239621813328664, 0.0415640235268614, 0.0252268228577085, 
0.0330972339307758, 0.0436638933011657, 0.02746685078998, 0.0241198103307338, 
0.0330451067624597, 0.0370773296136653, 0.0209296553250158, 0.0266442454306828, 
0.0225738022932288, 0.0227568970545227, 0.0402831440066018, 0.0202658736798781, 
0.0494172025649496, 0.0228822706878059, 0.023000747112035, 0.0423955489354243, 
0.0249540596397873, 0.0272609973405962, 0.0367700358202381, 0.0229056893436513, 
0.023398380193734, 0.042185650525133, 0.0265770899730938, 0.0290808486791266, 
0.026517303568421, 0.0254817651159092, 0.0258299486957724, 0.0378124793828663, 
0.0247946370298393, 0.0292628055286448, 0.022844274756224, 0.0251836396685538, 
0.0327650910622921, 0.0313727450031601, 0.0257085154016506, 0.0225963919791967, 
0.022548476957542, 0.0220974587135819, 0.0238238685736257, 0.0212737666470161, 
0.0274891001737802, 0.0445227432030272, 0.0230636965506491, 0.0231574106015915, 
0.0194177081404852, 0.0247401172504014, 0.0261536672715212, 0.0235274425304728, 
0.0214889014469828, 0.036729816875318, 0.0379272693830403, 0.0248104685971057, 
0.0312095303521163, 0.0228941940930619, 0.0259846032878795, 0.0326620948475698, 
0.0307139463333782, 0.0260234341936945, 0.0247798163060331, 0.0202669665606202, 
0.0193813965632385, 0.03554541390691, 0.0250577086083996, 0.0243692601320932, 
0.028808255081262, 0.0264274404401736, 0.0226614062973065, 0.028483192679372, 
0.0193750903691977, 0.0256485105730086, 0.0287317507686346, 0.024051740535543, 
0.0248446490671769, 0.0238478610134569, 0.0328744750561834, 0.023520346882713, 
0.0195206103982966, 0.0311440847149122, 0.023731304770577, 0.0216007549966636, 
0.0314816724521106, 0.0191680394512967, 0.0219932749477379, 0.0345579995277964, 
0.029678980993573, 0.0228361390813681, 0.0363345965224363, 0.0224639618556762, 
0.0314983724429394, 0.0230799850399493, 0.0244026501264913, 0.0320154950023976, 
0.0274816810752776, 0.025130978335679, 0.018821265507961, 0.029285748145108, 
0.023830734690044, 0.0258143799982447, 0.0400772432816457, 0.0285431867538598, 
0.0313580238767061, 0.0400540582507696, 0.0251093367683906, 0.0287722521995577, 
0.0365458535870596, 0.0359409332368125, 0.0231364225988897, 0.0276751512171563, 
0.0267034640392286, 0.0248898339813049, 0.0292869740954498, 0.0185286032635307, 
0.0446336325193263, 0.0272430549307315, 0.020033031073395, 0.0408200893814759, 
0.0288613628340905, 0.0246233710037571, 0.0347372827850806, 0.0271682188834105, 
0.0276520217280938, 0.0407882878404636, 0.0278891484554956, 0.0287315858555733, 
0.0312379954767754, 0.0254393124097405, 0.0214140505177891, 0.0282690035307308, 
0.0278972682288716, 0.0315421642914521, 0.0195957693295723, 0.0250072008738296, 
0.0338201902531365, 0.0360693629949298, 0.0290757372349981, 0.0199854874739862, 
0.0194108368704371, 0.0243110135287195, 0.0257296794744047, 0.0201328867102708, 
0.0307276889056122, 0.0398668004346828, 0.0226482869149308, 0.0244288832750174, 
0.0239121646144411, 0.024753646624253, 0.0291653420293683, 0.0263851337646497, 
0.0256767390594644, 0.0356976146267869, 0.0350011806879507, 0.0305595278669235, 
0.0245018001844954, 0.0247462534280211, 0.0273433592622525, 0.0322383935105385, 
0.0351665399872223, 0.0277215043594982, 0.0296233390567504, 0.0248087179602629, 
0.0227242765677205, 0.028085027911649, 0.027947719391603, 0.0272656001048512, 
0.0317235877131307, 0.0307373477963641, 0.0241024756668251, 0.0333786766899401, 
0.0232384345942388, 0.0276344803781109, 0.0307775441636981, 0.0235600669130396, 
0.0276729454252908, 0.021571528723122, 0.0351922231945034, 0.0262196895224629, 
0.0220246555303302, 0.0340479524080467, 0.0294855320368436, 0.0254247490440563, 
0.0309389367642551, 0.019154723655469, 0.0242563021976254, 0.0360915518642355, 
0.0321276703407424, 0.0263056209875999, 0.0299479796900156, 0.0211115961660278, 
0.0330594767272567, 0.025617821237325, 0.0231984574679135, 0.028132642253528, 
0.030064883641918, 0.028092804566168, 0.019438371089857), dim = c(100L, 
3L)), MSE = structure(c(0.14205152766812, 0.0267405118202435, 
0.261639715065048, 0.178570011541085, 0.148656906931946, 0.843651420995173, 
0.202892975263852, 0.203756446022568, 0.0822120929511242, 0.726142081037048, 
0.190791868808528, 0.0840377978255481, 0.522576456235801, 0.132963428651046, 
0.0503347760155012, 0.151749244474257, 0.0482945720996432, 0.183132112162679, 
0.0944053962289202, 0.0364903218565456, 0.311302243434828, 0.496540970287839, 
0.0650330996336285, 0.0497470287309002, 0.0393063391682745, 0.158383251690129, 
0.094006332518296, 0.0338448867457527, 0.167363620178364, 0.0756364784151427, 
0.0407135684911017, 0.137045415358142, 0.116522804494344, 0.626067514112304, 
0.0962692080712102, 0.651136219176465, 0.0597190486689777, 0.121848367644203, 
0.220723616374452, 0.0440714017433624, 0.913634362915967, 0.34478074107316, 
0.714022002344253, 0.0976243015012635, 0.361764219894261, 0.209557798391488, 
1.25095254763167, 0.034417212773225, 0.42543524875053, 0.663857671876142, 
0.0677780456924711, 0.0337458728953232, 0.0514460908711854, 0.221599783128815, 
0.642530314632326, 0.297598865625482, 0.276962635844007, 0.175723028115962, 
0.532401226594429, 0.898541268866179, 0.109626187703048, 0.0602043351101311, 
0.287383802365811, 0.231812474795435, 0.115385964619324, 1.34238689871328, 
0.0917233748751487, 0.569578027819873, 0.0479822628556421, 0.0660572782734566, 
1.29979848123494, 0.0433429189287374, 0.100432634478847, 0.0237329234406273, 
0.0682313150302404, 0.0699196927476693, 0.182567435632683, 1.07143783859227, 
0.291316754404001, 0.394988302863749, 0.398126998983983, 0.289491483078154, 
0.0599934909801807, 0.577069218941963, 0.122575023290126, 0.0460712203597138, 
0.630346231210632, 0.176176480741138, 0.109640237275222, 0.264838706371411, 
0.0435534154789724, 0.0938661274144199, 0.168134442020985, 0.232706334174654, 
0.40497804690336, 0.313563493887568, 0.487500715788974, 0.289504831176428, 
0.094272711157982, 0.0578590942200005, 0.147500304325442, 0.0275364356753859, 
0.267090744844035, 0.0437932794963096, 0.153150100180332, 0.799990176727072, 
0.151661915341834, 0.190675359069071, 0.0634632511283505, 0.656630489758498, 
0.151444736460584, 0.0817785476447502, 0.462967252611743, 0.128690285967615, 
0.0321677059798756, 0.145683768593312, 0.02350249513558, 0.0896578274670987, 
0.0796638226292302, 0.02419158981963, 0.197590345761231, 0.501044124177925, 
0.051790289274602, 0.0368891834607458, 0.0276188921362034, 0.13820748287315, 
0.053441768001719, 0.0290240391296432, 0.147297148678661, 0.073698732307682, 
0.0262351613646638, 0.152876590398896, 0.0613508187414011, 0.646841318299401, 
0.0386749018147746, 0.562468238199772, 0.0490444001775401, 0.114078299501175, 
0.17527718396419, 0.032621443318047, 0.867513593766339, 0.403493952443323, 
0.720448939351752, 0.0927480865544294, 0.302753038790463, 0.206476085560381, 
1.06485975148386, 0.0229120192508652, 0.447227979198355, 0.612933842630619, 
0.0553543899991361, 0.0284673553614965, 0.0430242231614536, 0.193302984787194, 
0.6378263553033, 0.275076666523515, 0.247136796583002, 0.182850501347583, 
0.555456224059966, 1.00203031354759, 0.0660778074889156, 0.0457227761033482, 
0.252530924480223, 0.203010079926704, 0.0930183065647772, 1.42535256264712, 
0.0813926789204728, 0.585317109309361, 0.03383496907473, 0.0327663876443273, 
1.23219656431984, 0.0244891702701874, 0.0766332718829052, 0.0198959845784809, 
0.0655859171668783, 0.0372046366179852, 0.16993985100668, 1.04039661347714, 
0.319505424569419, 0.263282160745238, 0.362143647751027, 0.25352484764756, 
0.0411890990406958, 0.586894157083912, 0.10043565665721, 0.0331956412458425, 
0.714654445109791, 0.184209972621757, 0.0846020829287206, 0.260638208167609, 
0.0358240437196796, 0.079234021854574, 0.186032248564947, 0.141903446007856, 
0.409073698982087, 0.286704374339557, 0.491033548028802, 0.29262620354918, 
0.0568870056364315, 0.0317159185731082, 0.14299765823898, 0.0338126488964163, 
0.266829172227679, 0.0450654745707476, 0.149623856690949, 0.777798302848643, 
0.144714351006997, 0.191196811472113, 0.0513030786083617, 0.650542302381276, 
0.152721177949727, 0.0797997795944881, 0.458426971947381, 0.121024944797894, 
0.0378276830226969, 0.123003705431508, 0.0227801306607524, 0.0845090880250481, 
0.0932052381022291, 0.0208937776431975, 0.210551362165751, 0.516142342376781, 
0.0479721783150073, 0.0347994080985872, 0.0308167413094815, 0.155387089987525, 
0.0558707515005557, 0.032257555969852, 0.156691260198148, 0.0721379902888186, 
0.0257211168824841, 0.14732457858738, 0.0576240329543678, 0.636423664174836, 
0.036707399755, 0.559562861811163, 0.0466050177429145, 0.117492023997087, 
0.219124003912207, 0.033339984146245, 0.850617805115226, 0.399179912638957, 
0.750848026691152, 0.0925223192044653, 0.317915447366831, 0.208486049396218, 
1.04422685505799, 0.022437596287142, 0.465781635807427, 0.670483390560961, 
0.0570944660982742, 0.0304009698892371, 0.0416712945786092, 0.188698258649312, 
0.652542105018877, 0.273584989304071, 0.268796547030385, 0.16703226854011, 
0.568720427160875, 1.03412586297987, 0.0627004527426801, 0.0518127348461879, 
0.27038304926824, 0.208434818185894, 0.12081100815657, 1.45519358274386, 
0.066972680771932, 0.60268165690307, 0.0361343560838934, 0.0347881271917037, 
1.26493157694238, 0.0252979855490866, 0.0773470740658205, 0.0248772150914213, 
0.0616716230521961, 0.0408532520824234, 0.180139221296834, 1.04034665116519, 
0.324083505632658, 0.265247780656341, 0.347590028231356, 0.241569085228252, 
0.0400932489730447, 0.567043014072712, 0.0897302624355489, 0.0334913226309286, 
0.690840785650651, 0.181930927997488, 0.0885223064544868, 0.261759635166752, 
0.0370075420784557, 0.0671604491611132, 0.188982813805265, 0.132893331842128, 
0.429418925782421, 0.277364926631581, 0.509455145223436, 0.313268607192753, 
0.0559264560866669, 0.0389499553367316), dim = c(100L, 3L)), 
    Time_all = c(elapsed = 0.645000000002256, elapsed = 0.918999999990774, 
    elapsed = 0.92299999998977))
