list(MSE_matrix = structure(c(0.251472714454523, 0.253341637013209, 
0.285578597835219, 0.309303488928937, 0.261245273452482, 0.270654128965736, 
0.273354502729, 0.238835839048847, 0.243835268493729, 0.271368247334964, 
0.237025177070802, 0.290880138012666, 0.267830770796857, 0.246142728972786, 
0.282216737411957, 0.263875763694858, 0.244098278625761, 0.237878278678158, 
0.249390836749617, 0.240770130576221, 0.244626567359699, 0.237757069657586, 
0.27016850744097, 0.231203651568746, 0.277607714390069, 0.275038063531366, 
0.242981252300456, 0.30798581878121, 0.236131618184379, 0.241271136558929, 
0.257724033818794, 0.248345572993459, 0.24518674879827, 0.239607908891105, 
0.26267059969521, 0.240822741908861, 0.278034528913077, 0.229989888898414, 
0.241297548751687, 0.249187968246633, 0.256129570958122, 0.245598631301583, 
0.254955117311762, 0.27531107279652, 0.2744861734428, 0.242673050767792, 
0.228437195121886, 0.247831200081055, 0.248007764576139, 0.250675581979685, 
0.242052779901199, 0.272083918566573, 0.257961524467956, 0.23956706854897, 
0.237838225924131, 0.274434019972453, 0.254967473206912, 0.237141416549509, 
0.231073652224561, 0.25142448874261, 0.261672561750784, 0.259848415624214, 
0.251249394798234, 0.258883014334743, 0.263983489784072, 0.234238770911826, 
0.241225671442741, 0.247386873893428, 0.260136122962899, 0.236150598656805, 
0.248990259835851, 0.239933326619667, 0.250954234348626, 0.252328853410248, 
0.281718288377471, 0.259996564288997, 0.262567618481019, 0.24963660783442, 
0.243625388728818, 0.245147062455784, 0.255009834903378, 0.27617224646228, 
0.24380452009004, 0.250548847560088, 0.279298220775217, 0.245025862567404, 
0.230645952457283, 0.241930042105001, 0.264207122722557, 0.276202194613761, 
0.262100455240639, 0.261445145916745, 0.250938545898502, 0.233631642041207, 
0.261302204016879, 0.258191486691074, 0.240339578955171, 0.238484002406215, 
0.235150685132363, 0.242691384875851, 0.237567643012973, 0.237825541631524, 
0.239778794243438, 0.259691093599242, 0.24232891655984, 0.253903306311292, 
0.238509187850636, 0.234268991464603, 0.238814638511801, 0.255632565821437, 
0.227769154964495, 0.261938219101599, 0.279342335553828, 0.234434071206213, 
0.261707842077642, 0.242689207594922, 0.23746048320138, 0.234398220390077, 
0.246865333764115, 0.225513100210281, 0.247003550159182, 0.232546337893134, 
0.240435745125681, 0.236307668943918, 0.265319255709264, 0.240544380136769, 
0.241055990910894, 0.268687371668786, 0.22410369901054, 0.231429002755633, 
0.241192489228349, 0.232652978653078, 0.234378952100638, 0.234355668501002, 
0.225321670290726, 0.237246828570254, 0.252338413754937, 0.225175017715908, 
0.246685680592202, 0.231096896020844, 0.235000379988691, 0.234023007977432, 
0.244734188764322, 0.264822758929423, 0.270205923788465, 0.225374226255617, 
0.231768315974711, 0.237467640454409, 0.237373747327222, 0.251110178721568, 
0.232413593887426, 0.250714059231488, 0.244234536292223, 0.235303038159983, 
0.241939257581395, 0.246086732955305, 0.243943841205555, 0.235471309748149, 
0.233147317803442, 0.236976382715491, 0.247689174026411, 0.232763507324237, 
0.258837825639774, 0.247217635187867, 0.232428352934937, 0.229728680119895, 
0.240677160462512, 0.230178740741674, 0.237213706486924, 0.232519669454473, 
0.228576368235999, 0.230943577975265, 0.24837876953234, 0.237056135217726, 
0.247679598505538, 0.233646595469194, 0.249353147400549, 0.23770449828517, 
0.23882578789853, 0.238220181712565, 0.228782774352618, 0.238201092771776, 
0.249920956746062, 0.240481180788635, 0.274347010105231, 0.235435427362256, 
0.228884721583274, 0.232203389269682, 0.245009368248923, 0.263010018967827, 
0.234590260481388, 0.231893187085634, 0.23080417497229, 0.24128120725895, 
0.255410944994317, 0.24898771941691, 0.238125114291253, 0.229340216603362, 
0.228319730370613, 0.231833167195208, 0.24321862151912, 0.234367623525274, 
0.240393440373913, 0.262967230658705, 0.244279363196281, 0.253992580622197, 
0.237012528163088, 0.231927098051985, 0.243891640500024, 0.292217466532194, 
0.23652557590096, 0.251032746311855, 0.258067844782014, 0.247483094528499, 
0.268274771105989, 0.228727039603323, 0.235778052068405, 0.24636720118658, 
0.255502941559276, 0.22436565454621, 0.239332329350168, 0.244400338988316, 
0.254000032753975, 0.229015339772771, 0.261132146456022, 0.244770128079422, 
0.250531328152958, 0.277568825516003, 0.227392250703867, 0.238917129209832, 
0.233670429412576, 0.231067202319983, 0.238104411134737, 0.228236128470029, 
0.226962318220064, 0.242702225734753, 0.248778560901919, 0.229489851982779, 
0.240796020087047, 0.231492856438993, 0.237968750671226, 0.237606797865538, 
0.233881121295901, 0.238505716659847, 0.257869935175864, 0.22107322439982, 
0.229776908188371, 0.241415202973709, 0.25219731979984, 0.259070895357033, 
0.23650367047304, 0.259251505128382, 0.256405787175579, 0.235580298458608, 
0.230694032326491, 0.251233046831923, 0.24034386359421, 0.234882199449355, 
0.230072654744811, 0.267599727889309, 0.258996484260911, 0.237235121580218, 
0.247507018249, 0.23697334035185, 0.226721262619679, 0.244614978813062, 
0.229348539056793, 0.233718844681853, 0.261689251938359, 0.24090183369983, 
0.23692363873263, 0.229326668579363, 0.240001571356672, 0.238342298667948, 
0.251772982506039, 0.242016490995098, 0.245851798191092, 0.236358544493012, 
0.252816893808375, 0.228964759479812, 0.244699921730732, 0.239838317406756, 
0.249697974645316, 0.233347009693504, 0.255373903202972, 0.230478663891733, 
0.235229130129962, 0.239993981412822, 0.243747783645447, 0.259073068805606, 
0.238030294531518, 0.23813052500624, 0.242465795244969, 0.234191385162643, 
0.268488702578728, 0.249791465344642, 0.233747391835204, 0.233700372272822, 
0.235107760959894, 0.233158467276822), dim = c(100L, 3L)), variance = structure(c(0.0187050207635917, 
0.0124816741843321, 0.0178581416878189, 0.0747655298576867, 0.0184645986690698, 
0.0259774635192731, 0.048234376611682, 0.017212589765946, 0.0289906713511609, 
0.0367101284120497, 0.0494233467634886, 0.0248221297754223, 0.0174228056043094, 
0.0137826734793933, 0.0266626913568189, 0.0784771514461376, 0.0206842606493087, 
0.0981147552616723, 0.0141909242137636, 0.0209188765978083, 0.0899446098674499, 
0.0188641513582085, 0.0175779983579286, 0.0273897871063844, 0.0271225479112015, 
0.0143488089853314, 0.0602722676199833, 0.022944887922302, 0.0238684534913065, 
0.0166893373014694, 0.0209838580772344, 0.0255068911535139, 0.0561114554505032, 
0.0191291254695803, 0.0364929402492337, 0.0171634430062066, 0.0196995912449558, 
0.0267904860602822, 0.0563905572953906, 0.0160071429722869, 0.0256503471071753, 
0.0183428229756995, 0.0240826844734424, 0.0175870524273477, 0.0204088222492418, 
0.0193864450705185, 0.0588952345077068, 0.018880197479377, 0.0291475834769472, 
0.0250906932680401, 0.0214881784438532, 0.0216321460240439, 0.0127571449994898, 
0.0180783836671145, 0.0345673493245642, 0.0291647585639634, 0.015599476624426, 
0.029036132874663, 0.0200551697090653, 0.0214873834991398, 0.0284821329696138, 
0.0260904786835801, 0.0154465985130088, 0.0256644866577148, 0.0235682353056677, 
0.0173036606479619, 0.0382270140130335, 0.020874717577234, 0.0287275439420355, 
0.0242730514615256, 0.0179030534500179, 0.0331314082209394, 0.0248944721858343, 
0.0138961582962459, 0.0136161021881569, 0.0371077704419832, 0.024334871931852, 
0.0211384708706375, 0.0197261445296208, 0.06810210804047, 0.0142952578466758, 
0.0242921710756502, 0.0240630479600374, 0.0154994635299196, 0.030187814067588, 
0.0277401459810451, 0.0225133366194176, 0.0248015022979686, 0.0318471154692971, 
0.022272306465095, 0.0231832742615452, 0.0366896386656479, 0.0223581819755972, 
0.0385647692099731, 0.0228109429020384, 0.0205923846518932, 0.0257743085485242, 
0.021224694169179, 0.0226369351095564, 0.0203844147079505, 0.0163949514196712, 
0.0105100424269471, 0.0124273609299206, 0.0299146767048192, 0.0182043291249777, 
0.0144165935227902, 0.0180003459253238, 0.00981781457030207, 
0.0193681365352086, 0.022842902137357, 0.0215928052654753, 0.0202700149996807, 
0.011168853687022, 0.0103612584636423, 0.0135909175062691, 0.0221168003503964, 
0.0122262910843236, 0.0208158306191307, 0.0104601931655541, 0.0106446174665997, 
0.0304910313852844, 0.0150209657461535, 0.00995620659422965, 
0.0179605180837294, 0.0177728128058638, 0.0104515374089364, 0.024149502088232, 
0.0139343903613224, 0.0132080164670761, 0.0128227030052142, 0.0121682918474671, 
0.0157925612135464, 0.0205763270518475, 0.0188556901541885, 0.0251435782117654, 
0.0102180304433098, 0.0103191645427742, 0.019149698765325, 0.0262582738813661, 
0.0107951797541906, 0.012672373138026, 0.0107859051093056, 0.0117442919744767, 
0.012207449487957, 0.0127844629833697, 0.0107977392208944, 0.0222707333080151, 
0.0123556185200133, 0.0152831737092409, 0.0176840338946715, 0.0125536300000909, 
0.0130047716052176, 0.0104160561780481, 0.0134363360507067, 0.0202608258049374, 
0.018406334605914, 0.012435551153126, 0.016859607396277, 0.0124300931968228, 
0.0130700569729061, 0.0153820089732088, 0.0177842497138008, 0.0106889543036211, 
0.0154492531068221, 0.0173374074299805, 0.0127060825616565, 0.0191588190229247, 
0.0111138936131981, 0.0228106972878259, 0.0141143093264133, 0.0134673118702605, 
0.0205604916720977, 0.0153833533285335, 0.0110141114507716, 0.0107632839009483, 
0.0254617391849172, 0.0132185357606868, 0.0133740899791563, 0.0101086032316363, 
0.0284498986755774, 0.0107018727483372, 0.0128499242526881, 0.0143404066913666, 
0.0118643792109638, 0.0201628713038657, 0.0172096940600369, 0.013572766098991, 
0.0216597381575396, 0.0199454913338492, 0.0183604033873331, 0.0182214731389079, 
0.0185310404993946, 0.0150139376225159, 0.0265209073792823, 0.0114345784837813, 
0.0104868263119975, 0.0169776769653845, 0.0131071298898255, 0.0117500377257018, 
0.0132707202913144, 0.015039683909862, 0.0107975102410548, 0.0135992309185294, 
0.027048851198546, 0.0143455487029912, 0.020332811260864, 0.0216487562507858, 
0.0112465868848757, 0.0186593389594371, 0.0197670565128185, 0.0202261355911687, 
0.0183149981898001, 0.0142760251854765, 0.0111845465914708, 0.0175437289464664, 
0.0200431646846161, 0.0125367648933083, 0.0230595122646579, 0.0112550362305621, 
0.0119943653158452, 0.028097606066191, 0.0122024953622215, 0.011289951807667, 
0.0182577476303863, 0.0193530577569723, 0.0114049732274787, 0.0246704132785164, 
0.0128046338640372, 0.0194598874984896, 0.0134093742964409, 0.0143494725796621, 
0.0142694658857498, 0.018515569137701, 0.0148571107361724, 0.0211821583032015, 
0.011049670011029, 0.0116346854896142, 0.0172621248476881, 0.024152950370765, 
0.0125171457505911, 0.0133251133333917, 0.0114080181939801, 0.017820098914679, 
0.0130194656057633, 0.0144151224819936, 0.0122494638104448, 0.0216888156297152, 
0.0152683519086874, 0.0166864823622377, 0.0164800005049549, 0.0149840261198422, 
0.0139763543021948, 0.0113458639493232, 0.0115246076781968, 0.02027644324486, 
0.0190952000529305, 0.0114946601567267, 0.0151045558332351, 0.0156520765997989, 
0.0123553239232562, 0.0204312114287527, 0.0198475084164827, 0.0123852585047859, 
0.0188746677439367, 0.0166901626803507, 0.0114374580109583, 0.0170916677148367, 
0.0154608734763955, 0.0187176747065083, 0.0179795007843852, 0.0145707454997591, 
0.0171290995582398, 0.0183491521695896, 0.0107276123344715, 0.0121533242715778, 
0.0214061808968093, 0.0141852418642016, 0.0171602522625751, 0.0115909471228172, 
0.0255307053543113, 0.0113067346241854, 0.0165905122156686, 0.0162771988060805, 
0.0112166377399789, 0.017580916086975, 0.0161495098597759, 0.0132960352597698, 
0.0181872027885621, 0.0202887369027853, 0.0149595855558797, 0.0176291928829906, 
0.0214450543152691, 0.0143667326055058, 0.0224398937752067, 0.0170839513848338, 
0.0118968878802534, 0.0151363275221315, 0.0160788106255692, 0.0166437345217693, 
0.0135530147513948), dim = c(100L, 3L)), MSE = structure(c(0.101419218131653, 
0.0124230123522299, 0.224092061273538, 0.0786412641486585, 0.110426384495105, 
0.852665687107872, 0.174364090325512, 0.2231046750922, 0.0600754795356299, 
0.742530915387713, 0.147928681738824, 0.0641833721891501, 0.557610771318921, 
0.130373150235777, 0.034151009148924, 0.106876498444351, 0.042349958232352, 
0.120745904739399, 0.067677358035811, 0.0280400904658388, 0.159550899027642, 
0.473365679434312, 0.0295289724568615, 0.0357925315606032, 0.0273636422993714, 
0.130046599216513, 0.0644088528103333, 0.023081467143654, 0.118941676570405, 
0.0412955195480778, 0.021080280324787, 0.0988082627317334, 0.13954932122679, 
0.558039450650043, 0.0605331526040217, 0.603314321321394, 0.0429303494886949, 
0.0979255154012745, 0.175669027026241, 0.017770170480915, 0.932696415863494, 
0.366175938675884, 0.660699396535081, 0.0714569818315095, 0.329364357610216, 
0.149512036276032, 1.1476747854954, 0.0188152464974104, 0.427788130236139, 
0.703600519431729, 0.0686335830612179, 0.0217958408949365, 0.0432010212812797, 
0.235468426565835, 0.610924497132688, 0.321588906884155, 0.264998127592728, 
0.11190700819607, 0.473426120647979, 0.892073741594614, 0.0890035392990715, 
0.0364230337273015, 0.272676629068718, 0.239349914757813, 0.124695009656428, 
1.22486823990576, 0.0493992605815202, 0.477747553788967, 0.0309908517767106, 
0.0440091446887898, 1.3711594147989, 0.0376915614117578, 0.0839149111168489, 
0.0161490283351347, 0.048507897656799, 0.0367402171146863, 0.175066913352233, 
1.11991339485554, 0.2833761970292, 0.459104873957162, 0.408184549391785, 
0.288316552418175, 0.0375739062938442, 0.56031907854187, 0.0983532672057202, 
0.0338113295533565, 0.575215384775768, 0.150667569257419, 0.0733008193885734, 
0.230611553025362, 0.0264848581079662, 0.0672228690938685, 0.142474845198137, 
0.219256516226347, 0.341937522374641, 0.297910330994405, 0.563086220674241, 
0.271192150739971, 0.083622512093616, 0.0553747216878352, 0.123819078940279, 
0.0138772611193459, 0.226437913629595, 0.0297750425241816, 0.13375508957529, 
0.827889455969778, 0.134978800685725, 0.209352609155196, 0.0431508179728852, 
0.667710373903541, 0.147743412010253, 0.0726925252310796, 0.513997205657601, 
0.121785864595021, 0.0190669777901864, 0.0892921480569583, 0.0179188443242182, 
0.0571744468939125, 0.0647052851480676, 0.0115004198839768, 0.150230230487047, 
0.469468568528314, 0.023374063337563, 0.0240425998107562, 0.0202664005702033, 
0.123725632226017, 0.0356609179289938, 0.0154990083077849, 0.111944650299754, 
0.0521735983257797, 0.0121047920721668, 0.114862253384816, 0.0666594434789375, 
0.612441653243755, 0.0346498763080958, 0.526821123073353, 0.0263822087677048, 
0.10288989873059, 0.190170345106632, 0.0157967826727641, 0.8523876657329, 
0.411182301314798, 0.651909762978905, 0.0677560509958868, 0.300870993575702, 
0.151946899406183, 0.931043981387661, 0.0123071613591517, 0.410294603985593, 
0.674275295947777, 0.0512396934277037, 0.0132172958897598, 0.031425480902152, 
0.209895493835204, 0.634951404689196, 0.317797772603885, 0.238518384197966, 
0.132502430474891, 0.487160029685705, 0.980162518398665, 0.063452397154662, 
0.0339418977378398, 0.250977002612324, 0.205474735969109, 0.115488234288243, 
1.32537724777519, 0.045182836113235, 0.501391490104652, 0.0297271007603928, 
0.0258920663866542, 1.26914773623751, 0.0221441823535355, 0.0634343948012517, 
0.0109159576584194, 0.0464479436676426, 0.0303871224539083, 0.172674772432706, 
1.05797282670017, 0.323487743363524, 0.307567592951045, 0.356789700900618, 
0.279205273587854, 0.0222302543968703, 0.578129910753776, 0.0843931177819636, 
0.0170962950213724, 0.664535768284414, 0.171517170116035, 0.0753857476238801, 
0.248909536663775, 0.0267692591620155, 0.04569843135844, 0.151925301662238, 
0.149995359763675, 0.346807618721006, 0.251835720135362, 0.527523498762696, 
0.284539469927394, 0.0619342607122355, 0.033987640677737, 0.122096384564286, 
0.0162324655419249, 0.234099213200767, 0.0280264389680114, 0.128822672792226, 
0.825443530778363, 0.131737811826956, 0.210858309109173, 0.0388313814617721, 
0.659842099501647, 0.146760197380451, 0.0717860754207026, 0.509209825043999, 
0.113635082610456, 0.0255428154587241, 0.0991353875863149, 0.0190416264289507, 
0.063692880863134, 0.0719710485872065, 0.0129741738961141, 0.165407954162569, 
0.484539116237098, 0.0246054942436086, 0.0218903029719601, 0.0223474874869181, 
0.133489189549422, 0.0365352599667335, 0.0150451658597883, 0.121261737437796, 
0.0509155288140426, 0.0142223699954016, 0.126104264354817, 0.0565839361007115, 
0.607228513708134, 0.027463861846693, 0.526351312585324, 0.0274028629323953, 
0.0983680429985227, 0.197847278067926, 0.0162697312995178, 0.864841729271823, 
0.412996344647331, 0.672559476817622, 0.0715423988055301, 0.31008593037102, 
0.152238305974358, 0.958572936872778, 0.0151157205218348, 0.43569768571414, 
0.692658079253724, 0.0541400784148039, 0.0141313356180842, 0.0300231189515983, 
0.192803079342421, 0.629010213547386, 0.299625196603673, 0.247862705846246, 
0.142500768389624, 0.503968561133666, 0.98971503584124, 0.0693433782966081, 
0.037965168459122, 0.260632075642967, 0.201706172610024, 0.12257716168913, 
1.37108646827228, 0.0485362927382296, 0.511564256495445, 0.0262627879008175, 
0.0303425962815435, 1.27406511693071, 0.0175661334055112, 0.061782578131686, 
0.0108391837833257, 0.0456368810366583, 0.0301521063657988, 0.169647853563474, 
1.04566991606331, 0.324507559709547, 0.276579003060516, 0.348957398119603, 
0.268420362925422, 0.022003885677391, 0.558669880908578, 0.0749387538858765, 
0.0161054659897271, 0.651956902123857, 0.170048856660045, 0.0774006438302383, 
0.240529690202633, 0.0266277876933691, 0.0529369872455863, 0.16571935191752, 
0.131203432922146, 0.359970540786837, 0.253239207089278, 0.512395990146532, 
0.30110635516575, 0.0656458181052848, 0.0370117283090546), dim = c(100L, 
3L)), Time_all = c(elapsed = 4.88299999999936, elapsed = 1.92899999999804, 
elapsed = 2.0350000000019))
