list(MSE_matrix = structure(c(0.251472714454523, 0.257334276960652, 
0.245786846185834, 0.261159648148776, 0.251570946432879, 0.246862760739348, 
0.270239999187926, 0.250433404371141, 0.263891259416098, 0.260305266930014, 
0.294994404339748, 0.242693464942895, 0.247228791595885, 0.268781809091091, 
0.228414160382595, 0.273888320628595, 0.261540278598776, 0.246421707774324, 
0.252097344247613, 0.230167795264044, 0.250805502436556, 0.270594406917368, 
0.245910631253616, 0.260549897556645, 0.275151977375657, 0.242614397904254, 
0.243915409454838, 0.294710648406949, 0.254370069825703, 0.248172580224318, 
0.25057415363975, 0.238454331329289, 0.237226047803052, 0.252517762076784, 
0.282518837988323, 0.257497623792202, 0.242709024469247, 0.246424048991295, 
0.251417811497169, 0.274424286867259, 0.263145528781182, 0.244692426982845, 
0.257384669220508, 0.250281538719751, 0.240152396607384, 0.241320281429905, 
0.230481373735645, 0.233340590129005, 0.230602629507418, 0.266625126817899, 
0.264747714181132, 0.263622199364538, 0.282000400528779, 0.269081848662219, 
0.263643873827195, 0.262242695600478, 0.246080336213316, 0.245931621634325, 
0.238919930927959, 0.28820049179464, 0.240027600336081, 0.262971508847428, 
0.270382334109406, 0.231220418433004, 0.260036359284136, 0.239510405672035, 
0.295929197116654, 0.250055032843474, 0.279975497175312, 0.242258106932003, 
0.255689243502944, 0.247303882371661, 0.270054234673162, 0.267033040044306, 
0.239398850237224, 0.236650636121303, 0.242859780652415, 0.250460934824555, 
0.252318106733226, 0.251688267471681, 0.253425432237535, 0.255751568360972, 
0.251248262905943, 0.27458749750158, 0.266640730626373, 0.262342308163572, 
0.278087289984041, 0.255232975142432, 0.290315430987049, 0.261650260789888, 
0.258906845380876, 0.234563065386636, 0.26345797572291, 0.256800013951608, 
0.239647191072816, 0.248800896976175, 0.266762218773631, 0.244840373753557, 
0.26749778295879, 0.255830816701994, 0.240867408881885, 0.254878489530638, 
0.263654748690299, 0.247124259503546, 0.236440125129337, 0.242440325499908, 
0.242434784022831, 0.248149681192105, 0.263942692634544, 0.252167335969207, 
0.25598934594263, 0.231429279477673, 0.240914077433408, 0.269866716925451, 
0.227384233732256, 0.262090465216467, 0.267498953025142, 0.240012624312479, 
0.245883430083355, 0.226616354321643, 0.245173590053155, 0.250198692680439, 
0.244482281386062, 0.261407037057318, 0.289671254522536, 0.241309884237942, 
0.243295030334837, 0.253346885025525, 0.264117608825666, 0.23739697756014, 
0.247899530114606, 0.254279572892783, 0.240183339338237, 0.234733925200928, 
0.25129066313803, 0.229730758670199, 0.23953792309159, 0.242575919538418, 
0.232739933600524, 0.255578600478289, 0.254060610383034, 0.236486392535781, 
0.244483200378851, 0.258438274840852, 0.26092359940887, 0.255179346222522, 
0.249931974620832, 0.225457375446844, 0.243264251112709, 0.241966220614351, 
0.248756971988511, 0.261960760236571, 0.234768442589385, 0.253355014141016, 
0.235562541501961, 0.243110478625112, 0.233789035407733, 0.239123750869852, 
0.240885547952829, 0.23657955050908, 0.229931819309534, 0.267182859297644, 
0.249031155676949, 0.274371590465339, 0.234503905663674, 0.239621789682333, 
0.25437947743182, 0.247344558053263, 0.278195715415485, 0.234156150760006, 
0.256963805072934, 0.239484183957671, 0.278755905169262, 0.241939974940363, 
0.231458147491218, 0.222212236907145, 0.228364707233232, 0.243090356598637, 
0.243739489114676, 0.250982693618645, 0.233616592350365, 0.241136183137299, 
0.242687495581124, 0.266741497826366, 0.250361895023597, 0.246668868521866, 
0.247081479032955, 0.257730704853807, 0.262653474603242, 0.245922950963441, 
0.253924123634481, 0.242177699802815, 0.27216718933071, 0.275940351372046, 
0.240309457052108, 0.245347858669702, 0.238039734641795, 0.24779595802885, 
0.262682176534088, 0.255601908616729, 0.230294159648904, 0.248418504526403, 
0.27973276645712, 0.257020959196666, 0.262532978902403, 0.238773240330128, 
0.233288592717694, 0.237511389489475, 0.254770025405919, 0.229607236312398, 
0.247505766097063, 0.238672118740589, 0.247956667026513, 0.240346302786699, 
0.23695007813285, 0.259099365812159, 0.254540629340065, 0.235294463651556, 
0.238979056567058, 0.229124200246388, 0.250308116089056, 0.255929159288155, 
0.25099278615932, 0.262686726126726, 0.266236086217533, 0.242234603029675, 
0.249844099059974, 0.241228689643548, 0.2426263275485, 0.2443678546423, 
0.24779967767775, 0.238965802508059, 0.232305050164308, 0.258635580917649, 
0.266937963461053, 0.259599211060407, 0.249094808978812, 0.252237778374359, 
0.237856793107208, 0.266695679324391, 0.24314798760957, 0.234857230854364, 
0.252312381140772, 0.252799315318542, 0.265150557203855, 0.247708529294907, 
0.236643235074179, 0.219918589682428, 0.230134726135744, 0.243366015504933, 
0.243107350859562, 0.242131532073055, 0.242631627258488, 0.270130744071379, 
0.256438100419606, 0.257823245414001, 0.23272746959779, 0.226009368337911, 
0.246766105442735, 0.278267230299302, 0.246531432688389, 0.266459762196882, 
0.266385560823057, 0.239664288476646, 0.228634661537485, 0.23532258084579, 
0.286221078392356, 0.228383144345477, 0.283569591883098, 0.236707559772424, 
0.26145033826168, 0.253987671755604, 0.249062968588595, 0.234799152187551, 
0.246380375114714, 0.227318561766884, 0.239147192320557, 0.22862704182849, 
0.256699737413447, 0.246558924132113, 0.236618909395517, 0.241997773392854, 
0.235374057886781, 0.264288334324139, 0.284456944249653, 0.269573038711256, 
0.246179559488149, 0.256324347980881, 0.265033265352958, 0.246971178459243, 
0.257924768637221, 0.238331437019172, 0.236097630965646, 0.24066209910191, 
0.238549969844001, 0.255645077531598, 0.26886032383974, 0.235433726692698, 
0.266993912282198, 0.24175673329863), dim = c(100L, 3L)), variance = structure(c(0.0181986425195865, 
0.0235831896654328, 0.0193464988879437, 0.0685549354528603, 0.0216753825743803, 
0.0298660372087023, 0.0447339754577534, 0.0208068175005299, 0.0288572178093237, 
0.024840568656932, 0.0347673030785085, 0.0209157973828191, 0.0185771618905692, 
0.0252405350395063, 0.0237474572892238, 0.053212921322064, 0.0207588747405619, 
0.0935030695603805, 0.0255373286266895, 0.0179593095797847, 0.076675996656461, 
0.0228994558260365, 0.0208806565300104, 0.0222743066083057, 0.0162944958148504, 
0.0257385034695463, 0.0553461124314328, 0.0223346937864332, 0.0269758065233259, 
0.0217627060410227, 0.0274873815045522, 0.0311407155836387, 0.0396484182599263, 
0.0216869929077677, 0.0326492728220574, 0.0155511131531272, 0.0198874520499282, 
0.01808968838313, 0.0594714285888723, 0.0269741287266884, 0.0202914220263716, 
0.0164827697694837, 0.0200212286694944, 0.0205978028147547, 0.0271233341520946, 
0.0233499092335072, 0.0597989925989384, 0.0294201977350411, 0.0269789143196148, 
0.0238377287023584, 0.0264255658757161, 0.0248573369526789, 0.0212897814941201, 
0.0225595574517575, 0.0221359910115511, 0.025441184058928, 0.0237433372098571, 
0.028717790347382, 0.0158089877812602, 0.0225379871350441, 0.0309725616462715, 
0.0213853545625218, 0.0251793166124625, 0.0211915489370943, 0.0247754415441245, 
0.0217685340175449, 0.0291815233251278, 0.0198859354424157, 0.0291951042376264, 
0.0255367661575466, 0.0202440619168891, 0.0247273738859027, 0.0236859563242483, 
0.0240839518547412, 0.0210607255630482, 0.0325577473879899, 0.0220996611499342, 
0.0252148289285574, 0.0177142380256519, 0.0635310454474075, 0.0215639618399428, 
0.0191708471984274, 0.025945307739838, 0.0244449754218875, 0.0238812504775788, 
0.0195648675064441, 0.0236177479325567, 0.0250383394192696, 0.0255682133164724, 
0.0202104589102772, 0.0167153497880945, 0.0285533587638757, 0.0286027194194658, 
0.0350842093592022, 0.0191568705868755, 0.0193050874469679, 0.0224734175725817, 
0.028813560734703, 0.0219192914974655, 0.0278662949289559, 0.0133885613655636, 
0.0181455378047719, 0.0157070364133815, 0.0346440476478997, 0.013934277776089, 
0.023181364803389, 0.0274971296820389, 0.0171005155840263, 0.0233043566175399, 
0.0228271984298737, 0.0263590908962752, 0.0126662131981087, 0.0182574485819836, 
0.0203112452773928, 0.0212056134208023, 0.0281714947282286, 0.0153269312033347, 
0.0309300982105508, 0.0204360030410607, 0.0126798012763152, 0.0347963780599186, 
0.0153032610731653, 0.0171875768138544, 0.0191559105752932, 0.0127644203941593, 
0.0207369632060872, 0.0301049803311738, 0.0183509187016466, 0.0220682619686856, 
0.0173742774070165, 0.0207654968328872, 0.0231066226069851, 0.0262431503451726, 
0.0139908314547812, 0.0274791057135081, 0.0138039517908075, 0.0134618083872135, 
0.0203404862356866, 0.0289338449872498, 0.0214066722015452, 0.0149810950655316, 
0.0147514045445957, 0.0196236320150644, 0.0158094246366332, 0.0210296973832141, 
0.0177042492298778, 0.0282514664825527, 0.0212347442890265, 0.0230605249645257, 
0.0210349562686962, 0.0202055363607053, 0.0168114914091139, 0.0188021338837844, 
0.0145800747960066, 0.0238898307418653, 0.0209063211134785, 0.0181544339395753, 
0.023017845345497, 0.0165974143349763, 0.0184165058622725, 0.0236945358875669, 
0.0209115261226617, 0.0216606035559263, 0.0161127940276183, 0.0215226074134099, 
0.0137285248622882, 0.0239950557716335, 0.0197857017975656, 0.0179637867506467, 
0.022533238349956, 0.0163131044103314, 0.0222176590752817, 0.0201193169208631, 
0.0171710906729873, 0.0199328133247542, 0.0268511376488595, 0.0163152095666549, 
0.0181403707289593, 0.0123797127501219, 0.0292874124327227, 0.0182457296648086, 
0.0182068459837141, 0.0235588608610968, 0.0186898906904871, 0.0223667128215913, 
0.0154208481196151, 0.0173212975785166, 0.0153432400416833, 0.0240509050291848, 
0.0178556849243883, 0.0119866447129948, 0.0242467431231873, 0.0216466983953132, 
0.0287321666037413, 0.0197757216819455, 0.0130149404776865, 0.0211430085218131, 
0.0217335320656141, 0.0208011200913879, 0.020448600128365, 0.0146479452417723, 
0.018839244412706, 0.0174464276979077, 0.0276776501034817, 0.0135278692699078, 
0.0219953856938443, 0.0272709413796101, 0.0189679454347337, 0.0278709621069851, 
0.0213173899219654, 0.0271948912847064, 0.0140203434921891, 0.0188461242501747, 
0.0193058178969905, 0.0192844450471631, 0.0254576646931303, 0.0154379030507899, 
0.0296624633264013, 0.0193931172808633, 0.0161126830999864, 0.0290177252386302, 
0.0145441991912636, 0.0188058576451054, 0.0184357643532226, 0.0146569638631569, 
0.0194723756639373, 0.0246660091639172, 0.0180379005093717, 0.0198644401623603, 
0.0183409789348845, 0.0187513016622962, 0.0208430696329453, 0.0237065241675562, 
0.0136540824322042, 0.0218143076851214, 0.0155503481911734, 0.0179730400012719, 
0.0171181457854969, 0.0270167595597128, 0.0198924935148064, 0.016663449177253, 
0.0153939793905251, 0.016714572484354, 0.017176312063332, 0.016842785670701, 
0.0190856229932099, 0.0232692843117719, 0.0181404893387028, 0.0211021287206365, 
0.0210511076089638, 0.0183913245351521, 0.0206697192871356, 0.0179978782713143, 
0.0157986204127293, 0.0197061844861905, 0.0188558339861459, 0.0178705692860303, 
0.0206575394415281, 0.0176669584211529, 0.0177290010723242, 0.0220540570481645, 
0.0216152335566195, 0.0189581791240406, 0.0171446368348237, 0.0234698000733099, 
0.016615878905872, 0.0218406979284266, 0.0174277941477376, 0.0193908042623677, 
0.0198395503619173, 0.0179207887954657, 0.018178053667708, 0.0206612813053439, 
0.0187496577202966, 0.0181139068635186, 0.0223603710133379, 0.0191084664049092, 
0.0182318878932015, 0.0166765773881546, 0.0273764749549737, 0.0177468847167921, 
0.0172458954803964, 0.0249091647109626, 0.0183500620944159, 0.0198088618753349, 
0.0171142128163358, 0.0163283107631995, 0.0165463198012199, 0.0246794648908025, 
0.0151633045679361, 0.013752575384421, 0.0194220125424502, 0.0200694327013011, 
0.0231679892565156, 0.0166428224826489, 0.0174426297604768, 0.0194531016911865, 
0.0215461319508676, 0.0173000423669435, 0.018010659714651), dim = c(100L, 
3L)), MSE = structure(c(0.117287884476443, 0.023448581849617, 
0.232822075538297, 0.0731921739707748, 0.138790938690229, 0.801403652780631, 
0.151502108700944, 0.213690702430658, 0.0493023517185015, 0.701082540844322, 
0.12267302998882, 0.0835384511203918, 0.521553901967175, 0.132546590195513, 
0.0349561149979036, 0.0872599619659403, 0.0459731937913613, 0.126697728854039, 
0.0856876652689255, 0.0257619165497928, 0.143678437130845, 0.462150133308203, 
0.0356778877595767, 0.0340820298691046, 0.0189810041160597, 0.151780218863822, 
0.0563200338636235, 0.0243200755355808, 0.144242783285052, 0.0469686217786044, 
0.027906294682804, 0.113542201483897, 0.11270709015075, 0.625587680320806, 
0.0550061865479371, 0.618088531266804, 0.0462662173434687, 0.0965656053729573, 
0.19062904006193, 0.02747259456855, 0.922571377435564, 0.353011729528271, 
0.709633545442871, 0.0784588860798204, 0.360221757404878, 0.176610767088087, 
1.12027363772582, 0.0292076453561001, 0.443389869449188, 0.744900212022643, 
0.074799858968552, 0.0249036966139059, 0.0512364814010429, 0.243010680499089, 
0.592447170085742, 0.334901517362856, 0.275087310959494, 0.124999427864909, 
0.493829613891568, 0.846028075989381, 0.0780123839488366, 0.0319891616418301, 
0.29983210348743, 0.218041634469278, 0.147314866634796, 1.22616933743427, 
0.0458605993819918, 0.532351440403329, 0.0388542168770528, 0.0365725955254368, 
1.35645529851643, 0.0286188983765335, 0.0781928716277213, 0.025801385098584, 
0.0520614234732453, 0.0322485129427549, 0.18005590305307, 1.09250313377512, 
0.275018761800234, 0.441294842354834, 0.423763149109978, 0.265568485561005, 
0.0373470933868394, 0.56019293695652, 0.0845709403981891, 0.0299306413218202, 
0.553503596907348, 0.192873479325859, 0.062767590742274, 0.251010399773731, 
0.0260457184373188, 0.0657708392351786, 0.157770238165355, 0.212728023226332, 
0.382515737520095, 0.30231792070042, 0.519560796408231, 0.295711367540783, 
0.0637593230646777, 0.0749295561443694, 0.132802319572143, 0.0207648873694043, 
0.246884705259845, 0.034810675049766, 0.147166073457386, 0.764645516407326, 
0.116467828980499, 0.199952417516773, 0.0405713380438694, 0.603311476895435, 
0.141089408829119, 0.0756219142912847, 0.486026863564342, 0.135862892363705, 
0.0341404622561144, 0.103775998652571, 0.0245068683009704, 0.0848105696061071, 
0.0715899967060012, 0.0146993719094952, 0.161698115068352, 0.446662762340661, 
0.03516707005322, 0.0252808718774305, 0.0166601858290775, 0.129454929313557, 
0.0502515935739152, 0.0191103917100216, 0.147796994467742, 0.0618823378810473, 
0.0209779278365244, 0.136197810127621, 0.0655974162381245, 0.649689727704939, 
0.0350314674297128, 0.558971206840021, 0.033705277353253, 0.12290431630011, 
0.205382147855966, 0.0275579982378453, 0.874218307154538, 0.390646282372387, 
0.722353487440477, 0.079633859544403, 0.335010425006531, 0.175735989665846, 
0.94409486313841, 0.0211796822855745, 0.463888334836611, 0.713457988633569, 
0.0531658674181566, 0.0174047571220352, 0.0422683132898572, 0.221169406523548, 
0.687299459046302, 0.319368405976219, 0.233655978552357, 0.150564812789498, 
0.528279921805017, 0.963580743824159, 0.0584864480405916, 0.0359848766402297, 
0.254016974704871, 0.197517734370341, 0.135196191822192, 1.308100240098, 
0.0554121126932193, 0.554410755899373, 0.0319188401176874, 0.0287594009169834, 
1.2416170381861, 0.0231164260353994, 0.0660973094075659, 0.0170825653004954, 
0.0590372712722866, 0.0326910842274285, 0.171140821218438, 1.03266378716686, 
0.308382235707325, 0.303545644434685, 0.375383728031186, 0.250671835044838, 
0.029918128977485, 0.599335105033581, 0.0786468206762922, 0.0153993817002929, 
0.63430482793318, 0.189048809461071, 0.0737098933672039, 0.277427803060061, 
0.0241040652676752, 0.0469830134048065, 0.178340105480378, 0.146692278751445, 
0.397229095986768, 0.268729975046372, 0.51006506728216, 0.306883337225197, 
0.0570779708685729, 0.0495281797405104, 0.135849201988392, 0.0230370214422231, 
0.254813061256899, 0.0286165728295617, 0.146985813645317, 0.780920627332982, 
0.127044077656704, 0.204233541883976, 0.0456580871184281, 0.604517454021369, 
0.145770255166271, 0.0763941577476172, 0.478283186861783, 0.129262643709363, 
0.0351970898034316, 0.108234518506666, 0.0240295537008509, 0.0730464010323845, 
0.0739261741670035, 0.017626075373638, 0.164403217975568, 0.448224532330468, 
0.0359327241306662, 0.0243067401105789, 0.0188176133569305, 0.13273583179863, 
0.0464545472878111, 0.0198825087346459, 0.142017608685618, 0.0637594562168886, 
0.0188825008453352, 0.147670883926764, 0.0588678838002239, 0.648776317046105, 
0.0276664976384925, 0.552398067911976, 0.0359622458091894, 0.12000145332551, 
0.20924624998088, 0.0255000539499493, 0.870240389176518, 0.398063986769494, 
0.733653333998314, 0.0834606192047811, 0.326171769762359, 0.172681980088176, 
0.913161998717449, 0.0180536244487887, 0.48462832154765, 0.714954684332325, 
0.0520195232173253, 0.0207562235593735, 0.0383328703953365, 0.218144856869971, 
0.687751396729617, 0.319788041973871, 0.234052072183721, 0.156773939279913, 
0.547189282099707, 0.986639286326593, 0.0621533135850066, 0.0370617093725953, 
0.257788134522969, 0.196974922253259, 0.136140680808553, 1.32880209837858, 
0.0558395162687166, 0.558491077323334, 0.0321689712481131, 0.0276678439984325, 
1.23653318764941, 0.0186940158309648, 0.0666977018200616, 0.01856654951486, 
0.054382847729561, 0.0299788708554184, 0.178314341973889, 1.03058738408575, 
0.319893607746552, 0.290973599104728, 0.361947735121834, 0.233818209469897, 
0.0318237237535772, 0.595124493404248, 0.0735776919171348, 0.0169431533250348, 
0.636133687228753, 0.187215003438127, 0.0759633532982332, 0.27428169571136, 
0.0262125665187433, 0.0400112999130514, 0.19365173334194, 0.13352849471935, 
0.402397231793518, 0.265664940132703, 0.507895210691807, 0.303861430939826, 
0.0533264202192556, 0.0454982493479171), dim = c(100L, 3L)), 
    Time_all = c(elapsed = 4.35500000000047, elapsed = 0.881999999993241, 
    elapsed = 0.906000000009954))
