list(MSE_matrix = structure(c(0.272732813009425, 0.230319260327315, 
0.238993723698138, 0.244515845742808, 0.259585409373333, 0.245995336468438, 
0.246063249557905, 0.268647546151709, 0.234096718885375, 0.248301860177207, 
0.24503239508865, 0.277346774260327, 0.257469514856877, 0.230082483231494, 
0.258890844588728, 0.262726724147313, 0.21794301804442, 0.279891103452435, 
0.24371211293283, 0.272153956213756, 0.294838485200253, 0.223138700144533, 
0.260225844295752, 0.237256649248503, 0.251535863014411, 0.27311268227024, 
0.241070949359818, 0.244512481690743, 0.242844398058654, 0.247687371695107, 
0.273785099065164, 0.286479689167319, 0.239224789758275, 0.251025294772334, 
0.285165892894104, 0.236460003463069, 0.241179087079492, 0.234576264693538, 
0.244173114097313, 0.262531543991091, 0.283260397183654, 0.267510250983478, 
0.247031059667897, 0.238558169571293, 0.243480521274425, 0.267721940130996, 
0.247766986957384, 0.249481114488534, 0.255498786161037, 0.24820800625522, 
0.245858419838388, 0.239868989109426, 0.239016781639788, 0.231447303323551, 
0.264415593638609, 0.268451350581308, 0.249493888594987, 0.244219477040972, 
0.240898700318916, 0.254500956100352, 0.258567632078161, 0.24854763924548, 
0.237278362941605, 0.227715479446231, 0.236308929387626, 0.238793589261885, 
0.233720951799854, 0.24940552232492, 0.247902570400846, 0.274084167624917, 
0.27351325940504, 0.251663975435966, 0.275757949379667, 0.241544839006047, 
0.242487672841097, 0.266207624051831, 0.26480697249188, 0.24041687911658, 
0.261926754968387, 0.255288201244844, 0.261329416867608, 0.245638980049064, 
0.257013614357665, 0.284008989357075, 0.241860447640796, 0.241559733710595, 
0.243500802230806, 0.233843559209165, 0.242712636529448, 0.239522610591506, 
0.231084218919681, 0.254966695303274, 0.235865332483171, 0.247730002909227, 
0.226110671139157, 0.248790877936578, 0.234046856601779, 0.299034635571534, 
0.237763671186856, 0.227666564856417, 0.248107523080954, 0.236671412960202, 
0.243055617764537, 0.236814732574778, 0.246878765620869, 0.260481098244545, 
0.227094005238998, 0.241455709724104, 0.223886330930034, 0.228922235854742, 
0.227367136234175, 0.254261317482769, 0.238273710128249, 0.226802725069927, 
0.247609137362076, 0.294806315532975, 0.228970224675651, 0.249111668441249, 
0.230482952838036, 0.239639303143299, 0.267612914575171, 0.226640847447984, 
0.256501158514276, 0.240397049834667, 0.241350233860218, 0.265527089889324, 
0.236266364397355, 0.255231990978862, 0.238959582956301, 0.244276822101895, 
0.245205466626436, 0.242000772351643, 0.245017916752828, 0.232902837734898, 
0.266452629717889, 0.241842029750875, 0.278418814466512, 0.227267117039818, 
0.237161790041048, 0.23622821517081, 0.259710725384219, 0.253807542089344, 
0.24916822747888, 0.23158691706215, 0.234852403313892, 0.253865939951364, 
0.246972711674833, 0.252461567979327, 0.241371989731821, 0.248052626392279, 
0.254020469221226, 0.238348806693949, 0.241661418030858, 0.226721434241967, 
0.234771339145669, 0.250615706579431, 0.233718350835482, 0.241433868170183, 
0.234236116364373, 0.274763888997914, 0.23428625064563, 0.23746829557466, 
0.235385541011589, 0.226835268139359, 0.245945723508813, 0.236538252797682, 
0.232362873156295, 0.250629830539485, 0.266303952565111, 0.246953009060803, 
0.241703199120128, 0.23737400632649, 0.249455926885102, 0.237118918969273, 
0.272459137947875, 0.257790476810154, 0.243075579221679, 0.242734244769594, 
0.241560776705446, 0.234852013723705, 0.255309250956627, 0.245927328562768, 
0.245968691546433, 0.249906136975202, 0.241056351595376, 0.229246907758661, 
0.245395092028956, 0.225651585468218, 0.24102564232437, 0.225243873572729, 
0.256186604525974, 0.247032854548007, 0.24587659506634, 0.235718265438827, 
0.243245817662976, 0.252652431783487, 0.228067219980254, 0.255780381436266, 
0.246509091951487, 0.222992128152752, 0.242025731221575, 0.229066027411535, 
0.241320931799274, 0.254758741917383, 0.23840374358187, 0.26305863260601, 
0.255667978390996, 0.266427040737158, 0.226140847831095, 0.233759284155868, 
0.241781187120032, 0.284019705573507, 0.250624633592459, 0.233003702956803, 
0.256796673118795, 0.269735353967742, 0.239632283341517, 0.266538699483827, 
0.239339995935756, 0.259309059103071, 0.267065796996876, 0.225761109631325, 
0.253638754053567, 0.249304198835446, 0.246216880883291, 0.257506431449623, 
0.236022645616587, 0.243047743295591, 0.238668064372489, 0.234453044885212, 
0.25376272917234, 0.249822228518026, 0.227515484794295, 0.243858743398294, 
0.306040711954205, 0.247070058742487, 0.241497950755488, 0.249132458466142, 
0.25258901659044, 0.249320555416286, 0.27411232243694, 0.265284525051154, 
0.248638506764994, 0.239524074050003, 0.261011145381888, 0.245812041069971, 
0.249544261897993, 0.2547193015158, 0.235213264830837, 0.248091902969137, 
0.247570418807021, 0.249629627215289, 0.239602028657074, 0.232103437433137, 
0.24377114426591, 0.246700547459451, 0.252122648448104, 0.258541900871641, 
0.24368679115364, 0.253776445635987, 0.245255949825399, 0.230530339739022, 
0.244433788249822, 0.238787911820957, 0.2337969385142, 0.252233828630545, 
0.232136694367491, 0.254364120653528, 0.256748302403068, 0.258434096820552, 
0.260683328280773, 0.269775715345936, 0.279384076147519, 0.23843320161922, 
0.24928851963313, 0.246969521141264, 0.247471641788571, 0.232446673506806, 
0.255755470609329, 0.259813411234216, 0.25003193926452, 0.234769167833732, 
0.240343978297404, 0.243733058553925, 0.230761729921192, 0.246558545588961, 
0.250025912412625, 0.234656367919026, 0.225491194917371, 0.235550069736245, 
0.23400835297304, 0.250831407947662, 0.242639002100454, 0.249921035357652, 
0.24347637951389, 0.260196225793886, 0.232407634066312, 0.238681382042589, 
0.251080980247229, 0.236044384941915), dim = c(100L, 3L)), variance = structure(c(0.0249281338040673, 
0.0138243042749593, 0.0157037755371364, 0.0735742677088737, 0.0243132924374679, 
0.0219629989608065, 0.039570165099392, 0.0156061750438099, 0.0288464042943464, 
0.0251554906260558, 0.0529805368553413, 0.0240377972937784, 0.011995975552886, 
0.017294268128052, 0.024309323565352, 0.0528384316312535, 0.0111981062410412, 
0.0880131010560718, 0.017935142704729, 0.0115154445866126, 0.0852223143493456, 
0.0226638432404324, 0.015804025795303, 0.0209377934931049, 0.0244448306298671, 
0.0179766808658237, 0.0488560662874451, 0.0175694196381362, 0.0195806505637149, 
0.0208204602186979, 0.0162389384670011, 0.0196029892321383, 0.0388586864556271, 
0.0240113716090268, 0.0251443631191833, 0.0148765847816513, 0.0144534784643124, 
0.0179921205492414, 0.067818384810714, 0.0177005128417957, 0.0121507837947666, 
0.0152858858263139, 0.0184975427888872, 0.0165529369187633, 0.0181065316476985, 
0.0156148518228207, 0.0436400242132607, 0.0186658764868363, 0.0223635584333672, 
0.0184584554064284, 0.0165534552861327, 0.0147168996140061, 0.0135122574833525, 
0.022056346077463, 0.0207394793602444, 0.0208066598690389, 0.021343090011953, 
0.0240775000125894, 0.0140344574124598, 0.0177210423957904, 0.0192164540664051, 
0.0207371055152104, 0.0160175825746261, 0.0214606750842762, 0.0207349567047976, 
0.0200506018288531, 0.0283862720376875, 0.0132385506117246, 0.0230163778783184, 
0.0149979451222569, 0.0217093402366519, 0.0154048520567875, 0.0183101567533106, 
0.016382937460853, 0.0139561730812579, 0.0214928747870975, 0.0143254403101299, 
0.0207054304565881, 0.0128100286505205, 0.0483366045237319, 0.0141852623486253, 
0.0196891815150852, 0.0189470679059653, 0.0208850459405406, 0.0177729192767685, 
0.0213961412633609, 0.0127330589734286, 0.0219860267490188, 0.0327097405324709, 
0.0198415291257949, 0.0256317942731871, 0.0266896200548902, 0.0176272073888724, 
0.0262005970629438, 0.015145035994811, 0.0133544734549696, 0.0212470865214071, 
0.0176391664077593, 0.0143766225881589, 0.017712624487478, 0.0202259329344332, 
0.0154997299079605, 0.0115233785796135, 0.0253682132500994, 0.0216670134827493, 
0.0188740583153835, 0.0218597929166197, 0.0170786626725314, 0.0169918320556033, 
0.0211864180746514, 0.0201745835164491, 0.0206322455802668, 0.0131037494347121, 
0.015249893889874, 0.0158606019304137, 0.0278911934989228, 0.0128878451367932, 
0.0244458718693165, 0.0152461251292747, 0.0150997191713751, 0.0255816534006482, 
0.0172603374825877, 0.0173504985483749, 0.0199144510458313, 0.0184399694406433, 
0.0151225426144448, 0.0190237829730938, 0.0142050935395661, 0.0176570201005567, 
0.0163181363160702, 0.0152121741617285, 0.0198576227099998, 0.0250793419296048, 
0.0219040620009556, 0.0186165023315103, 0.0174712594965801, 0.0166269840861669, 
0.0167272842229711, 0.0234191557169665, 0.0146145004887096, 0.015154800769885, 
0.0177304818654693, 0.0145819907820891, 0.011624297212976, 0.0151979600424856, 
0.015781278176028, 0.0238324406394843, 0.0147580678669221, 0.0173948124651007, 
0.0129587884737812, 0.0148529020887586, 0.0188685684986705, 0.0140497791458705, 
0.0167575499555425, 0.0159002537700249, 0.0202775415832665, 0.016733953837782, 
0.0205067933757968, 0.0116965436669119, 0.0137682020936509, 0.0197079909280619, 
0.014845166852005, 0.0148823657336688, 0.0160058777597923, 0.0141604661497387, 
0.0165828756344704, 0.0217384897901642, 0.0139752420924913, 0.0221409785548278, 
0.0179599885622325, 0.0166166095005214, 0.0145285142879414, 0.0142022838338523, 
0.0161968093789039, 0.0142385088324603, 0.0188787491649471, 0.0182728418600024, 
0.0151445109950024, 0.0159129923811193, 0.0222368089601536, 0.0137034657559469, 
0.0133164414144325, 0.0139034654947521, 0.016291628969533, 0.0135554265751254, 
0.0175321113014806, 0.0119421656470575, 0.0213234564428152, 0.0173044913482797, 
0.0181971108268442, 0.0204458988790785, 0.0148739598319397, 0.0173379683831955, 
0.0199930230480641, 0.0142603240146729, 0.0163828889927334, 0.0172971019775892, 
0.0139724591387296, 0.0152463927977599, 0.0139456151483046, 0.0206767984142932, 
0.0151557829628978, 0.0136295493229386, 0.0317998084506362, 0.0214940487198527, 
0.0200023634599653, 0.027311038045219, 0.0197957741893121, 0.0209094776004809, 
0.0220011123987101, 0.0251542857700232, 0.0199710824292791, 0.0168132534934729, 
0.0153845652137655, 0.0154007826288258, 0.0230174178099021, 0.0179865152513349, 
0.0322105159542476, 0.0155537354095785, 0.0179263867952561, 0.0321652255717356, 
0.021540310907447, 0.0196839564096427, 0.0198054501054932, 0.0191347902881839, 
0.0153644732963138, 0.0252514493805977, 0.0161103492404616, 0.017631923567362, 
0.0179056937030401, 0.0150829385751594, 0.0167561495409547, 0.0210775784054618, 
0.0214252142728851, 0.0263338517866064, 0.0192375752700776, 0.0186980551678641, 
0.021207181988237, 0.0283010156446086, 0.0146061014718647, 0.0178990752392716, 
0.0190739076521636, 0.0141740067193616, 0.0135236882637334, 0.0192235531711989, 
0.018469936173898, 0.0296484930155569, 0.0191642994758351, 0.0165338228786581, 
0.0203376409868013, 0.0160355420355612, 0.0186819607221055, 0.0142604712453433, 
0.0206494471873621, 0.0222376896361918, 0.021861648312959, 0.0186119569522636, 
0.0177166159628788, 0.0139220843704376, 0.015672110569178, 0.0192216726621475, 
0.0194838738150681, 0.0143178322116901, 0.0186025263124042, 0.0199707965771533, 
0.0195224308350675, 0.0192767822685211, 0.0157535704295385, 0.0215804043716672, 
0.0167842563788021, 0.0184271425358455, 0.0218991453694158, 0.0182553377488938, 
0.0166508639448122, 0.0144239043213882, 0.0261237360599876, 0.0187879282055863, 
0.0189047214972813, 0.0183547738520279, 0.0295677079000722, 0.0143366791993735, 
0.0130972551381557, 0.0184744315082855, 0.0180966412930322, 0.0220094379703073, 
0.01709012005667, 0.0182839491691464, 0.0206603747089518, 0.0227122053044311, 
0.0212520605420226, 0.0202464035416281, 0.0261515393550759, 0.0153116986898329, 
0.0273214272158562, 0.0145344876800225, 0.0183654495909319, 0.0174354176799433, 
0.0181295930708337, 0.0153789374673091, 0.0188569529083036), dim = c(100L, 
3L)), MSE = structure(c(0.124828401211888, 0.014355187655141, 
0.228556191100349, 0.0809082454180799, 0.140527348312139, 0.796588995380483, 
0.173369536499186, 0.21905988229783, 0.0646396388428613, 0.696396714664069, 
0.141374004139926, 0.0733312128678868, 0.505242431421927, 0.128002699535311, 
0.0327968252240633, 0.0808584049541997, 0.0312679755653025, 0.105156573516307, 
0.0743272302223068, 0.0182307876953449, 0.140770152822122, 0.435187455360266, 
0.027737144048411, 0.0265072570351382, 0.0258925817506894, 0.138014705665197, 
0.0507928812626122, 0.0174389377860108, 0.136191799812661, 0.049863227741866, 
0.0173713596133015, 0.102030314737401, 0.123612493291725, 0.619246034306855, 
0.0428628038516903, 0.566514076599639, 0.0369705038275912, 0.103397085885336, 
0.170487222216316, 0.0189154906666773, 0.951663249707623, 0.393876744292638, 
0.708619537117109, 0.0713800028818585, 0.30300371363876, 0.162833228888637, 
1.18963470149956, 0.0189958421031203, 0.424601541093933, 0.699721368348477, 
0.0723720571068258, 0.0150470332135539, 0.0373707614887626, 0.259063075304534, 
0.606760114678519, 0.292921011462222, 0.253856736315786, 0.109490958287178, 
0.505865413335859, 0.934316639481555, 0.0562394207801067, 0.0334119082008617, 
0.286761769113997, 0.222792777463685, 0.117076215701725, 1.20561616299753, 
0.0384422049016501, 0.532477467808388, 0.0277787402858364, 0.0227174842107186, 
1.34261470529961, 0.0155538671944437, 0.0703210499987627, 0.0179666475955585, 
0.0439145155738403, 0.0230047129184235, 0.155672082601939, 1.10983475846837, 
0.282943308327875, 0.411695345943693, 0.381201513431208, 0.263566339817041, 
0.0290649230246933, 0.583950875096964, 0.0757334600117311, 0.0248917192458117, 
0.565537796846201, 0.164691491789864, 0.0731445560259164, 0.262380477479048, 
0.0325617190296975, 0.0684112116714199, 0.148190155976406, 0.184272737463637, 
0.384021544189835, 0.287051130627482, 0.576805664054554, 0.278520367816266, 
0.0539497524269744, 0.0462047504683047, 0.130581970069842, 0.0188843746169959, 
0.244612192440253, 0.0281751501599184, 0.139199275864944, 0.803882608345025, 
0.137236231063068, 0.205023886197627, 0.0416945303247482, 0.667088035472183, 
0.137681538740846, 0.0687276719518981, 0.474193211401999, 0.131272980652135, 
0.0252671202306975, 0.0948030470164057, 0.0176222272858464, 0.058729130894443, 
0.065936476657647, 0.0159018383838689, 0.179933182137509, 0.458101370121703, 
0.033565053754898, 0.0226563397076471, 0.0206931140261534, 0.123001007779059, 
0.0316852531375674, 0.017172948048665, 0.129832419938394, 0.0590939484297911, 
0.0151502504871758, 0.126910417113026, 0.0715628098144557, 0.617019716809818, 
0.0235187698250861, 0.526540521946989, 0.0339073765344946, 0.104905363531506, 
0.193524512207538, 0.0208573128487182, 0.866446632587352, 0.425962507313975, 
0.704079364863158, 0.0752195943927083, 0.294140799048082, 0.170591003157117, 
0.975195302726774, 0.0147621532697143, 0.437069706686541, 0.668408286090824, 
0.053732262630568, 0.0193197558504427, 0.0358637738159797, 0.220497933798719, 
0.642066377282335, 0.294344762395831, 0.232860383653478, 0.137919733719234, 
0.530201287788879, 1.00248508053331, 0.0608032566992944, 0.0304461096661295, 
0.246254439079365, 0.204834734118192, 0.109989364195153, 1.3192862312797, 
0.0466982672574924, 0.548957569179131, 0.026569678388694, 0.0255917793071969, 
1.25663986628587, 0.0146805090938832, 0.0614137928873019, 0.0160677941397294, 
0.0536565035106591, 0.0311143184455491, 0.17079484463793, 1.05540103055361, 
0.328186753201601, 0.251216046738849, 0.359202180672016, 0.25074702917787, 
0.0211194999686494, 0.597894940003564, 0.0726513522424686, 0.0176549279242157, 
0.671685847527888, 0.160679048742407, 0.06912905989278, 0.256072060257931, 
0.0286434765453223, 0.0412554545069485, 0.167551560160729, 0.118486501212459, 
0.387536371943409, 0.260724470753772, 0.537636703298515, 0.288209023220718, 
0.0532550477847643, 0.031671813187352, 0.131623514248843, 0.0220091773937524, 
0.241948262877317, 0.0331667510372298, 0.147798387966368, 0.769335816220671, 
0.131124044813509, 0.213591043772002, 0.0459001701734352, 0.621295784744843, 
0.142101116483418, 0.0796971139585708, 0.472179701509863, 0.112685422343178, 
0.0262440397109713, 0.0846396860565685, 0.0236622798430433, 0.0735777614537306, 
0.0801022575241622, 0.0191538048230171, 0.173973957439528, 0.473335470823753, 
0.0338467625425914, 0.0234394873783533, 0.0218625081116573, 0.143238449988822, 
0.0420633755800889, 0.0203134067435643, 0.14338605665274, 0.053548262120217, 
0.0151917536554493, 0.117871442605169, 0.0718373723796018, 0.642891352817835, 
0.0313245769763782, 0.520955457346218, 0.0374041856628566, 0.116507715287789, 
0.196596261571646, 0.0170297118872652, 0.887302125567978, 0.436967239901173, 
0.728401529760558, 0.0739489678211837, 0.286107665163842, 0.180044283459328, 
0.950134399275163, 0.0196891577887239, 0.435856844400502, 0.68490926924911, 
0.0646050922689515, 0.0195870229064076, 0.0304713084961265, 0.209293260893514, 
0.666677728855562, 0.305402130448518, 0.254363313454471, 0.128990171171159, 
0.5385812351643, 1.02584257921016, 0.0517850358610677, 0.0330707444253189, 
0.27327819150174, 0.214098103136653, 0.117286309570972, 1.3688469159798, 
0.0417520791833352, 0.57063597672293, 0.0332754909119459, 0.0213205246122183, 
1.29128504073881, 0.021786874526801, 0.0709249920834628, 0.0168837380112277, 
0.045420304083823, 0.0378960773045125, 0.164598682356859, 1.0878938283819, 
0.324801640947213, 0.266008455162303, 0.339967502232006, 0.244358775445493, 
0.0287942130631912, 0.564090475440447, 0.0780264712616975, 0.0172326170883871, 
0.665095040061289, 0.187830923596084, 0.0724704235000837, 0.269537689849012, 
0.030424133963907, 0.0524510485876994, 0.16096423269049, 0.128494528927218, 
0.406925100452622, 0.268569336424838, 0.547664139378053, 0.276582012118817, 
0.046905936525401, 0.0362508414588471), dim = c(100L, 3L)), Time_all = c(elapsed = 9.09299999999712, 
elapsed = 1.01700000001529, elapsed = 0.974000000013802))
