list(MSE_matrix = structure(c(0.26260555988267, 0.236348809726205, 
0.239107436092094, 0.28018265208578, 0.248731300935945, 0.248411719354557, 
0.275130504663595, 0.24074601585105, 0.265412909637473, 0.264855265990119, 
0.279542447233221, 0.261776981393116, 0.241760031634721, 0.248962975182344, 
0.276285113536131, 0.243992942658181, 0.263002184392658, 0.247402124996318, 
0.274044291452025, 0.26492726971972, 0.255759773194764, 0.281845680136165, 
0.241942322023117, 0.248870428062973, 0.241475910765706, 0.262502862157875, 
0.275211861230659, 0.257322205829756, 0.249620894185192, 0.247779248056206, 
0.264530036682334, 0.312351975240161, 0.240715166970565, 0.23990803955144, 
0.29026038261716, 0.242785692211746, 0.301436539076219, 0.256517039554791, 
0.263812860437583, 0.25394519270426, 0.265890343255536, 0.321612393715948, 
0.26596423133384, 0.267172859337618, 0.232268236251001, 0.254794431302771, 
0.229225611414273, 0.259533404812918, 0.259761425912288, 0.256463073925142, 
0.268217925257445, 0.248603315266314, 0.23689858768536, 0.241528488483026, 
0.248722598101348, 0.259709866660449, 0.261315557647347, 0.248014700575529, 
0.253620362171436, 0.233938885351239, 0.263875144469641, 0.246473091163283, 
0.247710847493112, 0.28796115008184, 0.238103672355829, 0.246155423674658, 
0.263594158315889, 0.265324298793001, 0.254047123118241, 0.28978159848275, 
0.239144758262648, 0.312917222408706, 0.25439117834603, 0.2830381263111, 
0.268944204398126, 0.260146621465584, 0.268437254903924, 0.240127206092969, 
0.244634785202156, 0.264847600918525, 0.269968592528594, 0.296600500389612, 
0.267181742443315, 0.274636337590028, 0.26464482521323, 0.240036488421309, 
0.248293773313374, 0.243185311973758, 0.246954972484651, 0.249789489957685, 
0.23970620666971, 0.280993112168237, 0.25649876926664, 0.261972109026351, 
0.266703208432983, 0.2568360680233, 0.286454894308294, 0.276320880374624, 
0.262717431442721, 0.243356506576776, 0.255991460628423, 0.235999358036551, 
0.222624931890057, 0.248601777653091, 0.234808589417087, 0.254709300577838, 
0.243829137352546, 0.244266897504092, 0.256118057345932, 0.267714937151165, 
0.248885423447952, 0.247452118256194, 0.235850152434301, 0.232390124345741, 
0.257553470698611, 0.239498708928901, 0.256254012318556, 0.23548097742095, 
0.24482512268327, 0.264908731584885, 0.238905742642949, 0.258712251546266, 
0.233203273379016, 0.232975685714672, 0.231634606750969, 0.262433853908837, 
0.251655717936524, 0.249590134224825, 0.238012098425582, 0.238206170462686, 
0.242567212664831, 0.281942307406778, 0.242242560806116, 0.231234314934493, 
0.26434195307758, 0.244344803711149, 0.247164063648724, 0.244623818016048, 
0.2416472647277, 0.245292009290691, 0.25132833945955, 0.269657160867612, 
0.247332620773235, 0.254431611292903, 0.232122875477583, 0.25163013561414, 
0.221494013856278, 0.2579280076993, 0.247763086147922, 0.233822109993926, 
0.256078201702295, 0.239068086539336, 0.232289048777208, 0.227378070916998, 
0.238666385568175, 0.241442639485077, 0.259297790460904, 0.242656338963184, 
0.238789477610997, 0.221976024356161, 0.249729088684495, 0.234079003965028, 
0.230498278575946, 0.258445362961559, 0.223025304217741, 0.237263287231448, 
0.252217751930646, 0.241936760616098, 0.236307212330374, 0.270644549228416, 
0.22371781242226, 0.258934616820355, 0.238081631828616, 0.260744289919589, 
0.242123575051151, 0.227307351524768, 0.239722926975588, 0.242492146423568, 
0.2394082521963, 0.251852792557685, 0.265228018482614, 0.265565082156603, 
0.243360866668647, 0.272644391284721, 0.237638628536366, 0.240255497571714, 
0.234625731438344, 0.227116910951253, 0.229797101381091, 0.24084342885045, 
0.244336032608635, 0.23761871630803, 0.230493635250638, 0.253719305761637, 
0.235502968555389, 0.234931518059198, 0.2686272234764, 0.254162070245197, 
0.245057991824375, 0.24957939112183, 0.243493256908671, 0.229952025754974, 
0.231713945466343, 0.258102310516412, 0.235148165171081, 0.254575347072399, 
0.230344056264177, 0.233382558618956, 0.239679235216162, 0.261128688526856, 
0.249756118547798, 0.237050475133991, 0.241138003068566, 0.234043447093456, 
0.260831876685496, 0.238043818978396, 0.24712835629258, 0.236189000081637, 
0.237166587898476, 0.263941820801988, 0.237518023229511, 0.258832774689878, 
0.235261887573448, 0.229554637104414, 0.228609471642923, 0.249447009126754, 
0.2551020529481, 0.252497936084494, 0.238361308941843, 0.24269886427028, 
0.244464957223594, 0.298795043688034, 0.236802993609724, 0.234609094551938, 
0.26815074236835, 0.231756233846351, 0.249011989152104, 0.27032547568622, 
0.237542954438769, 0.234918589760891, 0.254235252555734, 0.262048480656775, 
0.252003035853416, 0.243272371282415, 0.22707259310338, 0.256547403831183, 
0.225335477091341, 0.255313072377972, 0.235882163699942, 0.239368240160101, 
0.260913197284743, 0.239426179589466, 0.22004834842003, 0.231275772108673, 
0.243650382405157, 0.275523206059139, 0.253061754836971, 0.242295019463275, 
0.242806828564324, 0.232318986056143, 0.258981079445391, 0.235413830398843, 
0.232810908366625, 0.263754051045365, 0.225091551078917, 0.255471420618006, 
0.249232688338942, 0.241847429183922, 0.237117415548082, 0.264728495750722, 
0.222916994950768, 0.260977284903348, 0.232492327987843, 0.252430094928456, 
0.234764109934487, 0.241280997122996, 0.244513245586756, 0.239770238788756, 
0.259688888974271, 0.260818760460165, 0.24987997854138, 0.260491292388139, 
0.246800969575678, 0.267558851407816, 0.24239802073295, 0.248684972397594, 
0.243245335886387, 0.236796067657545, 0.229541964629905, 0.248361125323833, 
0.227286478286215, 0.233629874409491, 0.230810340026467, 0.249998790596215, 
0.24576630804908, 0.229772874165907, 0.283399785358229, 0.257102697526587, 
0.254201735022562, 0.240702504862467), dim = c(100L, 3L)), variance = structure(c(0.0233875615209889, 
0.0226535329585668, 0.0249468911107333, 0.10903107935224, 0.0275488022388819, 
0.0352534750366302, 0.0559049604221042, 0.0264248661954635, 0.0312847449390304, 
0.0426913414276761, 0.0753736282493737, 0.0308660037845689, 0.0301968554749269, 
0.0189770589805835, 0.0299290135142033, 0.0508066845039265, 0.0282663959556579, 
0.113514251232761, 0.0190145973086863, 0.0268688926546356, 0.120275899990269, 
0.0288139600077267, 0.0264608705980502, 0.0346495902100097, 0.0262833264474284, 
0.0186850748371574, 0.08887990633669, 0.0292335992665852, 0.033348122074181, 
0.0195918374083562, 0.0215723150390836, 0.031283605641841, 0.0403778717537325, 
0.0283567954371337, 0.0398224956731308, 0.0266454568466291, 0.0246620252187355, 
0.0348678869948708, 0.0648518081270889, 0.0186417409030123, 0.0282508815076579, 
0.0270871153586444, 0.032566703062439, 0.0252138259365083, 0.0241696366101751, 
0.0250756572473172, 0.0649000288841793, 0.0220102756665856, 0.0317374164707135, 
0.0265931935754859, 0.0211763060780557, 0.0247173836929863, 0.022074544435425, 
0.0284037909936608, 0.0460259669511477, 0.0350703704975505, 0.0215421976729674, 
0.030862442535125, 0.0275595638238548, 0.029741894805457, 0.0381440748799566, 
0.0342298489887905, 0.0176077203363187, 0.0235607487914866, 0.0263789060310952, 
0.0289618695818538, 0.0328101238634981, 0.032061365067375, 0.0336092094722917, 
0.0313365153227683, 0.0191124683347915, 0.0276948464382767, 0.0284925486961736, 
0.0236311794059403, 0.0187651702427314, 0.037756929174085, 0.0285696681923999, 
0.0197896046727139, 0.025869635846738, 0.0635965993947722, 0.0251110404145157, 
0.0266350179006332, 0.0300042027185705, 0.0214639117822604, 0.0272904696163241, 
0.0332640233897336, 0.0286229219819189, 0.0312779601196489, 0.0502222824917872, 
0.030887162842228, 0.0268642331399158, 0.0507508150878857, 0.0275590864564926, 
0.0458918527637151, 0.0332296305769999, 0.0256049163607781, 0.029381652546934, 
0.0258267507548309, 0.0328454294761225, 0.0274077739480527, 0.0156690693554529, 
0.020864637555119, 0.0167374675580081, 0.0304619959216226, 0.0172650171506441, 
0.0231328233375041, 0.0265050543640627, 0.0151106285926173, 0.0189748575475318, 
0.0201392940327613, 0.026878896568235, 0.0165413616857986, 0.016654765362054, 
0.017622697109955, 0.0178877515098665, 0.0211243375755012, 0.0170575091291992, 
0.0294080289132833, 0.0171666878774482, 0.0178781095725595, 0.0314683508894427, 
0.0184479158401776, 0.0150177397760061, 0.0218404052096126, 0.0137766580896315, 
0.0167219478100476, 0.0250756290805505, 0.0184631927402118, 0.0213250760304035, 
0.0148996941222443, 0.0132206460068065, 0.0183004909883086, 0.0189701143589109, 
0.0174463850479482, 0.0231802133644773, 0.0157781762950085, 0.0164945699127288, 
0.0195776597917498, 0.0234687546831745, 0.0146105367959178, 0.0192954104648321, 
0.0154716951800752, 0.0179764097084459, 0.0167540902425749, 0.0134974662553242, 
0.0153672272615678, 0.027636646371657, 0.0127406076444804, 0.0186741589478637, 
0.0176066868610055, 0.013083713229052, 0.0175304025302463, 0.0194934434835026, 
0.0192372266498466, 0.0217102117061507, 0.022845512625687, 0.0164440068359859, 
0.0165669133610217, 0.0168312255310561, 0.018253001757118, 0.0227123534047421, 
0.0188501008611171, 0.0151992896783596, 0.0127341404197472, 0.017619799045019, 
0.020345172721681, 0.0167000068904064, 0.0172172835567931, 0.0192978388125473, 
0.0192777525030521, 0.0144088264904144, 0.020154420793256, 0.015547603136245, 
0.0204339410885814, 0.0170240102948269, 0.0245981876554051, 0.0202934122759166, 
0.0122283850791769, 0.0172867258303189, 0.0291636571218203, 0.0198294404589442, 
0.0166128226540138, 0.0175369521100085, 0.016789934081317, 0.0188365392090563, 
0.0192746539325872, 0.0168119487695521, 0.0182141864187905, 0.0238199732766067, 
0.0185197131799686, 0.0151626527317831, 0.0254079503412395, 0.0177350296846048, 
0.0253061036221518, 0.0178739493165542, 0.0172482176611524, 0.0149389755523254, 
0.0145204970491331, 0.0180636911812232, 0.0152278601060181, 0.0161169613024304, 
0.0162416963945204, 0.0195908831214548, 0.0281721141751139, 0.0171108248408063, 
0.0219426041884708, 0.0247054660298896, 0.0156744876586475, 0.0184109535574233, 
0.0205752149666729, 0.0273933847909092, 0.0151504813893762, 0.0209452604246077, 
0.0146311068676167, 0.0198493952355334, 0.0233380198025619, 0.0168198752625654, 
0.027228303169842, 0.0145494149541581, 0.015721874870721, 0.0290039179778748, 
0.017755355203413, 0.0154497917537762, 0.0222851836173934, 0.0148992796288039, 
0.0143810744989695, 0.026292105011901, 0.0171373155965427, 0.0211631144278285, 
0.0156732285924564, 0.0144612875584424, 0.0193602543831799, 0.0214951965056453, 
0.0171199477580999, 0.020411676242046, 0.0145928898328245, 0.0139261868769111, 
0.0206696128658377, 0.0220641581333999, 0.0140288055606036, 0.0176125011284881, 
0.0147143645132533, 0.0210106394514279, 0.0189494895885882, 0.0172794898261095, 
0.0150755456241164, 0.0267500000843355, 0.0172532648958637, 0.0196775790652881, 
0.0166684921949994, 0.0152170537561171, 0.0150794421044335, 0.0162199317311204, 
0.0171872479749071, 0.0229090512102208, 0.0229706059738206, 0.015707396176701, 
0.0189755732170578, 0.0217494956637193, 0.0170312899698952, 0.0208794622632478, 
0.0200509308494168, 0.0137255503614043, 0.0156792168948658, 0.0172051234783587, 
0.0172227112533367, 0.0195412947322468, 0.0204538490657038, 0.0161210636990526, 
0.0186182725063304, 0.0157824323070241, 0.0180144015136345, 0.0179856673087792, 
0.0162038820883167, 0.015159059956263, 0.0217362646416666, 0.0182489429213546, 
0.0162278515642039, 0.0147629282978011, 0.0261590872968768, 0.0168298744101763, 
0.0200841609236415, 0.0196014421662867, 0.0154661596701115, 0.0167752090294208, 
0.0196041931310179, 0.0169540444935047, 0.0156552914637806, 0.0242830165353362, 
0.0192593506875013, 0.0153243219612143, 0.0248414184248064, 0.0188174768154107, 
0.0224009547258042, 0.0211430814441162, 0.0146007012555405, 0.0175242181310797, 
0.0179637459338243, 0.0199429980709689, 0.0175313716738822), dim = c(100L, 
3L)), MSE = structure(c(0.105528676679701, 0.0224707172022492, 
0.252350262951802, 0.113181664852859, 0.117702405115108, 0.897793096846963, 
0.190297763186963, 0.238576231653361, 0.0637198169872585, 0.810772100012768, 
0.160808129365856, 0.0687639051467464, 0.563751654795103, 0.139284579757822, 
0.0357647078188462, 0.0797472105925988, 0.0571059981427639, 0.137065770214721, 
0.0706618091818748, 0.0374479165266457, 0.187818805772029, 0.473841455154394, 
0.0366417422028346, 0.0443780630720921, 0.0266481086169042, 0.132613809867304, 
0.0880155324574676, 0.0301153918359722, 0.117413489133147, 0.0431106661351899, 
0.0222477047744189, 0.120586703818911, 0.120739478869384, 0.56089290806708, 
0.0548918455207226, 0.60151731792775, 0.0494251187957606, 0.0979190821476402, 
0.168182802499133, 0.0199546003900952, 1.01314752910954, 0.38591648809339, 
0.653584404116428, 0.0915064977517509, 0.337184721706874, 0.154588670699559, 
1.12905704743321, 0.0218143131050074, 0.434275589298565, 0.743725006429073, 
0.0729217935748579, 0.0251565430487984, 0.0589361745132279, 0.256246277138063, 
0.578016540024883, 0.336647044604506, 0.269973802357669, 0.126165309939499, 
0.495648951353229, 0.864876654757791, 0.106741079868717, 0.0439957125785625, 
0.275560167577676, 0.231623227336259, 0.135306128937725, 1.20628702596136, 
0.0459350247037659, 0.487737741960841, 0.034291407511941, 0.0538122388822041, 
1.37882583291944, 0.0274201170808135, 0.0849974854396307, 0.0271672935993721, 
0.0573148552267188, 0.0409336261552706, 0.154848675691599, 1.10723309299669, 
0.278738340332105, 0.383054199853256, 0.445978099477971, 0.288778988901645, 
0.0426598666864188, 0.569649189303346, 0.0777813471719759, 0.0395038414325061, 
0.538998051845183, 0.149520316722043, 0.0862564860671707, 0.233140038804401, 
0.0301010190431491, 0.0913702827121984, 0.164071840564133, 0.192766555120259, 
0.346160368649714, 0.31398546022873, 0.547224621005014, 0.284795857261801, 
0.0964336907244805, 0.0674480329483732, 0.118980217493739, 0.0229453585282158, 
0.254446229033502, 0.0341747532656275, 0.128100485149783, 0.816094033225729, 
0.13854747787713, 0.213685756986648, 0.0389092338912744, 0.678924237831152, 
0.139298193585024, 0.0623376784896917, 0.496911919142134, 0.134285883638955, 
0.0277363202125068, 0.0938010358535873, 0.0249043704868767, 0.0667724928801666, 
0.0681642334728908, 0.0194818304074485, 0.191809268272955, 0.466578588958144, 
0.0284764605844478, 0.0283840880111262, 0.0153369847660688, 0.125668595306507, 
0.0360116214818204, 0.0192936816842723, 0.12899497502872, 0.0534464381574697, 
0.0131047358659093, 0.132907995471843, 0.0603056562059564, 0.598256793128963, 
0.0258558602267121, 0.528060039088908, 0.0335900203778536, 0.103516546944801, 
0.205387762283963, 0.0198932119595166, 0.904143617750889, 0.420819468212228, 
0.694131586370374, 0.0844836688327786, 0.300902770434612, 0.158990082795213, 
0.92626459026301, 0.0127064724799355, 0.447555036842395, 0.71120318618551, 
0.0535305523405361, 0.0181024179115148, 0.0448965871688915, 0.221978868625872, 
0.638184677026597, 0.32647798653056, 0.240460930929763, 0.143851575961083, 
0.527444777559134, 0.962068440272295, 0.0676754541179446, 0.0320979347637315, 
0.249037184171252, 0.208593235915475, 0.126497634721421, 1.31363909168784, 
0.0466308960799111, 0.528970987694109, 0.0234974645773805, 0.0294831886224943, 
1.27802308701525, 0.0199901942428591, 0.0665394223838027, 0.0203926020933675, 
0.0576430575035276, 0.041206099757872, 0.161565280453798, 1.06430030716332, 
0.323012547435083, 0.242209645874559, 0.384230691197493, 0.254187686573356, 
0.0260281035624995, 0.588682425329978, 0.0671138370427896, 0.0191718779748588, 
0.639540330204247, 0.155169335791445, 0.0715266703799594, 0.24845322439307, 
0.0218851919063304, 0.0504956881905411, 0.175505765499354, 0.114054013727406, 
0.376089123096863, 0.265701859821861, 0.508706716015602, 0.283897022204102, 
0.0621538220898816, 0.0381046034822471, 0.117931892524128, 0.0189789995698919, 
0.258723451685156, 0.0338034893301689, 0.126348496831973, 0.807711606909295, 
0.135098172565325, 0.215311961163983, 0.0347270970514626, 0.674373179860954, 
0.153506574506242, 0.0628537607514225, 0.497895314479327, 0.126615647561676, 
0.0294808909426266, 0.100106394553881, 0.0234266204016215, 0.0659055488836817, 
0.0688745738395887, 0.0166819594756371, 0.19974022595684, 0.477976321845373, 
0.0285812799206304, 0.0292700941111301, 0.0168411330303671, 0.127990398516139, 
0.0376644402939598, 0.0179023358875777, 0.131386274840773, 0.0522061707783598, 
0.0143174937863481, 0.134141525951161, 0.0600366658678578, 0.595873153588803, 
0.0222678527827768, 0.518888079804534, 0.0295261965607606, 0.102646247016384, 
0.218434373061437, 0.0185122050217929, 0.884955763968444, 0.426624298436781, 
0.701308057554567, 0.0873527009423098, 0.305419203211234, 0.158710181961993, 
0.921438891748808, 0.0171223129196057, 0.445022107692544, 0.71771317176977, 
0.0566717269094843, 0.0154147881672088, 0.0407699203691766, 0.210926354906379, 
0.6361232644632, 0.328906860392154, 0.247363637163341, 0.14927225083611, 
0.535491155027329, 0.958617298889575, 0.063401288902361, 0.0372711378881568, 
0.251396084916569, 0.205698127475894, 0.131295842308281, 1.33363173560184, 
0.0517903104686043, 0.53704606634981, 0.0214404027131724, 0.0278174201951436, 
1.28735173776451, 0.0178614664333904, 0.0630787764091031, 0.0160617425233935, 
0.0548219586724686, 0.0394768170121095, 0.166252270035984, 1.06078083098383, 
0.329231460182935, 0.235488383493221, 0.379057671846128, 0.257245409021271, 
0.0252722247542122, 0.574656020933204, 0.0633341380571313, 0.0195318778746964, 
0.647859734210507, 0.15712915296476, 0.0805564313326319, 0.244946545137413, 
0.0223260369414475, 0.0512437379924731, 0.17565525608873, 0.106643743986776, 
0.383432233585047, 0.255819861047417, 0.503374309473243, 0.299977789632063, 
0.0622984152767834, 0.0406641803655523), dim = c(100L, 3L)), 
    Time_all = c(elapsed = 1.86099999999965, elapsed = 1.75300000000061, 
    elapsed = 1.75099999999907))
