list(MSE_matrix = structure(c(25.0130578523917, 26.9395598456817, 
25.4575715211487, 31.2592332051321, 20.6937050506448, 29.0612891167346, 
26.9160098639765, 15.1317834237803, 26.8403006385585, 28.7280117052592, 
36.3948835779147, 30.2569404349857, 34.8458707121965, 27.6938544658606, 
26.6815147667174, 12.0470180553829, 17.7839703315666, 35.0341565240352, 
18.5755954842404, 32.4538078017543, 26.3506453226023, 25.8920778426163, 
20.3604756861631, 23.6999731539434, 26.5814563900501, 33.5238381809771, 
26.2626444839104, 22.0420485810281, 20.3065719574043, 33.9514814582568, 
24.5761774790357, 30.5148319598112, 29.8575425683933, 31.935289905469, 
34.8673176982806, 30.5505160509433, 23.895110995634, 29.6175077514582, 
22.690239968425, 24.0784287375315, 27.186698209618, 14.2848606569601, 
24.2454452882942, 26.4620051553494, 21.4792610601788, 19.2855919467501, 
30.9025414400352, 24.4539561542295, 29.4761127200797, 20.7802017455558, 
22.4322330078391, 23.8574131196452, 13.0788895654375, 27.569194284281, 
39.3132425550093, 27.671431021847, 30.0490903720731, 27.4520486024542, 
18.4594170403697, 34.4809798850825, 25.5672521492545, 32.9974288833519, 
23.8166070726545, 21.0928075796683, 30.2145668578677, 26.3431142316296, 
27.7464253096017, 32.2914119174975, 32.2315013893981, 22.1121339451627, 
23.8624316421618, 24.9282483094667, 24.245625802646, 28.2362732551167, 
24.1676606640688, 27.1565321553355, 26.2421993629708, 20.2430517617151, 
29.8945219972739, 33.0820627147782, 25.9223871947689, 21.4785731748258, 
37.4108822655192, 21.4326491903728, 17.5904540893542, 30.8971253047686, 
26.4602337996573, 22.4854894497625, 26.6256703085937, 21.9740364337498, 
13.7246162347364, 34.5398089371912, 21.0521026508808, 19.2741067434277, 
25.8313496299381, 22.3460490596065, 18.7018786987697, 19.9696830801199, 
26.7586618743719, 29.0199616258847, 26.0507190211953, 28.5042112123979, 
26.807759894211, 33.4476985735787, 21.8073867260589, 31.1676375169217, 
28.9304615662341, 17.8389710517897, 28.7885734161597, 26.5504415302447, 
38.2483581341515, 28.4680818345343, 38.6492457690029, 30.55403766501, 
27.4206663126105, 14.7664415769278, 19.4488156063488, 35.6034046197537, 
19.8374533353448, 32.7323443227136, 27.2232104643818, 27.6173688256434, 
21.434200640734, 24.9130368949041, 26.7475775162464, 35.0585855868101, 
28.4949256644556, 22.7939127137943, 25.4018679954348, 34.8537653569374, 
26.6033095889169, 32.0157772214955, 32.6028111271301, 32.5151142992926, 
36.8182775853932, 31.4022120941046, 25.6920952973992, 32.466138931596, 
24.0692940901675, 24.7341545126996, 29.1568886013927, 18.5059264733913, 
25.4557294341976, 24.662989029305, 22.1569130131921, 21.934420170847, 
31.9858612452631, 25.554753087892, 28.0937532956453, 24.030350131957, 
24.1548003440777, 26.3166275288544, 14.170190692327, 29.0405627414168, 
39.9882758620576, 29.80307987353, 32.8381917123534, 28.6892017501371, 
20.3137361422251, 37.3285201462732, 26.2491896951719, 33.6760400448694, 
24.0404556865911, 23.0352135440562, 29.3895630270101, 27.4414101659446, 
30.3750477138676, 35.0963349137823, 31.6069628903242, 24.7325414456781, 
26.0413025331171, 26.2896748582075, 27.4852100532847, 28.1007926236857, 
26.909354242282, 30.0622007836568, 29.3128713198905, 21.3511412978003, 
31.6870355752077, 32.8158114384479, 25.7132504336745, 21.6628499032641, 
36.9301013310594, 22.7979343598149, 17.860769246272, 32.7727665085029, 
29.9177952821923, 26.1863767973622, 28.4915934749248, 24.5874079958508, 
15.6320903587376, 37.4485621172006, 22.2846239938244, 21.0645597937778, 
26.6541359738288, 23.6224374370489, 21.4993476932281, 22.1398138184015, 
28.0866163124099, 31.5650354395662, 29.3776600466929, 31.1183902054952, 
29.5188850537236, 37.3015377145653, 24.8685747048392, 33.9456611314922, 
33.071691011198, 22.6021983641558, 31.2806674152932, 29.6526000388105, 
40.5218942453894, 29.8352535393168, 42.7576835758086, 33.7962518606081, 
29.3046471355126, 19.695206264601, 23.4620015316201, 37.3502720562778, 
23.0402364700752, 35.0930922143556, 29.3309811888597, 31.3126734959028, 
24.0859833321827, 27.3883947376111, 28.4992357575949, 38.3385562552247, 
31.1965443113716, 25.556284559487, 30.4867953301148, 37.3975165694638, 
30.7026672950171, 34.267044172247, 36.3183931019617, 34.1455643345327, 
39.5429836673507, 33.1642585224134, 28.3120258280063, 37.4561005495882, 
26.7024666957457, 27.70241587902, 32.9739522891228, 24.5493753384441, 
29.0999338503195, 25.9014848817071, 24.0276965661687, 26.3829825498327, 
34.194258226603, 28.5592806917196, 29.8159866804764, 27.3856430714178, 
27.9077988555915, 30.3635290252524, 19.2693050006963, 32.2948368382869, 
41.8757682128179, 33.6018108428802, 38.3709283880273, 30.9311384927987, 
23.8795895722007, 41.0715602587942, 29.3001157166261, 36.9711467748027, 
26.3747636772328, 26.3031322335175, 30.4911907445842, 30.2186216378029, 
33.2111345290668, 39.3541182255991, 32.3270336447079, 27.8696644258962, 
29.8410598872967, 28.7318485312198, 31.8275677647698, 30.740515330431, 
29.9607996507135, 33.4114070034854, 32.682995021217, 23.3362660305223, 
36.2412531088879, 35.1786622639226, 27.2507241444764, 24.149379670732, 
38.7887209602016, 26.0357864204838, 20.3539130069107, 34.2581083966244, 
33.310076193079, 30.4190974318397, 31.8248023193663, 28.841420959177, 
19.7396888394888, 41.5965892303525, 25.2268848351789, 26.5886748099465, 
29.9191319147366, 26.380654297359, 25.1954196353028, 24.4705778504534, 
31.0346156539912, 37.223871049066), .Dim = c(100L, 3L)), variance = structure(c(3.89365412966241, 
1.24919044024265, 33.428911632936, 1.82729319093506, 19.7029906980948, 
6.71473354897246, 4.06362874915906, 6.94257690862664, 6.46894813276115, 
9.313193755025, 5.64783247859483, 11.8836963640141, 1.70059559806506, 
26.7103745294367, 6.50036823209644, 14.9952978095562, 2.80154022890406, 
26.3383890957298, 2.06944406621438, 1.64257975698899, 6.02281032619233, 
1.75808366995552, 3.38730818965703, 7.68161361139236, 30.1600430513519, 
6.47132531530061, 2.51330849404048, 4.16154727418875, 7.4822939314042, 
4.27908709016128, 13.2529556606827, 5.55113216275334, 2.22040131500566, 
1.29408350855914, 5.34643722007285, 1.56490269197325, 8.15869400326563, 
3.93783637713062, 9.63026084393117, 1.96952957295145, 13.6288040583054, 
14.1788467063376, 1.85885528121649, 1.98869628627403, 6.58389133431441, 
4.63252776511761, 1.21102274993202, 1.8728961602551, 4.36584000482468, 
6.88734581464984, 1.86915937234172, 10.1778568521947, 2.55944311858424, 
8.3655622111217, 6.78398919474319, 1.52470460915194, 11.4719575433263, 
2.68865643661479, 6.76169281668345, 4.73691705667443, 7.16179329622523, 
1.42724903012726, 2.27488711592412, 1.53489653377018, 6.60137892591478, 
1.75524102221869, 1.7007480320903, 3.9052688460616, 6.46364884878019, 
102.444136866834, 2.53735434342663, 1.45828137266925, 3.34346222041308, 
4.84146734101647, 13.2284231881251, 3.53794154852937, 2.22862408015061, 
3.11231998265082, 3.24946340111831, 23.1241795785166, 4.08717522476884, 
3.55575038381099, 1.42619085395628, 2.33509822226291, 0.844229923440826, 
46.8386232696224, 1.65909101351065, 3.87721951381518, 2.21335137495344, 
13.182756891691, 16.3134346033554, 5.43832072361645, 2.99389236291604, 
4.4674526687513, 4.31111825703937, 6.1740741635434, 5.65754503553709, 
2.4786475069634, 2.93486177074661, 4.92182418308478, 2.73593908940049, 
0.929451031181962, 20.5070206254976, 1.49633124173029, 14.4433233638744, 
5.10166487905303, 3.03218117171444, 4.30098244444105, 3.3601144027808, 
7.96357478788726, 4.14794768416708, 8.21436978133591, 1.26404372077545, 
18.3812369247595, 4.99271896715607, 12.7354176587668, 1.9751935091982, 
19.2387529042407, 1.45299537842471, 1.04082390443863, 3.76686696545976, 
1.32567241753144, 2.26739364753891, 5.25400914732749, 18.32252292542, 
3.9767937431879, 2.02473184884746, 2.8858835252609, 5.5270008946417, 
2.92546687523535, 8.41653519671105, 4.89445691730262, 1.78820869629803, 
0.966548563965816, 3.69085878359361, 1.25434587035112, 5.28147796876698, 
3.10167241560344, 7.28818328182836, 1.33857607343692, 10.8990349210933, 
10.5703159013142, 1.39370484149253, 1.48403120015512, 5.09323440284254, 
2.75172035658718, 0.848617456972228, 1.35558813080009, 3.94950934916689, 
4.3040669164318, 1.33230817024978, 8.77789998508566, 1.72583290609142, 
7.7841153971479, 4.93582532236386, 1.11753832889299, 8.66391349808159, 
1.74119374263095, 5.04454885429341, 3.56322422009865, 4.43106144699005, 
1.05411252700923, 1.78576490896336, 1.11543349182302, 5.05469085770707, 
1.30367328924062, 1.1821228140701, 2.7886756111485, 5.22533828400227, 
58.578609771432, 1.74539754555074, 1.12302508091015, 2.5665601210958, 
4.11287002610237, 10.731353162149, 2.39762202343087, 1.54855052098853, 
2.24878764067296, 2.22856418443211, 14.3566088658826, 2.8896335549732, 
2.9533513817545, 1.22861003511682, 1.58675862596185, 0.643308034367762, 
27.1167778984719, 1.24669495733596, 2.62518739534627, 1.63297338336467, 
8.53125895806685, 11.3047523002129, 4.51700016729092, 2.00106139447856, 
3.49505393853267, 3.53478609381707, 5.07597860833765, 4.22044208798708, 
1.84051170036851, 2.10520584325165, 3.73267686113424, 2.08700287772969, 
0.728701865356933, 14.0656175955368, 1.32846917472517, 10.681743181792, 
4.08064164506169, 2.67933485345235, 3.26915177512814, 2.57651682723156, 
7.24882901492503, 3.72027401475465, 5.97318479835785, 1.01943114908106, 
13.1875313224207, 4.43548746895551, 10.7323698476808, 1.44642680798277, 
14.3880743500917, 1.06431075032401, 0.730584473651981, 2.86725086893557, 
1.00405444979383, 1.65442202707183, 4.10055583951965, 11.2364812790583, 
2.78373353625753, 1.84097288039195, 2.26549839701904, 4.89183621822783, 
2.32367554315415, 5.55380330022615, 4.35841135169155, 1.58289562866752, 
0.779645868805006, 2.71870852571996, 1.08396222105378, 3.90506795575096, 
2.59344198614767, 6.27269773197898, 1.0336561712347, 9.46645444970011, 
8.69814760360621, 1.11236534843035, 1.2182796134708, 4.74933413154768, 
1.8063575926799, 0.718902890078983, 1.04634654116528, 3.81065416751202, 
3.03380968958813, 1.0689312482834, 7.92194050049012, 1.29565674293579, 
6.92198927150843, 4.19980117266556, 0.867964068649988, 7.33547040628071, 
1.23965432000957, 4.68432156943684, 3.04330012001553, 3.19331642401743, 
0.85452295288351, 1.57452261848663, 0.925125314238066, 4.65598165318029, 
1.05701335845442, 0.887862277286395, 2.16664023413425, 4.92361262693033, 
36.9754949655859, 1.31993567406862, 0.905921134809908, 2.10995314725091, 
4.06971618320168, 9.22341717220361, 1.91749658514611, 1.14468129634764, 
1.62495453854722, 1.67366245065317, 9.52240391075662, 2.18217895811363, 
2.84610646088048, 1.20885843972439, 1.2126029146403, 0.551395847149488, 
17.8573141905745, 1.03241373385895, 1.98475195097216, 1.29140577485391, 
5.72573313236032, 8.32859222694002, 4.00599842817971, 1.47886197398041, 
3.15020616953768, 3.14019819466661, 4.42224407793306, 3.26938788156674, 
1.4127955218432, 1.65873932588015, 2.97102600651755), .Dim = c(100L, 
3L)), MSE = structure(c(6.60642281423858, 1.7678775625105, 247.809311881508, 
2.37996060119584, 28.6542680964619, 6.68165830335206, 14.9361777063385, 
18.3120549495987, 6.7219696779314, 113.677998791566, 7.90890082442203, 
12.1036196620033, 2.18369811585194, 30.116152418233, 7.58706604942016, 
28.249300962247, 7.47053068754345, 113.933465361291, 5.66949719244227, 
1.94813131612981, 7.01927697548814, 1.88421169762348, 4.30580504661327, 
9.23002267672084, 42.0742823079884, 6.59404697895328, 3.55389554935559, 
27.2512714217688, 17.9746429033662, 47.1252738844838, 72.2792122424221, 
5.59430109014002, 3.35243347131916, 6.26018229890906, 166.861341916069, 
2.68476181679597, 93.5771678818753, 10.5494809311728, 20.0308902371724, 
2.81916181281737, 44.7850558525466, 21.6341536925099, 2.07075522124617, 
1.97968701055605, 6.90670221471272, 59.5860006616432, 2.14794815692365, 
4.01074111000949, 9.0534616855481, 15.2670490951099, 2.0153367947532, 
10.6552814996238, 4.04337024075454, 9.44251153890992, 12.1374594351257, 
5.5979141646527, 21.8986502170696, 3.38274727989238, 15.0854804704624, 
8.80187508670047, 8.02801869553271, 3.51649376797084, 5.66079894602211, 
2.66103953316946, 52.2541536823807, 9.11080973707844, 1.70410660964619, 
7.51217009239686, 14.2982526431925, 482.185457371148, 3.09573011714222, 
6.39817153878489, 4.00358694864163, 8.73578124614811, 14.6467973794302, 
5.89885810844637, 7.55471553192441, 3.53758806036346, 4.88747997809414, 
26.4760209465213, 4.15524069282273, 6.45481633403425, 4.67892930795609, 
3.49259109262706, 1.68765990678299, 50.3947493543101, 1.92139617061445, 
6.61366255007295, 2.3097340954561, 247.617589965897, 20.0618681808509, 
6.20428985488544, 5.05519018699672, 4.96188336606517, 13.3271615198683, 
7.42295851259484, 6.42125199532053, 8.30354578825377, 6.88285889227304, 
35.8751848830976, 6.22960398576245, 1.25541343102666, 294.42121619581, 
2.36146671976679, 36.5765807596523, 5.20786157101733, 16.7325423064132, 
15.641082636646, 3.49398017797376, 149.589600812945, 4.55176062854499, 
8.13328396924368, 1.67608699755848, 27.4767232106009, 5.80249014446203, 
40.4675001605692, 7.90764033541384, 156.817314911139, 6.7757987762179, 
1.14906884806247, 4.81103537529362, 1.42248756003085, 2.79290258159692, 
6.59501770646091, 36.8573697088424, 4.31499905552241, 3.60470117716667, 
29.3072471185839, 21.0177180228459, 45.8660460485654, 82.906281233403, 
4.92728976655225, 4.83976879561142, 5.63560393081698, 173.107058827167, 
2.02172042510489, 104.755676150574, 7.13352240468182, 17.2832505333339, 
2.24818383691023, 54.1126931856392, 13.7199405513144, 1.45279651499277, 
1.47413690068722, 5.0876587472035, 68.6211459526948, 1.24014248036703, 
4.05118905356511, 9.56078083639483, 11.7939426302549, 1.97309560811844, 
12.041905685307, 2.31005394644637, 7.79062319667221, 12.6958959104898, 
5.91808056719516, 23.9868911424313, 2.36445161708363, 15.7616526492708, 
10.3209069027991, 4.90302633056866, 2.21726629787196, 6.57888664670917, 
2.30730198103204, 59.7954322190779, 6.75804566784185, 1.29326075573592, 
7.73030445755074, 17.502679831392, 514.727379888401, 1.99176495162263, 
6.62998310400187, 4.91830819441375, 10.1541275772544, 10.6346618561197, 
6.19648558302099, 9.40995340029754, 2.44898255341987, 4.2348327635027, 
15.376558808666, 2.87202363801176, 6.25410631899684, 4.1555542403022, 
2.28425938951854, 0.852803243625429, 29.709576326035, 2.33021543722264, 
7.5900768053662, 1.70176070240788, 258.59986702654, 13.1920853150979, 
5.7555353368975, 3.74148918942654, 5.07614040621936, 16.4478167360954, 
5.81145768411135, 4.17937314471494, 9.9779693249521, 5.4292849374533, 
44.1138205045666, 5.89706093353276, 0.821873111504037, 346.42666709935, 
2.69777574480042, 52.2728566655582, 4.388115120913, 17.4010114223694, 
14.0312578935282, 2.66618653354365, 191.578904105933, 3.82308832151258, 
6.31723034701163, 1.37493920196641, 28.3417933358789, 4.91764332497678, 
58.6602120053025, 7.9307194701516, 211.131052903799, 8.09559510239297, 
0.749545325548979, 3.70599500317321, 1.16675884040897, 1.9230992354057, 
5.04872825863786, 34.9491931401093, 3.2051965641387, 3.63220077937561, 
32.4077166847766, 27.2886800878138, 41.9392092513802, 95.2102867192685, 
4.42429123227319, 6.5078322589443, 5.53285832179001, 179.562794745445, 
1.5351173187571, 119.247025682856, 4.80418493024255, 17.6446709243275, 
1.96885156593486, 68.4800138505639, 9.01518202565966, 1.10180054610939, 
1.24252974588082, 6.22251024774772, 73.4260221442118, 0.766646467445607, 
3.73555813769051, 10.8871251338858, 10.5662764555808, 2.60168550775421, 
17.239443220948, 1.34552956226839, 7.28727888395552, 14.8609361221577, 
6.04942850149886, 31.4372321351081, 1.53595088412262, 18.7501379554792, 
13.887156176468, 3.49756064264424, 1.46923662012862, 8.41290250176291, 
2.37200788189408, 70.6267685995963, 4.905735807962, 1.07462254231013, 
9.15289628045842, 23.8035205730409, 549.566139432575, 1.38771655499327, 
7.14825899849183, 6.10931922195299, 13.9700559513121, 11.8336476752558, 
7.84741485438423, 11.1351029263979, 1.64712001435638, 4.379590479877, 
9.47241040823449, 2.22385084406469, 7.27814805990167, 4.28142739189602, 
1.56123064025051, 0.54890417024076, 19.4383354472807, 3.06709089891398, 
10.2264593237173, 1.35274135205286, 269.758538371944, 9.04040046254388, 
5.88956988414157, 2.83388646022253, 6.79554133176541, 22.8875458326822, 
4.82726246606796, 4.01583163702862, 11.4698163856918, 5.16158465017715, 
54.8027268203734), .Dim = c(100L, 3L)), Time_all = c(elapsed = 0.538000000000352, 
elapsed = 176.017999999997, elapsed = 179.903000000002))
