list(MSE_matrix = structure(c(12.9249651343826, 19.5198746883357, 
16.0499615222889, 13.0120242804817, 21.6352737206378, 16.6620004425247, 
17.6022063135596, 14.5742945926736, 19.0615197210337, 18.8643093039796, 
19.2549351695555, 25.2046940785874, 14.3820727955735, 18.0056688516223, 
9.40254500595612, 17.1465165076482, 20.8234862486184, 16.5046498796276, 
15.6178420836394, 15.3414377306043, 18.5060086796842, 20.2153831074068, 
13.5789476245116, 21.6253323563479, 14.167976872806, 18.5570819570047, 
12.3550929759094, 19.9019565513837, 15.693517513213, 17.0473135908008, 
22.4161661598313, 13.5184290717858, 18.2393198252148, 15.5867985071079, 
20.663699264896, 20.5186353235449, 23.4688611738451, 21.1911145058483, 
23.0053570832445, 21.6082432443417, 21.2570701505104, 17.4368717055255, 
14.8179535533, 19.1194875894153, 21.3502594391252, 16.5919481375063, 
15.2982139410209, 17.8651819911223, 19.1785262904885, 23.095360506375, 
14.1407240945149, 15.3368901748344, 15.564491309456, 18.0277687439445, 
18.9863967895521, 18.1597002180726, 20.8282585250113, 10.8167255356428, 
17.6121108165578, 17.2005043796988, 23.0048767132991, 21.0179941659055, 
25.0144626068497, 16.6992004505577, 15.4800270955794, 22.9784193840536, 
31.7789215974233, 21.4033669122217, 20.2024838004816, 22.1635752203884, 
22.0910295191606, 21.2805658403077, 23.5665374374614, 11.4327511110893, 
12.9040981014057, 17.6427827246436, 18.51114461716, 18.402490421895, 
23.1529142663343, 19.2942903130664, 13.8110814815047, 17.354901505561, 
21.230418534723, 19.2107129761911, 13.9651950489108, 19.221194545989, 
14.9814981994892, 19.1644625859725, 23.1635016719059, 14.2944611166348, 
16.5340586841193, 19.0019555641925, 10.5449168412326, 20.4401662711275, 
19.5886292600526, 19.614700533909, 16.982749358834, 19.9112796915519, 
11.1903283967926, 24.5447880316596, 13.9422125505904, 19.731150529451, 
17.0871864897704, 14.6622473393182, 20.2891474659033, 17.8871934363262, 
18.1856316699893, 16.6052147752699, 18.5368988817648, 19.2926693794248, 
18.9224578042112, 24.424464904757, 15.2626993084515, 18.6384890963987, 
9.2619286778379, 19.1228519417244, 21.2853497193513, 17.7298032581011, 
15.752701472564, 17.3317956525631, 18.067048416949, 20.0296675358801, 
13.7876733875409, 23.0447400067999, 15.6453997339045, 19.2900391513637, 
14.1651446685396, 19.1725111525787, 16.7994059905297, 16.3880848003782, 
19.5519403807271, 12.8730125236469, 19.919327836265, 15.7881859197512, 
21.4697349691002, 20.284452985473, 24.7736849360442, 20.273279209604, 
24.6700122578278, 21.6278992513591, 22.0475715104955, 18.3658349035095, 
14.4873477989185, 16.7095142680332, 22.0037510405468, 16.9954327074028, 
16.5441201498985, 18.1690396925551, 21.1615179407509, 23.3879961344695, 
16.2567269510984, 14.66629867881, 17.1725782243818, 19.2554845477077, 
21.6298331851688, 18.6115854230056, 20.7928618463742, 12.561040711603, 
18.9448977164721, 15.5592269217221, 24.4056958799427, 21.5422099692098, 
24.8719533136741, 17.2271502807607, 16.8709707012163, 23.082218597763, 
30.2450164988756, 19.8559682163238, 20.6901653687306, 20.5279099274545, 
21.9726471984801, 20.9882569078196, 24.1998060813644, 12.665319000064, 
13.1698998324357, 17.694945246731, 17.6185802387141, 18.5461791076746, 
23.491029839225, 18.8368628143575, 14.5261457314384, 17.2315168624319, 
20.9719254738065, 18.4595565172658, 15.9088298002253, 20.172788470401, 
16.6118210606653, 19.4382672199754, 23.1248352022398, 15.300188993679, 
17.4291139281294, 19.3870982040788, 10.5606366344066, 21.4751083682474, 
20.583158953039, 22.2207156762487, 17.2418641246413, 20.1084675076275, 
13.1269153941278, 25.2345364430265, 16.2958243725226, 21.4141920222641, 
18.9563708507206, 17.076353943924, 22.6771312732063, 19.8526407047903, 
20.4752081663949, 20.5108190737765, 20.1652417886643, 22.6079058814789, 
20.2565681610567, 24.8379655784219, 18.3458822834822, 20.0772213953874, 
11.0543567963151, 22.0639960285356, 23.3812777480809, 19.7717784660575, 
18.4073782857787, 19.7497448770832, 19.6950845570532, 21.5834110173006, 
14.6311355957376, 25.8065492412278, 17.4770760237951, 20.6166142550698, 
17.4373998902521, 20.2220385728135, 19.7247617517825, 18.678761508255, 
19.7748212282752, 13.6721276148881, 20.8779655328269, 17.5095191938605, 
22.5569229280718, 21.7546509777028, 26.8692659992568, 20.0914714983292, 
25.8762533628776, 22.9226996775975, 23.8621160744712, 20.8428000975213, 
16.2537733298197, 18.0434926648499, 24.2099244390649, 19.5606768806174, 
19.7376781015442, 18.6602928976489, 23.2114163101556, 25.0393231826486, 
18.9096075679822, 15.5950592173279, 18.7071570157868, 21.2573397291583, 
24.5062987183246, 20.1022377165751, 22.2151543579065, 15.3394649765981, 
22.2274195770147, 16.6386649903859, 26.8574174538137, 22.9877487976939, 
25.9971461449075, 18.4615025167655, 18.6004743523881, 24.9973793427975, 
30.3752158430928, 20.4598737243664, 22.2633814181439, 21.3148697140015, 
23.2632468139868, 22.09151661901, 24.7617335294801, 15.3961287435861, 
14.7067357314261, 20.1021059242659, 18.5661944247121, 19.8021833512022, 
24.8148353787716, 20.2156306145959, 17.4997722852778, 18.5318211407997, 
22.1928680240087, 19.8311071871133, 18.8979983262093, 21.5473068539369, 
18.3477596253248, 21.5863517563607, 25.7101024125472, 17.3084505535297, 
19.5927327326347, 20.5224316552512, 12.5763357652771, 23.0025745441361, 
21.948179758352, 24.5010210178718, 19.1461307010263, 22.5302320265428, 
17.428397016065, 26.6589763445934), dim = c(100L, 3L)), variance = structure(c(4.99361914661739, 
0.760719255427243, 47.625004293528, 1.15017934555326, 9.05040163859085, 
3.29854183416727, 3.04495192069989, 2.81370456057064, 9.64916010504001, 
4.95845681464382, 2.61500389621617, 7.63577227723445, 1.01218765111819, 
16.1736252593031, 3.33022973070377, 4.88259179248498, 2.86211631192053, 
14.3835993053913, 1.81464865288136, 1.07931565677577, 2.73573685306172, 
1.20300451812285, 2.3494894383525, 4.22523913985967, 44.999916880911, 
6.11251782018636, 1.89787126421223, 5.25621051856992, 4.04265377097306, 
3.35018804762435, 11.7375147923217, 2.38077602789211, 1.4496516650547, 
0.762929721723246, 6.47592387444603, 0.879233907905492, 9.54122697838338, 
1.83837183049518, 5.27188060645345, 1.77181693574719, 4.55329360915383, 
6.90654747978498, 1.4125451879483, 0.912426725705745, 4.41207785004805, 
5.04318135613198, 0.96855750556706, 1.27965730208683, 2.24076750389, 
5.99313383387006, 0.743626393334694, 7.27736977377843, 1.68818062313047, 
4.62444837470598, 3.33240116571038, 0.911140213546145, 5.50979693092778, 
1.46764838988643, 3.50487942837887, 2.79390145938638, 6.56790516161997, 
1.43229178815789, 1.2139428696191, 0.859442268179333, 2.88850631117265, 
0.78053352221725, 1.06554203518992, 3.66140705021915, 4.49599533720253, 
130.41300796522, 1.65378487170678, 0.484369742866647, 2.67931686165991, 
1.73430360872739, 3.30701719533454, 3.24371125179512, 2.39915942537823, 
1.95742633771657, 1.84946905044554, 20.5128658047727, 3.70340029907453, 
1.86898823858745, 0.889097328376587, 1.55901887062619, 0.510582904486372, 
65.3358901340077, 1.23133080854146, 2.03692067723724, 1.01882886927701, 
17.7914631006517, 8.72482868078266, 4.80834701777879, 2.15681567288519, 
3.46485934349287, 3.401435836205, 2.02344988035001, 2.56374729336025, 
2.45726488640066, 3.5632492955261, 2.70176833135989, 3.21287056700632, 
0.553689161033569, 28.2159302761258, 0.943251855970961, 6.96989827155559, 
2.06194316207547, 2.01827600219564, 1.78457274894503, 5.13888837641217, 
4.02481949009828, 1.94763852164456, 4.68903416934786, 0.809227218810083, 
12.6619251124139, 2.4236944390969, 4.4599268226147, 1.86738079266471, 
12.8630640437859, 1.12378702070407, 0.861493647033933, 1.60286714741987, 
0.95156370641271, 1.58084155123012, 2.59352448435391, 24.6791281088124, 
3.78584050040756, 1.31204515874481, 3.40908737569669, 2.89221134663961, 
2.61728888943409, 8.08302292025966, 1.697553219618, 1.0897714881155, 
0.596432262333339, 4.06864132631581, 0.618147209756402, 6.16816372862303, 
1.39228062047921, 4.12779915158436, 1.17874313150844, 3.23876403372092, 
4.73131814925958, 0.975270941156685, 0.664617210460492, 2.84789041323494, 
3.09228983328377, 0.671997022745625, 1.02040902568501, 1.68472392872673, 
3.75500571909494, 0.564698419173621, 4.51290382149567, 1.20722183963295, 
3.56543285618883, 2.3159261145669, 0.702293298209103, 3.66920935365518, 
0.926620035883592, 2.66153201451197, 2.36787955513054, 4.41456035647452, 
0.990100222877009, 1.00609358616875, 0.590283666973797, 2.26738151807715, 
0.573032117841016, 0.815108399633546, 2.62963681326816, 3.07660633743006, 
71.9745030841168, 1.10646787383642, 0.377650062341407, 2.10194308328562, 
1.145078562231, 2.76105125568558, 1.75636042350144, 1.53242013098648, 
1.10067340018528, 1.19382700575612, 12.8263439464039, 2.75013686146328, 
1.26980739636653, 0.79791526628818, 1.01327293910728, 0.35608194119833, 
35.8875053106735, 0.902463758261155, 1.54802193460806, 0.729355099114905, 
11.1997248250038, 6.33949794807499, 2.57931797021171, 1.40025606635924, 
2.62582498394159, 2.38019720719507, 1.78599960236684, 1.88577634857644, 
1.81500442216854, 2.3374471665038, 1.79654098635608, 2.39013147290402, 
0.463297902982382, 19.390668554821, 0.813228506516097, 6.2036736986314, 
1.57545249131813, 1.45561842836004, 1.34851870275966, 3.14662225138596, 
3.95514798301725, 1.84876192663497, 3.29697835057802, 0.727952524237911, 
10.0028290558638, 1.98349155843844, 4.97684861938826, 1.31962234354429, 
11.5095687807607, 0.79520650059017, 0.709613958203953, 1.16808153569276, 
0.792204331815545, 1.18244259593254, 1.98258683469441, 14.9070839909453, 
2.72585722033393, 1.06150344873947, 2.31577212441099, 2.54227814643114, 
2.14659568406814, 5.58259339617321, 1.46186867874222, 0.946376178489092, 
0.512185436917148, 2.74099571922083, 0.484110245144612, 4.37298353761751, 
1.1326633288675, 3.49795211200305, 0.873787522379016, 3.46502912127829, 
4.44535648709281, 0.761214438447006, 0.536049848767511, 2.24947120406379, 
2.23391492061753, 0.511313152826921, 0.814839899904429, 1.53030980750967, 
2.83769958123361, 0.521151190384794, 3.84169350700446, 0.984992793377047, 
3.43312863764405, 1.8896956274641, 0.602415115588297, 3.48366139155899, 
0.672665632119993, 2.42011932830027, 2.19584743697187, 3.37747196777726, 
0.741227546005482, 0.83397051737633, 0.486695947793504, 2.17425666250724, 
0.508343516079983, 0.692673221180646, 2.068865315228, 2.53822202596657, 
42.3612125426708, 0.855763930256883, 0.332566558973784, 1.57112283600606, 
1.00481122044526, 3.25969394894375, 1.26975154411947, 1.11773345907738, 
0.790264066304506, 0.934940514389017, 8.36893509264097, 2.21462716881494, 
1.05666734431102, 0.75664725912628, 0.781677455421198, 0.298515812711863, 
22.2943280220618, 0.74181096931859, 1.31830803697949, 0.557658872679562, 
7.38882164048309, 4.8704158246744, 1.82279561778185, 1.02071399410616, 
2.12845476714732, 2.02253983363849, 1.60740747438056, 1.81008355080642, 
1.38107576663176, 1.7580140503131, 1.63754683393586), dim = c(100L, 
3L)), MSE = structure(c(6.81733602390598, 1.4073052848333, 110.451605506143, 
1.79726896739568, 9.19317376198871, 4.24658052025081, 8.82912758242873, 
13.2234679006474, 10.3984932621633, 65.3673853532379, 8.45752201044506, 
8.07959535468811, 2.01774675818884, 16.2940805638284, 5.08354149331057, 
6.35050166019748, 5.91087168369353, 39.9588109015215, 3.90971125028094, 
1.75649287915116, 3.29079595582244, 1.89104457057096, 3.29979512232713, 
4.91670972154114, 45.6403867636325, 6.19402736322914, 1.93506736244147, 
21.5194747103517, 7.09897193446643, 44.2752188301905, 48.1206103545814, 
3.06891656511423, 1.47550752167362, 6.27552529129221, 147.627984712784, 
1.67099698626629, 72.3759132649564, 11.6689443737473, 17.4528157729518, 
1.8172766789395, 19.7199435964518, 23.2060143930766, 1.98356042461136, 
0.904255236402032, 7.96730243984319, 44.4738211417329, 2.70980159350202, 
1.83575416786751, 5.06215619958486, 14.1144114464276, 0.766718113624198, 
7.59143425433947, 3.74349923364721, 5.84810949819246, 4.25989982569992, 
4.04930236664449, 12.7018097858175, 1.75255372165972, 7.32607131966244, 
4.0882604166362, 13.1629194747745, 6.08757756077591, 3.22340569134079, 
2.2351935587397, 30.9679561327927, 11.0315749895213, 1.05907987531897, 
6.66094010336685, 7.3753354964278, 327.315906476123, 2.22651792710777, 
5.42045295463787, 2.78438037687734, 3.00571169517171, 13.1360219188447, 
4.08819828199892, 5.39980249509588, 2.21186676796837, 2.4869428298953, 
28.2053991348333, 3.93746369234784, 3.77399951991122, 5.45992444869893, 
2.49273351519305, 2.64932486995528, 74.451227403857, 1.25947855616438, 
3.46767882517451, 1.18229324753668, 210.817430975893, 15.412299548394, 
5.60913688956483, 3.21412713850001, 3.43337743849165, 8.57190762234575, 
7.05463383542485, 6.58579374313455, 4.79711836513897, 8.03834483951001, 
23.3481299839185, 5.38948352246011, 1.20786596517209, 143.676698458152, 
1.46228724075064, 9.98156465354606, 2.80425349023745, 9.67477807836458, 
12.5968435569609, 5.83681974610752, 82.6578662864653, 6.47101215937369, 
4.92869233441081, 1.63027375490467, 13.19331913144, 4.29701362721646, 
9.41182031742657, 5.63346287273579, 59.6517818876999, 3.97163075384581, 
1.3763661152306, 2.40483735830291, 1.31955140399283, 2.75406914115067, 
3.70044749623912, 29.5067753971529, 3.84825136394247, 1.57377488657552, 
22.9962547500166, 7.51697374004017, 46.7071476195897, 57.5383689808028, 
2.22103459191323, 1.14019086667432, 5.93673917816203, 155.602784958599, 
1.45990185000962, 81.0954672582849, 9.22514208967072, 14.2292897952317, 
1.51616382604598, 23.146767866638, 18.1391218071514, 1.38084419686, 
0.65797129568916, 5.3627924866368, 51.7675617433928, 2.13471102419645, 
2.07714721769034, 4.49262416832777, 12.5659229848546, 0.564210375129949, 
4.52531982089602, 3.38382279663166, 4.4942679615011, 3.90090061605702, 
4.23277653583352, 11.5405699169321, 1.49122509116542, 7.15377221889665, 
4.80483491288589, 8.09037489438716, 4.39899169621208, 3.60783502912974, 
1.87558915081495, 34.5795543011815, 9.67562562205391, 0.807758697097726, 
6.23017532574726, 8.1798031284349, 371.316229646456, 1.81998896326166, 
4.99850762981418, 2.11314587608414, 2.79896528241219, 8.79575179111281, 
2.95854130885685, 5.67105630126102, 1.54398505260068, 2.33940040698177, 
17.6310955274426, 2.93384545795955, 3.2751952888333, 4.78164462595313, 
2.22182952552917, 1.88054416992781, 42.7605060859037, 0.90356130862758, 
3.53460694699508, 0.841326636260068, 225.922705027495, 11.3006894599163, 
3.46833338504035, 3.10813591181056, 2.81717721733144, 9.75141869027397, 
5.87196682211531, 3.89464616322262, 5.68120876212459, 6.80142376504087, 
27.3649689835063, 4.94841364032004, 1.08216239418914, 186.92885294719, 
1.31240958953277, 16.3363564445293, 2.34751467020732, 10.9769293341518, 
12.1665613372174, 3.7655631281909, 103.601930207953, 4.7269188776943, 
3.29956855750946, 1.43064410622273, 14.3146217631787, 3.78020498510103, 
16.6949380565794, 5.82221164635, 87.7093313373675, 4.49534985620736, 
1.04843341986088, 2.11292207905069, 1.01278322847861, 2.35195846818175, 
3.14851636519967, 25.6240956395155, 2.85638659253768, 1.56104237826946, 
24.4930326102279, 9.37453991872987, 47.6403311326088, 68.1189749581285, 
1.94938378880404, 1.41049161863363, 5.70205975276076, 163.052329266541, 
1.30408809600194, 90.5343638722185, 7.17515007763909, 12.0984422555698, 
1.40085983221054, 30.7564739273492, 13.7405122865143, 1.04378682435914, 
0.53232558345109, 3.41696157675246, 57.8374689804196, 1.58551944138377, 
2.3725436165226, 4.85636473673986, 11.4198453274228, 0.625022263508301, 
4.09891750032939, 2.6891464570427, 3.76098424738059, 4.30902613477589, 
4.50463382478664, 13.2723713823818, 1.35227728186381, 7.63037744890689, 
6.24480557549682, 5.6928978566242, 3.22459144096307, 4.0923280861256, 
1.70200806579964, 39.1900136804408, 8.38775958816904, 0.70063003540195, 
6.39741194341775, 10.4059189114584, 429.230111636842, 1.52556019368825, 
4.98127863760719, 2.04116567670829, 3.39674214530333, 5.53176642489626, 
3.38191064769504, 6.52770197783957, 1.18092660582841, 2.53183190690338, 
10.6628978882828, 2.29840163997427, 3.30260512207107, 4.44633103003108, 
1.96282198601197, 1.2688917454659, 26.9611789514338, 0.943390337820313, 
4.30262947113147, 0.650361675131619, 240.096106417321, 7.66905295232933, 
3.00202818172617, 3.03560124705401, 2.86628716686366, 12.411911321329, 
5.03410128911041, 2.28185101911667, 6.76481016030222, 5.8944344212773, 
34.3338740024382), dim = c(100L, 3L)), Time_all = c(elapsed = 2.5180000000002, 
elapsed = 96.4970000000008, elapsed = 98.8070000000008))
