list(MSE_matrix = structure(c(11.4616665879705, 14.9341973192661, 
13.7310837538668, 9.78078361935453, 11.9996740741108, 12.1612379361688, 
14.7513117033499, 14.7671167494328, 9.30361835813624, 13.8969000697819, 
16.9175022742552, 10.6846885852628, 19.6660489739184, 14.7300388476666, 
13.9450375919535, 16.7364935239042, 11.7545169562962, 12.1360582284191, 
10.0067285538024, 12.6552897040409, 13.3506765773594, 11.5776792847614, 
16.6814231118566, 18.7557431005229, 9.77776377835836, 16.274864921263, 
10.6503208350643, 9.42740605980242, 14.9899952652374, 10.7350090408563, 
16.5890701647264, 11.361643504522, 15.6794115672533, 16.1940670667479, 
12.8558051762605, 16.5854359852638, 10.8940216236595, 16.2606477452439, 
16.7242093459009, 20.550986653851, 12.376081469152, 9.25297121477064, 
12.9533722143951, 14.8478433337149, 11.1523856199357, 9.59868257378525, 
15.6243362256484, 12.7734341440895, 18.2567584297653, 13.5692754827596, 
14.2545738111584, 15.6172034340667, 11.7896169044275, 13.4932790318287, 
15.4270187724972, 12.90587223047, 12.8868603755847, 15.9806114333492, 
13.6522682853326, 12.6494176532836, 12.8337338144013, 10.3888507794525, 
12.3440308333952, 19.0883614984534, 10.8221928285901, 9.69518677374067, 
17.2045551638236, 9.15318206041608, 8.97363278416141, 19.7405074542649, 
12.7828479869867, 13.2335535093169, 16.7660852875704, 17.3725042193495, 
14.8994009806713, 10.6045163380539, 15.1265129979408, 10.5101380861005, 
13.4920154715917, 14.9062688243803, 12.5090313611419, 15.6715717869388, 
12.5746463152474, 8.31160544197738, 18.3109758832766, 14.1596127650091, 
12.8647811541888, 16.1394074823297, 7.75461463652688, 11.5187889147146, 
9.20359191302052, 16.4715117870867, 16.8368470262387, 10.0097781206065, 
13.7054192288122, 14.3819521116567, 12.4738146912325, 10.683012170618, 
10.5358045850283, 8.07480916350701, 13.9619976019974, 18.089089823914, 
16.9372315886038, 14.0462934577475, 15.7052615609092, 14.2529158712464, 
17.7137164288659, 17.4638817154944, 14.8030388890173, 15.7544378814432, 
16.9462360103013, 11.9260410264372, 19.6808165303466, 17.7402614798686, 
16.9167120873181, 17.8228552219, 15.2527083780329, 14.9152227030636, 
13.6981197843648, 14.3538691075108, 15.4804233011925, 13.0754114282708, 
17.6146033433703, 20.450009061977, 15.2602348314575, 19.6485242550752, 
14.0302022940537, 13.4468369291073, 18.34725302432, 15.4904458440355, 
19.7496516099776, 14.9385232112632, 17.4008857927275, 15.3102301959934, 
16.7409753068231, 18.2697838219675, 12.4229536308908, 19.9083419015, 
16.9426051585699, 20.9457713596411, 16.8021211798566, 13.0434616691251, 
14.7940064842576, 18.0541698985678, 12.7131255483277, 12.715939838422, 
17.2999675259645, 14.0279096893723, 20.2188277070221, 15.8294035062465, 
16.644043863152, 18.0666031355431, 13.9090046198709, 17.0596676595864, 
17.044026455695, 16.3330044874031, 15.1488824271678, 16.5841328963369, 
14.8919722885016, 13.3330186842918, 15.1606174689224, 15.8795568778737, 
15.6454274039742, 21.5948048754718, 13.3099889364658, 13.6709865679644, 
20.9807021312287, 12.5087769525802, 13.4731636387681, 20.9016376700532, 
16.5160460826853, 16.770962407392, 18.8960764138917, 17.4428005543742, 
15.2399191933099, 14.7720899601828, 17.683708581089, 13.3093497493286, 
15.9953258195271, 15.854051232514, 15.4089581751372, 17.878064127331, 
14.1515908348825, 12.6303633264434, 19.2268786374482, 17.2934439205561, 
15.9840692475785, 18.6549431449218, 14.9992683875519, 14.5524207121664, 
11.5928857614752, 19.7696023071067, 20.0867787952758, 12.9104898486309, 
15.3703042490555, 17.2310307178664, 14.5481237438569, 14.1450380500005, 
13.4203018929607, 11.4635434131656, 15.519816112364, 19.9981981784928, 
19.1705286252035, 15.3864738365391, 17.6195501002904, 16.2571825682478, 
19.3060256524071, 19.3460512611303, 16.796012319696, 17.9806099864936, 
18.2685181390504, 13.2656993887099, 20.5924091471064, 19.8770839538325, 
18.267012750919, 19.2761273500003, 16.7983994705039, 17.6000128800054, 
16.2319342470985, 15.6036019671962, 17.1131875062565, 15.6922434362617, 
18.7622198017034, 21.83807411774, 17.8563702843694, 21.6036597334499, 
15.5681834526001, 15.3061633581719, 20.5996913287144, 17.2940193299672, 
20.9340003657132, 16.8126984452652, 18.8295611677133, 15.817659682015, 
18.6295390241359, 19.2277400189862, 13.6243906281779, 21.1936642875747, 
17.8660212262644, 22.6949216173418, 17.8847504439732, 15.4100982564263, 
16.0988826981359, 19.8074163830359, 14.9363875000866, 14.4409080082999, 
19.063216146445, 15.2327002590559, 21.2995823242898, 17.5271289038685, 
18.3035618844993, 19.6639297286417, 15.771907855697, 19.0168728038228, 
18.4023439505436, 17.6663872963749, 16.7021303178076, 18.4457918490515, 
16.7240475213261, 15.3908943068427, 16.4833903823839, 17.8825488548174, 
17.7246857949763, 22.46281147615, 15.0406404096748, 15.4823943363617, 
22.512995949118, 14.4203369160145, 15.6909691190288, 21.6442275477887, 
18.4113106506009, 18.1626740072834, 19.9967069446448, 19.1841472180416, 
16.4811408770742, 16.4906648518961, 18.9495124486091, 14.5230626812437, 
17.4870183422715, 17.2682586020509, 17.5189863553743, 19.3970691337904, 
15.7035667105462, 14.961566926544, 20.7210744996213, 19.0414356574317, 
17.7909611927849, 19.914643809383, 17.9205657426955, 16.7214168825597, 
13.7886825642809, 21.1074896596115, 21.4815451654126, 14.5491081462278, 
16.9763945233782, 19.2527134349262, 16.240577723574, 16.2601096306016, 
14.9151716830097, 13.0695598760798), dim = c(100L, 3L)), variance = structure(c(2.78591333429386, 
0.464307581916181, 42.2492155565257, 0.926824801901007, 5.62431680989284, 
2.35915783538852, 2.94491295490658, 1.59305642030248, 5.98755592502856, 
3.82089195946459, 2.29599399424283, 5.00983398582317, 0.694794544234154, 
7.09425869559237, 2.39148894414972, 4.04567138147937, 2.81784715378236, 
7.11368462063993, 1.78450200559658, 0.593846720630316, 1.84241579443961, 
0.538112965741327, 1.68218216443855, 2.51242156785333, 38.276937944953, 
3.66012803694378, 1.21620163573051, 3.13666786546243, 3.23016491513664, 
1.65685053616118, 11.5663856143157, 1.82602340955088, 0.898526515403187, 
0.52686156216825, 5.76910391070864, 0.750376926828513, 7.43888982605177, 
1.84878150051825, 3.97794744243969, 1.77146563242329, 4.1768011735992, 
9.25850524231144, 1.06171510924715, 0.897218159982548, 4.91431833650854, 
4.12838028179105, 0.650097017261012, 0.97938475040237, 1.18772976994765, 
3.64839473540923, 0.514314449833352, 6.89365903135451, 1.20368952339844, 
3.18445466657324, 3.46548429831887, 0.63525163371526, 4.54855078394892, 
1.60952585149747, 2.72167030523983, 2.04555460955053, 6.83627385978633, 
0.920518702901734, 0.912394760059976, 0.422658843452412, 2.16960434310341, 
0.54520338954118, 0.699107739547793, 2.43479081636519, 5.57490484545813, 
97.8289264580485, 1.19513742145624, 0.323349526123773, 1.36580653907805, 
1.48917166166311, 3.85994092152056, 3.00554109672346, 2.37153719125467, 
1.64938943837225, 1.04622396627462, 16.0634424851483, 2.32570445924479, 
2.11314229020189, 0.654924993436602, 1.24068826191777, 0.34759504313026, 
31.7968476495046, 0.824963929332459, 1.6558578730541, 1.03236401566522, 
17.7337749223007, 5.410692394591, 2.93617587084739, 1.76655284260278, 
1.97594063528376, 2.88683090134015, 2.49231690653097, 2.10196210191602, 
2.23659214147649, 2.75938545380139, 2.29401407735068, 1.58291598580617, 
0.274599272739308, 17.2213696043358, 0.407064627210438, 3.20293621506419, 
1.230877094876, 1.31111017386666, 0.728102444704874, 3.08303316299046, 
2.92304125007748, 1.29704104309914, 2.52753921930943, 0.534250208147159, 
5.51612032513824, 1.4326388648242, 2.3959919132367, 1.20831028323584, 
6.20067874555393, 0.68272522716826, 0.467948761333701, 0.59860877176756, 
0.380196822502205, 0.847403765717401, 1.09501821207185, 14.9281798048253, 
1.45013779850696, 0.545180443181305, 1.3238611102965, 1.71386634156729, 
1.02748461630566, 4.20179554278431, 1.09498334088332, 0.499174285078911, 
0.334043771276501, 2.14918296967921, 0.485276061308687, 2.8475317795991, 
1.20173807963564, 2.8306422961012, 0.841869283744161, 2.44937582790236, 
3.72156065953486, 0.527777116101544, 0.527148293127912, 1.87885898245214, 
1.88533648981439, 0.291368518833758, 0.479188914420598, 0.82167724205647, 
1.47961797845797, 0.353116206422963, 1.99303946624168, 0.607989174686569, 
1.75753955601265, 1.66953996447407, 0.451866739874748, 2.02797981536982, 
0.791431256949652, 2.10406917364834, 1.36226514105802, 2.67043691934631, 
0.502658155967098, 0.546353171941663, 0.290406905812506, 1.45835156688426, 
0.343899728910636, 0.498721025382874, 1.57788000754885, 2.39779154317196, 
33.6402607028693, 0.583655091109186, 0.2417878077019, 0.950933557535336, 
0.76059550343443, 1.98487968607858, 0.843818190247415, 0.924356338416656, 
0.719780677459105, 0.728773134087127, 6.6368437006761, 1.65207651386035, 
0.912357990813868, 0.3780908424351, 0.581243640524637, 0.189467675563615, 
15.1666628548859, 0.43542311355402, 0.890782467356417, 0.658185205316421, 
6.77123144247936, 2.88176636884992, 1.4000980026412, 0.832482098786814, 
1.14023267965553, 1.2627755359116, 1.57078872435499, 0.807575766115277, 
0.980944843288371, 1.1140015074543, 0.771709882383313, 1.28804086068786, 
0.251944485764229, 12.9618958411516, 0.366651598306336, 2.92197107204481, 
1.00713976720494, 1.02082373060591, 0.721166071885522, 2.32656071568732, 
2.619340027856, 1.16937584198764, 1.92802125528728, 0.48912641297184, 
4.86928672411164, 1.32088065576074, 2.46589999854108, 0.931650737121049, 
6.28522384722157, 0.539199362739502, 0.454194400077284, 0.56288053970468, 
0.346990234429484, 0.664670064365364, 1.00078768769599, 11.0544514397236, 
1.11297911415612, 0.46827199983259, 0.987876472151532, 1.53581995502785, 
0.899852850264063, 3.12137704529332, 1.00270725754816, 0.451086001483427, 
0.29986300885382, 1.59917128665462, 0.408495606592301, 2.01440034345873, 
0.996795065374692, 2.63209243570743, 0.676821769621344, 2.3364707357424, 
2.86473255471906, 0.430738907969871, 0.438750207613421, 1.50309959116923, 
1.42706756132641, 0.2444728175459, 0.428220722048018, 0.756620911190234, 
1.13359145224887, 0.334721433914248, 1.6936837553803, 0.51486232520144, 
1.74653875645274, 1.5111390495728, 0.413192653714615, 1.67371020675406, 
0.617344945755791, 1.93136908307507, 1.27500890946315, 2.1028722790508, 
0.42703352672566, 0.487045569777538, 0.25468467777985, 1.39160821007284, 
0.308953860077759, 0.439642342832855, 1.29399740848857, 1.98002784532857, 
24.5108954054223, 0.469057267028903, 0.223432567155438, 0.871181830945859, 
0.741272440914333, 1.81574737267305, 0.587612360614311, 0.731783023741607, 
0.606876978358539, 0.619996712186175, 4.48180229054147, 1.43982070313406, 
0.770740085100991, 0.355957341180823, 0.472721780620792, 0.171279227215786, 
11.6138618508183, 0.386943148462966, 0.725925639352587, 0.593670702776039, 
4.82171735651771, 2.56819628009665, 1.12205488535748, 0.651858679349371, 
0.980065903513946, 1.06688524809179, 1.49061524962685, 0.709437738718504, 
0.805347664833606, 0.857526233510342, 0.671337786380074), dim = c(100L, 
3L)), MSE = structure(c(3.92392119769706, 0.982882987395337, 
76.9021227424449, 1.77762631274814, 5.86007545603085, 3.21314485402671, 
6.79374823906271, 8.52107263637761, 7.69075233128013, 46.0158309765245, 
8.9392472845284, 5.57296006957596, 1.40885973131015, 8.44826343619008, 
3.40931634114197, 4.40476330803384, 3.57913231786041, 14.1388176162798, 
1.96449053925273, 1.39283719225426, 1.87180602958801, 1.92793116644739, 
1.92530650091182, 2.49088277147866, 39.0256691395344, 4.80977265351282, 
1.38975118882467, 14.8406034601064, 5.39696518221887, 34.907298158685, 
29.1534515198693, 2.87032864853243, 1.06115644170475, 6.30393732480912, 
126.476420823481, 1.66517759172925, 51.5297602258166, 14.79371616702, 
24.4021285826176, 2.00271214306927, 12.2663375740496, 20.1059602010941, 
1.56136995367446, 0.925651905289584, 7.54088956953096, 21.5277415668236, 
2.84666810137528, 1.15393784264929, 5.61654999028525, 8.24814532135504, 
0.580835343285329, 6.84288792552132, 2.62189411623658, 3.6008107488112, 
4.53889961802717, 3.48702833826396, 16.1322549436818, 1.63136920641266, 
4.70445591294137, 2.43248360640954, 17.3239767359118, 6.38044019054588, 
2.24434122662573, 1.47086737841452, 26.5399617291801, 10.7875658112656, 
0.745372555510776, 4.50949892343777, 8.39644166851906, 195.742441607065, 
1.32002727895879, 6.20256880729556, 1.67882408797153, 3.39735722916074, 
12.9361846651517, 3.5854400685942, 2.69827605308871, 1.63861554313067, 
1.56371330798538, 22.8327416030371, 2.52384435813143, 5.15000812363497, 
5.84587126896546, 1.51364910055985, 3.08971875636342, 36.9064113351866, 
1.04279882460493, 3.06391802436603, 1.39787375473094, 168.242599277931, 
12.2666129327225, 3.65670025109394, 1.85533280701882, 1.95628962671305, 
6.07958754403523, 8.08184826062213, 8.86182327526209, 2.67222681940214, 
7.60607894485934, 17.169028258557, 3.32494780201221, 0.806872181885286, 
138.945637408531, 0.831163535358649, 5.12830720938405, 1.59841800483315, 
7.87446839527178, 10.5745544193677, 4.70566416787975, 75.4709889939883, 
6.55424568098738, 3.38456711525247, 1.22014891778562, 6.11968726864216, 
2.71453523666094, 5.6044528823835, 3.32490942038493, 43.3190390939398, 
2.20094043338889, 1.16070133095384, 1.15255386932428, 1.02670154181479, 
1.81291952255594, 1.82708349766384, 18.8020702564584, 1.73915057681479, 
0.639171871945924, 19.9808222167162, 5.69619163218605, 40.9439444335942, 
46.587053723972, 1.52039763097182, 0.526249154965026, 6.07107630592946, 
149.310502939985, 1.29871113784804, 73.2953726301863, 9.41115019899537, 
17.403008428505, 1.0034177383874, 19.3944983441461, 14.8241762196381, 
0.815632162631619, 0.522328263609691, 4.60717812832101, 38.1779770230307, 
2.02262123891593, 1.15630067526416, 4.31241554839176, 9.10780790048132, 
0.365045441553641, 1.97653070312901, 2.66221862894039, 2.47118527458465, 
3.05888350982222, 3.5909639948279, 12.7748960575674, 1.01674060281187, 
6.0424273939772, 3.69242882407637, 5.31771484028391, 4.2192282193734, 
3.02018447269931, 1.44425409433219, 31.9795124885384, 9.17563989165485, 
0.511742941882745, 5.24975982512344, 8.93192955853349, 323.234196863664, 
1.17137857527376, 4.9943544586215, 0.964365627344656, 2.88138315162508, 
8.05948800670116, 1.75405405910187, 3.0707234632378, 1.06051060898693, 
2.38408661617769, 12.3895177992115, 1.75311576134524, 3.71556257436034, 
4.49731429044495, 1.5962402193095, 1.96979773958262, 21.3886152817481, 
0.436056861047146, 2.50110246290234, 0.782002920678213, 210.790078192704, 
8.4462533163521, 1.91582449302909, 2.05335575019787, 1.5753806079263, 
9.1390573153519, 5.59670681839817, 4.03803997424653, 4.12043724987894, 
6.50440346357758, 22.7543292274342, 3.22635580749626, 0.800252721951114, 
172.0792281297, 0.770997869146124, 8.49607434948342, 1.36908905928879, 
9.08845797635775, 11.1371760350321, 3.98671599776819, 88.8451705608018, 
5.07192458906291, 2.46252966788826, 1.10955732448444, 7.7177966284919, 
2.56947424345815, 8.75158621271105, 3.6218361620057, 63.6922794679807, 
2.70112557559526, 1.01545461797832, 1.35191145644931, 0.807031309230735, 
1.77739389974636, 1.9895875815822, 17.8572673574005, 1.43460401513238, 
0.706135667800786, 21.7937953200026, 6.79089716625726, 42.4678303423306, 
55.5288677234859, 1.32768900911536, 0.664531382856968, 5.84248097876661, 
156.005055542124, 1.14728683348566, 81.9224625935853, 7.64996062441629, 
15.3626885020768, 0.991228085849753, 24.6163416677952, 12.6722157649189, 
0.669159475810141, 0.437426774218588, 3.39673634459053, 44.116645973409, 
1.72695747912185, 1.34099976667292, 4.41916435424007, 8.75486017690528, 
0.419539310401035, 1.85620788438051, 2.48095794990602, 2.13351186867539, 
3.2829412044827, 3.81878657265885, 12.6266091656741, 0.966520569754738, 
6.53586468040724, 4.69078645125476, 3.79582052557269, 3.52923339666352, 
3.52957030870146, 1.36534776158521, 34.9201181258351, 8.41939130574822, 
0.438702032915481, 5.58168605878979, 10.4468910861096, 375.745625845735, 
1.11907579732972, 4.89425860743171, 1.15917413090478, 3.21341640395556, 
5.7851457891802, 1.96244121891926, 3.78940707620073, 0.956177107584272, 
2.72621571847197, 8.45152633394108, 1.49858650364565, 3.68427222498946, 
4.27251606994883, 1.57224411699088, 1.5840478229769, 16.9418862567044, 
0.41270772703156, 3.00021487171434, 0.670149682197699, 224.100630642177, 
6.82557703191497, 1.65776332365925, 2.23725146840726, 1.86602409103743, 
10.9590325757954, 5.05888820102486, 2.47029800057441, 5.26969666239517, 
6.1029352822887, 26.9383629030921), dim = c(100L, 3L)), Time_all = c(elapsed = 8.04099999999977, 
elapsed = 345.23200000001, elapsed = 351.212000000005))
