list(MSE_matrix = structure(c(25.0130578523915, 28.812873314361, 
23.0319405409529, 28.1344924237254, 30.7640893110006, 24.153163471426, 
28.3826050205537, 19.9470155820844, 22.6177018820115, 24.8718179412971, 
27.614084029214, 23.7991759813784, 24.8558399854126, 35.9018652450484, 
23.8173869790874, 19.554154429073, 26.7268538271887, 21.7966152782833, 
28.9284010024282, 24.3196220150461, 18.4058616694235, 25.3440414808178, 
31.1036263018232, 24.9459929049823, 28.201240111501, 25.2069306051196, 
25.5848204340794, 29.040928720018, 22.0423543042985, 26.1960622521596, 
18.8107926954051, 26.978124435824, 31.3806598314759, 23.429278007028, 
27.2028584915734, 21.0366860100954, 27.234787229234, 19.0705438704672, 
28.1978968252225, 30.9309761672095, 30.5704825578147, 24.4779072378645, 
22.287106986035, 21.2673405194276, 27.9458436806392, 25.8497349007493, 
22.8759589121494, 26.1887781178316, 26.1620173644427, 27.3509608429129, 
36.6923419482565, 19.7376753487345, 28.4116699945537, 25.3186527984381, 
32.017494286835, 31.8448077508067, 25.9143844879455, 35.7221814037068, 
24.665169503104, 23.3520032839814, 20.6606878623512, 27.6374164647813, 
25.6480994003199, 26.7482662691981, 32.0224707391714, 24.6124474086389, 
30.3213714215377, 27.2725312686194, 29.9759193060368, 18.3874650721735, 
16.9868485385379, 25.1954598762036, 27.6311179685925, 35.6042077158838, 
23.3683583882889, 24.6126919049268, 27.6556342499836, 16.9674504794321, 
43.4420952865475, 19.454189640055, 20.3932754338807, 38.441905179042, 
27.6485339968979, 30.9427530714735, 32.5231007676559, 27.0623489612314, 
23.9383487841967, 24.3736081359801, 20.6053870094616, 24.6262403317275, 
28.0169313504876, 28.3520892735073, 25.7368831689915, 32.095845842012, 
26.408221975467, 25.4276634008733, 31.7339933408561, 30.2506951897214, 
21.9256568135899, 18.9734306206563, 29.3173379692246, 35.265322364916, 
28.0332484031654, 33.4516806543364, 32.4301551293463, 31.9726943001894, 
32.3154029681351, 27.8376430038814, 29.2149119645421, 27.2696031335106, 
33.8699548956727, 30.0857590158493, 30.704513981581, 38.0565330007142, 
30.6617223746026, 27.2117753534056, 33.3385524585535, 29.421185284866, 
34.7138172098717, 25.7292654309891, 25.5012328107638, 30.2643660374463, 
39.1749013878569, 25.2225980647588, 32.8038502021642, 28.628553158407, 
31.5532934268002, 36.5398904046086, 27.5418761874214, 30.2447961786033, 
21.8773187115579, 35.5197276709217, 37.3712537214354, 26.4865417591205, 
30.5693351562559, 26.8115409876112, 34.3608902167409, 22.3977244339923, 
31.0258885864806, 34.5003351229286, 31.5170412275681, 30.2938793788501, 
25.7521446824713, 25.1170714601155, 34.8495583859916, 34.9409659729208, 
30.5646908447816, 33.9212203809162, 28.3488904423962, 35.1039518066123, 
40.1890099283526, 20.5919264460397, 35.2552944802764, 31.3487897512669, 
33.4985027851495, 33.5104116555434, 30.1302938620571, 36.5542315837226, 
28.8507858985458, 26.897412000127, 24.1490985507563, 31.4006060609065, 
30.068127967767, 31.073847558869, 39.6751282111876, 30.8780765475969, 
37.5793515635128, 32.9532898065161, 31.0490171402219, 26.0855391897245, 
20.9538967921644, 31.3591023657281, 33.7456028426797, 38.0197144785625, 
31.7745351886965, 28.5014517117858, 30.0247558452516, 24.698861920236, 
46.9717689275783, 30.8789434059081, 26.9851080471213, 38.9325412742696, 
31.4447062968165, 36.1309576280974, 38.5495455631064, 30.9988146618156, 
25.232866267439, 28.6223384282468, 30.2134642021011, 30.4755808356481, 
31.7670625098944, 29.6894811359323, 29.7368917084603, 34.6840037963412, 
31.4347217831534, 31.5965103472848, 31.8519931272541, 34.519802224924, 
26.0268328167163, 23.2757829163186, 32.7428906669047, 39.3968367306874, 
31.6375183262584, 37.7485909757741, 35.8190389943474, 37.9051358406593, 
35.2726537502655, 31.9638010126334, 33.0389555270034, 32.2040250634751, 
38.2857968692, 33.3093186612764, 34.2177729729811, 41.5018240418814, 
32.4474611022507, 31.1919595552243, 36.546057443215, 32.466008093291, 
39.9211706542917, 30.3299320924836, 29.1547970963176, 33.0312111868609, 
41.644193419991, 27.6350803696769, 35.4614927421512, 31.2539402053844, 
34.9598478889638, 39.836640663516, 31.0824495155064, 32.3523939555507, 
24.1011465445437, 38.0130771296926, 40.0856431950637, 29.5879629855304, 
33.7981541742265, 30.4230838482242, 35.3848502841192, 26.354790125501, 
33.3341420481592, 36.8422291076195, 33.2178335366545, 32.0137274907588, 
28.6294146598929, 27.7044714189311, 38.67352891322, 40.2941331464397, 
33.5615261707049, 38.190658530509, 33.3408853751443, 39.6451754429938, 
42.6133885277706, 25.2803881840734, 38.5249333580597, 33.6806972831521, 
34.0090062868368, 33.7837320953988, 31.6939709616651, 39.720990233675, 
32.1836274840528, 29.6100171131023, 26.6794940656378, 32.4719189678776, 
34.0030469837567, 34.4403176061892, 43.4381975660799, 35.6155011565833, 
41.2741129567786, 35.7720459233331, 33.4875217003728, 28.6985811726176, 
23.4277103580185, 35.8813614250871, 36.5784747848179, 41.0202793869293, 
34.7616604977189, 31.7039369136704, 33.7091978925873, 27.8551673761909, 
47.7216788612707, 35.7008714359562, 31.0264129763524, 39.8883168539895, 
34.6009292144748, 37.4728360957698, 42.8648371294533, 34.643809678255, 
28.5565819508902, 31.139674306264, 35.7393875290037, 33.1478041169636, 
33.4329079245967, 31.3455197343049, 30.8839125263493, 37.6207835466622, 
34.509623905535, 35.3907345512103, 34.9615784001223, 36.8813565854851, 
28.3195415533214, 27.7618021580408), dim = c(100L, 3L)), variance = structure(c(4.9024216545987, 
1.15031723888612, 44.1852307512432, 2.20505877557327, 16.8266499481041, 
3.97443269129564, 6.33177017174138, 4.70852152301241, 5.70078947073043, 
9.00645319890846, 4.61133344126374, 7.45543295083756, 1.52920256567824, 
23.8134773428414, 4.65822939504382, 13.669499150916, 3.3008492248062, 
29.9277019468509, 2.23684372324776, 1.81719609272288, 4.41555677613058, 
1.7039193696085, 2.46161942280691, 6.21613823348126, 35.4478093239005, 
6.49931828477806, 3.03739996435527, 4.76397315388603, 6.87890808062589, 
4.63165272051515, 10.9715815632827, 4.21370064166987, 2.66180679027862, 
1.17366423678783, 4.65553575333331, 1.91062294693752, 8.68782056631116, 
3.19356689217436, 8.22259364376442, 1.68648615714236, 8.58560478873984, 
12.7171405570481, 1.57456349967284, 1.39127651723228, 6.91211346090274, 
4.2683875287101, 1.25973205288547, 2.54692803694703, 6.05685676838383, 
6.67863736019053, 1.96187681473599, 9.17259340859003, 2.69295102939868, 
12.8041540943404, 6.1360447670819, 1.54512134225529, 8.22661894852999, 
2.61302269348669, 8.13900599038503, 4.62236348634138, 8.85274374710063, 
1.41314177177131, 1.9917971912773, 0.906870712729466, 5.98472779863999, 
1.62147457221972, 1.29685577655303, 4.72513696489624, 5.90151885606938, 
98.5630447913572, 1.8418482607862, 1.13942495888865, 5.08341444098093, 
3.223697323168, 12.2211424248911, 2.3587893433782, 2.52697815623587, 
2.2867414427915, 2.70307908335109, 20.3391601486184, 4.1895673722255, 
3.58894035468637, 2.05792566414252, 1.95203270511633, 0.920955770798425, 
53.7865102116832, 1.69628866115041, 3.61803323246924, 2.50946460220733, 
11.9819755223929, 14.1813191693314, 4.30488336298956, 2.16822237434063, 
3.72272032352202, 4.84112223693261, 5.53467549076137, 5.04774510196407, 
3.48251085788798, 2.78776612300384, 4.67993822599904, 2.39943995785447, 
0.70082527609583, 18.9056189820963, 1.19264554467235, 9.11307609382454, 
3.20609292062603, 3.70618499760615, 2.96695052614354, 1.65873249617158, 
7.74500986231662, 3.90770151848839, 4.50553717869864, 0.978589018898829, 
11.2456456772793, 3.46752003678138, 10.5613364639296, 1.30548242042414, 
17.6382727252869, 0.973944306130566, 0.685302321246954, 2.65543151528809, 
0.880822644442648, 1.34451991263048, 3.93558545108798, 10.2783187573322, 
2.93265546412625, 2.22619664470431, 2.10967530452363, 5.52196835906875, 
3.23963090911903, 4.51383550071599, 3.82036219726024, 1.84205895033794, 
0.762397325818287, 2.80254854040402, 1.1802272103485, 3.91859298414229, 
1.85743174780638, 5.23712794994969, 0.837299523283896, 6.07516326498632, 
8.04997241190926, 0.963645419152441, 0.938176276530282, 4.96434554121276, 
1.7151198808007, 0.755757421315155, 1.04085348384538, 4.65547774563722, 
3.1851218959906, 1.26206024563192, 6.15591497623963, 1.30938370885084, 
8.38438748808261, 4.71325219307098, 0.943989074349306, 5.89202927186544, 
1.19958336711727, 5.45763162162189, 3.0493762277013, 3.87465930257754, 
0.857684449920231, 1.25766375314168, 0.690943213359371, 5.50615902755645, 
1.103874972479, 0.899332484203369, 2.21957754102704, 4.41093811251245, 
32.0103656556721, 1.09838764376838, 0.708220508568268, 2.65895905553208, 
3.10740640716112, 8.84567506946596, 1.3808073495781, 1.04534087081637, 
1.3490656374992, 1.4175483303668, 8.46247157334905, 2.13061584021191, 
2.77411710741436, 1.4929096072212, 1.13460825557974, 0.619193725280015, 
18.703943786101, 1.1080815131098, 1.74142465071249, 1.0966133176216, 
5.78489512669925, 8.43616638772529, 3.45890811465577, 1.18944128288449, 
2.52713367704619, 3.24816195058119, 4.3333811441335, 2.9686578334737, 
1.88799729136797, 1.47561665841739, 2.908572854129, 2.07759063355502, 
0.649814453241829, 14.8769262557181, 1.08333402643058, 6.56066541605361, 
2.46038740675873, 3.02826920805464, 2.445957469646, 1.45422321543386, 
7.30291259703014, 3.64153913980083, 3.0984072895821, 0.947335819223703, 
8.32537719388532, 2.97080321800096, 8.17904775907446, 1.13209791025487, 
14.6606998202462, 0.843026219691536, 0.585679365648496, 2.19633128874107, 
0.762508589553614, 1.10760566213304, 3.2724107490404, 6.78315023429846, 
2.35102624834316, 1.92146225119058, 1.69785520640902, 4.7859454673386, 
3.08941745842081, 3.38269157188042, 3.24690631313428, 1.5699153403798, 
0.709301182781198, 2.42482304328028, 1.03610609306778, 2.94158848209432, 
1.67513396294851, 4.31064277721895, 0.753684741693412, 5.857350728113, 
6.37694736059472, 0.843794416068977, 0.864933330348857, 4.2416498524665, 
1.34110786196874, 0.701899710223708, 0.930574348227305, 3.95343852350324, 
2.56272891065927, 1.13352347163858, 5.09735240473571, 1.0941496338583, 
7.17936492280576, 3.89369929363814, 0.872954062048109, 5.13573565070471, 
1.02331981074432, 4.94458502901557, 2.89288879313874, 3.33259096211553, 
0.769041590428578, 1.11895958225472, 0.680352016747816, 4.93242670623046, 
1.0059465399698, 0.833125299806782, 2.05999427336788, 4.08076075902761, 
23.7851506052422, 0.940274589092961, 0.61139249133409, 2.1105158403768, 
3.01372454327661, 7.22191161059945, 1.28210347242023, 0.86748992567715, 
1.14962625801383, 1.22989432968202, 5.16982428703418, 2.00275136229443, 
2.4616308594475, 1.3095801853999, 0.981417613082097, 0.549604760900221, 
15.2353458126919, 1.0452925745569, 1.40315753384003, 0.88095197543514, 
4.4936395955355, 6.58928658993315, 2.86202097065664, 0.999676747050787, 
2.35883184651375, 2.77605440437196, 3.76347846737332, 2.49264585763971, 
1.53212288549292, 1.34283579689481, 2.49458721649333), dim = c(100L, 
3L)), MSE = structure(c(7.87072966637057, 1.55117054663382, 243.817917547858, 
2.78943541406601, 25.4355549328819, 4.12297103900005, 18.6004777293896, 
14.7174094259732, 5.74642993368251, 119.255362490998, 7.10108076314982, 
7.38679890780746, 2.53648367323363, 27.6688132568788, 5.4675198817152, 
26.7696534113707, 9.26250174684269, 112.258388271942, 7.01159335773023, 
2.24789432828332, 4.88186305650158, 1.95487154680585, 3.12924154217654, 
6.77007890233472, 45.7767941850348, 6.66614229023873, 4.27596338150621, 
29.3850099415664, 16.2990149224846, 56.0971679553209, 76.4667924156786, 
4.27696752266043, 4.78967404537352, 6.6437939109596, 172.535689306826, 
2.74123205324122, 95.5828571073369, 8.33696171474842, 19.4010821680719, 
2.63610921801191, 38.3406759978701, 19.9785421218793, 1.70608628430872, 
1.37856916910184, 7.44770058491623, 71.5188055246175, 1.98415369002126, 
5.5309754692774, 9.74211488077475, 14.5531514057486, 2.18233062500131, 
9.71049010982634, 3.5326056058185, 13.5792459911344, 11.2683607873786, 
5.5439184257615, 17.5684433531295, 3.89517506210671, 19.0195153606509, 
7.76840103795888, 10.2177149414259, 3.08726270268313, 5.63878135189547, 
2.37035222128439, 51.1987211466559, 8.27873374993085, 1.39973560131209, 
8.17901231511956, 13.7836134911427, 486.876080302848, 2.25009321722224, 
5.95920551136745, 6.47251181222012, 7.16738103090817, 13.7034678373271, 
4.53097718478817, 9.9305486899476, 2.82872508203674, 4.40846407207642, 
21.8717011844068, 4.59650165949778, 5.67510058995532, 4.68959287045778, 
2.94338608476906, 1.28473339988679, 59.8485339279465, 2.14623824304541, 
6.24121282484796, 2.51872498562246, 268.501153788238, 17.8298819202921, 
5.59931416660502, 3.98433760840818, 4.3877834670478, 14.1273435284183, 
6.31592794477599, 5.8717069170168, 10.6843301903455, 6.73325828542531, 
35.0744714457706, 6.58627602826611, 0.721541701223344, 338.911131969434, 
2.42351869327415, 50.4440924981794, 3.59964508775718, 19.1215581861506, 
12.706361275961, 1.64356135679032, 201.789154758796, 3.94034876614055, 
5.32429900950697, 1.69242773517092, 26.8936605554544, 4.10913711649632, 
57.9186826045948, 8.77019759968084, 207.375974030265, 9.43300329806529, 
0.70170648863235, 3.12349679193706, 1.18115355575655, 1.48771039525866, 
4.57968905559738, 35.6397545167376, 3.28169289385882, 4.20541602930268, 
31.8361965615243, 32.9547780510822, 48.2956955780981, 97.5263599269109, 
3.8642468162775, 8.33230052183871, 5.97907163187096, 181.707733809623, 
1.47180209358057, 117.064443242271, 3.37132333053952, 16.5262086281785, 
1.88391824647738, 72.6941226535489, 8.35409195755987, 0.954736646681243, 
0.995410929260467, 7.72147218619351, 83.0673968517543, 0.749417053565461, 
4.6691327106312, 11.4878178766042, 10.7435788931284, 2.92083055550862, 
16.5157247206597, 1.29753278026589, 8.98552553699399, 18.2656750777072, 
6.07045303028995, 29.1266050142648, 1.59624484617731, 23.1341905981618, 
12.7763859691262, 4.33702620707757, 1.2992348672779, 7.48002483629648, 
2.61491125855002, 80.3696503929238, 4.5560005256379, 1.22735768007225, 
9.59079045651758, 23.77601225733, 553.645962776123, 1.11692686682953, 
7.18912190565957, 7.41514197363588, 13.5292558774824, 11.3569179311506, 
7.01636384981776, 13.15432666461, 1.3583888504094, 4.06079979339894, 
8.39271046990892, 2.11908729160878, 6.85271556521065, 3.91632456263276, 
1.37916582425598, 0.693996524258318, 20.4179149194954, 3.63701967392927, 
9.50915911250298, 1.12193673081442, 282.485268858463, 9.45680042886953, 
5.56264526830846, 2.3660974177315, 6.5072728213396, 21.4015132742643, 
4.48877536995805, 3.62751589021155, 12.5505924152464, 4.80770253813591, 
53.6087414909344, 6.06388643551614, 0.662507316083634, 384.84520385444, 
2.74962210965358, 65.2141892324181, 3.00126421872347, 17.3378993337479, 
11.7321291349927, 1.4398704995131, 241.601135545156, 5.17895740638728, 
4.86936297205462, 1.60969641884799, 29.2222286369224, 3.3953821862034, 
74.5760410779932, 8.50469091896816, 254.522797526983, 10.7022783421286, 
0.580686711513389, 2.53701700962663, 1.22856175324714, 1.15483821339798, 
3.7337290380447, 35.4361530416039, 2.71504915654786, 3.61768576373613, 
34.6600549477453, 38.9155812778873, 42.8538300675386, 106.642265311998, 
3.33372003103232, 8.97793656401476, 6.34859221031236, 185.557923149749, 
1.19421394393484, 130.501306024492, 2.38248816254728, 17.5263820281026, 
1.7658028516064, 86.6963216455484, 6.41839830583684, 0.906363415593753, 
0.949947093807883, 10.3393635381628, 83.9832828611028, 0.801123582691257, 
4.19214610338572, 13.2770094458447, 10.4222695167362, 4.01262636989045, 
22.6328523803774, 1.35033916395316, 9.9199998961929, 20.1341164286025, 
6.06955234705845, 37.7819707169105, 1.09952848469594, 26.3887138375457, 
17.282247025743, 3.59838663745665, 0.947278284147368, 9.33170709942032, 
3.01922957143165, 89.8715869324998, 3.34139482346601, 1.16250907725008, 
11.8764796658918, 31.9750445317404, 578.927402059872, 0.931137048238836, 
7.80984693647579, 7.50781258565004, 17.7850916919356, 15.2249741744911, 
8.89445254146957, 14.4113571629659, 1.14997765688025, 4.68190824197869, 
5.78822204899303, 2.23611449713851, 8.73317802443941, 4.40370827260271, 
1.06218069615732, 0.861794187210778, 16.3064054071197, 4.48731993199968, 
12.3681853304548, 0.904542926267697, 289.059902778872, 6.98975354323913, 
5.5002375972553, 1.89325622119583, 9.48156023898203, 28.1457435109483, 
3.82670024817461, 4.69056249908055, 12.9756077509871, 5.21493850286667, 
62.1567853199173), dim = c(100L, 3L)), Time_all = c(elapsed = 0.380999999999972, 
elapsed = 12.4260000000006, elapsed = 12.9129999999988))
