list(MSE_matrix = structure(c(9.33045031410664, 14.2480828458839, 
10.7574939641597, 10.0446412441177, 8.72991628122832, 14.3493965747582, 
7.08565291527756, 8.42790995308416, 7.95087616349454, 13.5184986471907, 
16.7288194648058, 8.81129583392237, 10.4266087265837, 9.75737431086825, 
7.92758121068993, 7.94815712969083, 10.2600276011424, 6.9207386866045, 
8.1617676947937, 10.3263369800957, 17.1951055726545, 11.4494043247171, 
6.98792015592987, 8.29369559369085, 8.70605685890352, 12.6369094958721, 
11.0162661858507, 7.54317096530475, 14.2356244862187, 18.9156018660294, 
8.90089959351764, 12.3561751098954, 14.0380104695203, 8.24203721807113, 
9.99408547331918, 10.0709706599825, 9.30661919476306, 10.6248340748179, 
11.1942731667157, 14.5441017790194, 16.8700896948859, 6.08380576681058, 
10.2126141511787, 11.6418539875866, 9.05541560034144, 11.9159228205873, 
9.89392872003313, 12.3653138230997, 9.83832245713952, 17.6384579136456, 
9.98476638415395, 10.526246353279, 6.7977998524526, 11.0062701899445, 
7.82487689075707, 12.6258504265843, 13.2889224472654, 18.6427264081811, 
10.9882226316708, 9.9976040381676, 11.2869099702729, 9.22844130307566, 
6.40442100630489, 15.3065589047336, 10.4827113046097, 6.90094336385894, 
8.95120138434166, 13.9934433447447, 10.469972585272, 10.9538842954891, 
8.96686586730698, 12.8895115507892, 15.1281780079696, 8.97534337514233, 
7.77541042384235, 9.892199246188, 10.9810669872414, 9.20052639184174, 
9.16438454498248, 9.62997797890167, 6.56221188582388, 10.5270400319743, 
19.0014724319653, 9.60557903269551, 13.4965758318784, 7.27831982376461, 
15.3462278265912, 8.30116346129121, 7.79998296813713, 6.84399811062795, 
10.1291339625558, 10.0877837650281, 12.4941305722991, 9.08857970912392, 
11.2447306870569, 11.070226810842, 7.50350275315465, 8.79766268067326, 
11.3974641364146, 13.8148390655959, 10.3884215510536, 14.7705314926326, 
11.180793760216, 11.5916605729123, 9.38315540421016, 14.9170125915348, 
9.15178244705277, 9.80682090458288, 8.83370857993171, 13.5313402848202, 
15.5058055092354, 10.3649784626474, 11.0813767213791, 11.5238404024022, 
9.08240491526763, 10.3610065516528, 11.3129591753796, 8.32862582180629, 
8.79771188738776, 11.3933526981303, 16.1919341566836, 11.8823404637613, 
8.02062497653376, 9.25174238366482, 9.83282000502553, 10.7001328449321, 
12.0415247468253, 8.66225226077834, 15.9776432498564, 18.9629714922863, 
9.53869085973494, 13.6339170943108, 13.2788036425711, 8.83162025643635, 
11.2314258184684, 11.0679807406506, 9.79015295311624, 11.1825047086069, 
10.5329392111381, 13.7818998646268, 17.4868979448944, 7.01674298627294, 
10.5261302218328, 12.5364535849811, 9.79422854475217, 12.9499474463264, 
11.3217572812436, 12.9348988901373, 10.7523347067345, 17.0270006854555, 
11.0282459269135, 11.9926870586274, 7.21965115702467, 12.0543743816864, 
10.2047807226814, 12.8077311242834, 14.1750321933038, 17.7772501588709, 
11.8069156491647, 9.51895607965846, 11.4900466165472, 8.99606242628225, 
7.4318384103478, 15.592662288356, 10.4824156800158, 9.06532916215083, 
9.85068958127169, 14.0455793015441, 11.3181591336674, 11.1787246484845, 
8.46587007099779, 12.4717556584717, 15.4189617512755, 9.51582671218926, 
8.80732442423895, 11.8005318200532, 11.9147070961631, 9.66687840992075, 
9.45157943416973, 10.9937939741422, 7.85820014691041, 10.5822573315309, 
18.8517626439754, 10.3603865985254, 13.025877442296, 8.6541490959125, 
15.8465736375245, 10.7643503359922, 8.53800859059841, 8.26249506341373, 
10.8021619016108, 11.4404389711136, 13.9675429617042, 10.6884862986116, 
12.3716784155446, 12.2830791718999, 8.21332940058767, 9.10240784102535, 
10.9008342048747, 14.474872261906, 11.4418264040628, 15.9010448662089, 
12.4537417480251, 13.2440196301806, 10.7910910078512, 16.6484981897509, 
11.4306275325194, 11.7972215552465, 10.1963790337021, 15.1370543642389, 
15.5739450435728, 12.1810679147242, 12.4956426775699, 13.9796108238266, 
11.1075408288026, 12.7361976571016, 13.1845992797792, 10.491610669698, 
10.2073820624709, 12.9226399243918, 16.2920843750935, 12.7826027183663, 
10.1464417354281, 11.1562146220882, 12.3640858890845, 11.1387781925662, 
13.8330863905955, 10.5402062925016, 17.7562465268581, 19.6597879333986, 
10.6338592163376, 15.0152876950533, 13.4277685521644, 10.4705090928287, 
13.0199831035207, 12.8414462494986, 11.3453618315509, 12.3691646988056, 
11.2289187727825, 13.883075440164, 18.463600283551, 8.75054675624244, 
11.9410931721052, 14.0763995696134, 10.7806002247791, 15.2443297447796, 
13.3090207621118, 14.1928999853134, 12.0484773471244, 17.9396413868706, 
12.6675428298451, 13.9543127724583, 8.76290602068245, 13.7305403461167, 
12.2501433267096, 15.2971904703856, 15.5031401945616, 17.7999969103978, 
13.3785391809329, 10.3163044045151, 12.9619603891537, 10.3522614456518, 
8.98513832073397, 16.3504753210342, 11.2615943218365, 11.38354488849, 
11.4670732686403, 15.3465472032523, 12.7760501256706, 12.8928864951775, 
9.80235021184045, 12.9948072026617, 15.7616789253205, 11.0985665518846, 
11.3189182879807, 13.543295682829, 13.175558139494, 11.6329767558964, 
11.2869082957602, 12.598362558193, 9.94862077303141, 12.570070339589, 
19.6421149296185, 11.8037791708612, 13.4357437331741, 10.9097683526658, 
16.8966246650969, 12.9193306216095, 10.1336568165014, 10.446126916337, 
12.1179033870672, 13.505747265324, 15.1424098815696, 12.596906762515, 
13.7676805901853, 13.5251716467937, 9.68598628498965, 10.8089331231284, 
12.3053614327685, 15.8053495196626), .Dim = c(100L, 3L)), variance = structure(c(2.91663033218899, 
0.443707302036643, 35.1851715985026, 0.575767419542571, 5.08115701738977, 
1.50623491069031, 1.35990415553678, 1.54210184554882, 3.9884038541341, 
1.74357551422633, 1.23810819207977, 2.77499258824867, 0.489063692103077, 
2.02233799203366, 1.64184551801215, 1.51799611556157, 2.38518529415304, 
3.7522411043948, 1.9162672452795, 0.427332447538555, 1.73223607440578, 
0.590489870952639, 1.33998868902171, 2.5322053358525, 42.8709653623783, 
3.29878275648201, 0.804196794856348, 1.49574363516802, 3.04668722433553, 
1.52570540173246, 6.45021389701558, 1.57416980592891, 0.842684731673681, 
0.338601496896182, 5.61841277847739, 0.501108320027056, 5.24071640269168, 
0.873480189951901, 2.75365585180198, 1.39813157840715, 3.81726492895405, 
5.45405517536187, 0.758939594398486, 0.475963952525819, 5.88804244566062, 
3.44733651956015, 0.483523014990011, 0.758717159105115, 0.847567840197674, 
2.92487475593889, 0.276425077654253, 4.78347244449913, 0.543643197004751, 
1.35249894284062, 3.60096699420691, 0.50782601796532, 3.03383670409944, 
0.890818176297335, 1.89072847812787, 1.10067227838246, 5.07737510132716, 
0.690905857384006, 0.713013683722335, 0.353845947197532, 1.9211684301356, 
0.326806958419491, 0.377904857033152, 1.67723141460235, 3.64872549735085, 
77.8218725037493, 0.941618871283594, 0.25450941100108, 0.951286982820219, 
1.0249301691021, 2.1223461067884, 3.17032596665585, 2.21352747736705, 
1.35735981710823, 0.967322726383801, 12.6818847018496, 1.64120038484393, 
1.22014793311771, 0.4017542578571, 0.947790186285576, 0.267239635215031, 
42.2304690033721, 0.608809851237825, 1.26790054881873, 0.341446313422919, 
16.4315525708677, 2.30781721681014, 2.50286057231367, 1.32466795002912, 
1.49792938369442, 1.85299662686741, 1.35924389446954, 1.26357730987182, 
1.59568119304257, 2.76216454971986, 1.25952373454753, 2.12385323530556, 
0.349124138025902, 25.4392021346863, 0.413061849611002, 3.42233632838095, 
1.01937066226828, 0.945611686741029, 0.830205790710641, 3.43162450003324, 
1.54298324526115, 0.772099148694024, 1.97843072144579, 0.428077725997365, 
2.21935138972815, 1.2549408266254, 1.01426617218105, 1.69701299616899, 
3.52406808158115, 1.34104251891548, 0.398096825631896, 0.836194709317109, 
0.507979410709476, 1.03956135192449, 1.15383629387936, 22.2480856970916, 
1.93603705715369, 0.634317938261745, 1.11458425247574, 2.03185992331929, 
1.29517546655238, 4.42230432259892, 1.10391610192539, 0.625288679247854, 
0.296167954090752, 2.98416333862408, 0.363711095380445, 3.49299860300847, 
0.673004210172762, 2.18784900540258, 0.942092248572198, 2.09065736332628, 
3.50924316530956, 0.555871164746946, 0.336856936333287, 3.4245893778867, 
2.54111637348489, 0.36880065256316, 0.459049628703202, 0.674677802429697, 
1.83151483072997, 0.223915779267351, 2.53366915305482, 0.425182807433556, 
0.848560233255867, 2.37019930912049, 0.418549724714818, 2.07120242657441, 
0.641912295955931, 1.31107623655264, 0.859949622387801, 3.66632155111225, 
0.488742299543706, 0.47640011834168, 0.271518125033395, 1.45298092705588, 
0.262377939389733, 0.344674245293144, 1.37459209740025, 2.60989367274254, 
50.6607538295854, 0.726686002184518, 0.196839998711372, 0.675761727191547, 
0.795362684778316, 1.48432444353589, 1.62333696173187, 1.5592805144262, 
0.882813237650043, 0.728308247143891, 8.07475624670778, 1.40452826472495, 
0.879999133931066, 0.34593801560884, 0.744104247393434, 0.187328537446731, 
26.8076496338173, 0.441234944388797, 0.904392433746964, 0.272740165043602, 
8.54365816888147, 1.8614383137161, 1.77202297930011, 1.04991422990721, 
1.23274174697908, 1.22706101199784, 1.02674604694721, 0.701131746788429, 
0.94559671660365, 1.74285533779738, 0.660645749792461, 1.68001131510303, 
0.301087580625136, 18.5456014985615, 0.309619457506255, 2.62195324612499, 
0.740003961259284, 0.818502570375649, 0.550897155720213, 3.0195876003326, 
1.46493707038634, 0.594483740052058, 1.64933322404271, 0.406366775319921, 
2.59406133417011, 1.06156928459547, 0.89668674992463, 1.29309891262139, 
3.66790263305244, 1.00525882581881, 0.376142493633989, 0.52718644167168, 
0.444735848696913, 0.89332231925953, 0.697674828279564, 13.4540950934934, 
1.31556757837353, 0.545784233866985, 0.914396238835031, 1.69993102302382, 
1.08947975584109, 3.05150899215224, 0.832096476693223, 0.544696004515499, 
0.262338129496972, 1.79037022304247, 0.2853500883204, 2.47606096345567, 
0.581820826376651, 1.9978552280029, 0.695619024699385, 1.5217596627624, 
2.42443098547814, 0.438921890795768, 0.293669442068745, 2.55589868879802, 
2.05925887649773, 0.29909518096787, 0.395474477085818, 0.606468696954568, 
1.26005161253917, 0.222975502806382, 1.8630080480113, 0.393886050798584, 
0.736424963164769, 1.94873058031912, 0.352524218749277, 1.49752629638904, 
0.513672771797721, 1.16275437016461, 0.811909958261298, 2.57995435694431, 
0.383710204218035, 0.363856899315017, 0.244472253015207, 1.2668670431113, 
0.246030221844119, 0.32609304010252, 1.13351513458835, 2.11316959924086, 
34.6628742719814, 0.626717057377731, 0.163006061645934, 0.617356510471598, 
0.684425227129997, 1.16211184063373, 1.00516266495643, 1.18163479845087, 
0.697173004775918, 0.635142201365188, 6.03412689514544, 1.22756024733156, 
0.684449306066684, 0.33253440166245, 0.652420662971272, 0.160543811932311, 
18.0462608684171, 0.372143574831769, 0.770288520030286, 0.249771620721204, 
5.16388985770603, 1.39801590204679, 1.30619882406451, 0.898364309286643, 
1.09508883186912, 1.08798944715046, 0.890023960368779, 0.545058311638034, 
0.701991198308688, 1.22174042694206, 0.514324224347493), .Dim = c(100L, 
3L)), MSE = structure(c(3.45939656505315, 0.993416573826875, 
42.9687228848146, 1.46427327121644, 7.27309670869316, 2.87357388461134, 
3.55981819387961, 7.98062100860687, 4.70687666939793, 34.2007078737871, 
6.89298729846119, 2.96446254937061, 1.40786490840398, 6.08736849706872, 
2.87538535506158, 1.5133810855967, 2.65204920461356, 7.0655692116922, 
1.90352013876277, 0.813570187474719, 1.86878114119302, 2.55926000410701, 
1.34333165014675, 2.57719455028777, 42.4494579365248, 7.74787008011008, 
1.60332587672707, 7.48921621607734, 4.74690129387364, 29.5620101863662, 
13.3512151673783, 2.70835078569293, 1.09441303182849, 6.12706062243395, 
112.425752999993, 1.4351289051461, 34.3505219839192, 14.3023270986589, 
21.69573129159, 3.34825016184996, 12.0697639757282, 23.3339660524586, 
1.45389885246576, 0.601802821766717, 7.68073081741317, 14.2224859972556, 
2.42818415739332, 0.751239521419425, 5.41221467079992, 4.44653741453414, 
0.438063487623247, 4.74040381711177, 1.16300345173258, 1.48475005434846, 
4.77361968495346, 2.91350975332955, 10.0404165119442, 1.05115848424441, 
3.69816784622322, 1.10813966039804, 24.6572635444648, 6.64425362180491, 
2.01039057891301, 1.55628926981118, 25.4279705046352, 11.0077199842474, 
0.475048229641481, 2.97694781339378, 5.88913075653931, 108.943032077205, 
0.93461702891883, 7.54973131310371, 1.56321318416139, 2.86412376632083, 
12.9565078773709, 4.16312785661592, 2.20714432458329, 1.34408941603918, 
1.33338723339152, 19.5417338487349, 1.89892422571983, 4.8201962164223, 
6.14894434816631, 0.939029799233042, 2.97734119134365, 53.0665072060028, 
0.72555752574983, 3.14674442264885, 0.581119299733172, 138.730750645203, 
6.82588944217183, 3.15178986381279, 1.36727019303668, 1.48733493589861, 
3.29515023297851, 8.16941842113394, 9.05319014940562, 1.75395803205383, 
5.35342490228126, 14.3418933591251, 3.1428397641332, 0.914276663478818, 
59.3212296247354, 1.29538152733132, 3.9070862320934, 1.98000480571739, 
3.99409996115653, 8.53763082434989, 4.59157415707738, 44.6316549128066, 
7.14660160877432, 2.41600240344889, 1.41214646143228, 3.95621397547739, 
2.54961201002011, 1.19105036668712, 2.32403956587499, 12.725381185221, 
1.47464787693874, 0.92282203240233, 0.991029034839191, 2.02322839966317, 
1.31934146359383, 1.16956606169601, 22.3308375810826, 3.75750994163725, 
0.839489477062331, 11.1236122736865, 4.15714446611337, 32.8502237877384, 
21.203614561748, 2.04402098024838, 0.765210838479717, 6.29823481691935, 
128.915542390403, 1.28102732571681, 46.2559570669588, 12.5301939891471, 
19.2106289472787, 1.46892226485338, 11.9065207716584, 21.7567729276065, 
1.15005736841932, 0.371327172159251, 6.05161997373565, 21.2324370365105, 
2.42387419652356, 0.521046933580231, 4.28960103478812, 5.53863598315818, 
0.297539651306368, 2.51494806701566, 1.39527998102346, 1.41944263841646, 
3.42153196134494, 2.83838590186244, 9.64328505097101, 0.644758378886341, 
3.85288684847637, 1.19383419277182, 13.6132157267064, 6.02698589694775, 
2.02557657681382, 1.5606823576999, 26.408607301116, 10.6761132124637, 
0.448105446609781, 3.47006727761369, 6.11673411271058, 155.684488097343, 
0.826216053170169, 6.44688752598579, 1.22261247840063, 2.54697743318199, 
11.8372584093898, 2.1650667056222, 1.88221104169415, 0.956246988411211, 
1.36630274002672, 15.4277961350553, 1.60466342491722, 4.21040901869161, 
5.49201336605995, 0.923013914518395, 2.78778294014888, 40.1080520377951, 
0.537046370869637, 2.80263625554363, 0.48714809338154, 166.210556686714, 
7.17420091680528, 2.46758555858409, 1.12857935765813, 1.24524488479076, 
4.54813095224184, 7.18491374921886, 6.87782763312329, 1.5517494645364, 
5.53629085238903, 16.5614424317491, 3.00844207047875, 0.903145656728495, 
87.2358292809888, 1.06657310494077, 2.68911342159801, 1.47056653066567, 
4.88569898140919, 9.4534357356133, 4.95113204597231, 54.7436082404298, 
6.77229863195657, 2.2291302917642, 1.32291951572556, 2.69573337156861, 
2.353353519401, 1.70830169009325, 2.19034932004656, 22.9591084954204, 
1.41206103634519, 0.86178424221134, 0.868170005357857, 1.59069522981916, 
1.5655925892467, 1.00300342247332, 14.7829006892662, 2.31333160662905, 
0.575292447423902, 14.323772932751, 3.97823421898814, 34.4887077120606, 
31.8777389506116, 1.56944121014524, 0.589367692126067, 6.19778448143143, 
140.968162755037, 1.14946085952585, 57.8613729820836, 10.8534001993634, 
16.5673006964027, 0.789846516826666, 13.4812747957561, 20.5023176205109, 
0.960735139565889, 0.302676213255822, 5.66394938620595, 26.3316965226338, 
2.32602873076, 0.533277928051314, 3.87083107892065, 6.48553569571056, 
0.236899818891723, 1.8498729101808, 1.60989896786581, 1.56459335518377, 
2.78292611147283, 2.88973437001363, 8.84551838401766, 0.517387211660182, 
4.03540442738473, 1.71730810082044, 8.0729408058553, 5.33943354607602, 
2.31578609377129, 1.56315189232126, 26.6316952530063, 10.2324482678597, 
0.44106555930134, 3.90587340063451, 7.02341307766018, 223.990054503992, 
0.945735703546839, 5.80129296369418, 0.861104191016497, 2.41379750325291, 
10.3153839980652, 1.63704886173392, 1.90955097429607, 0.875154499585533, 
1.66251547150852, 12.4837941230049, 1.36683319780361, 3.93362331747433, 
5.15027400544031, 1.13234998490428, 2.57713540168139, 31.377742848152, 
0.405122525228808, 2.83495536249478, 0.414643751723093, 189.840646017854, 
6.50359424177532, 1.90595517952949, 1.36359214282162, 1.27314460289205, 
6.30123509425088, 6.73416310353669, 4.96649374962017, 2.01209457834475, 
5.69780889688896, 19.6454389931088), .Dim = c(100L, 3L)), Time_all = c(elapsed = 5.99600000000123, 
elapsed = 881.971000000051, elapsed = 913.018999999966))
