list(MSE_matrix = structure(c(9.33045031410664, 11.8515273004389, 
10.569529047484, 13.5556151965879, 11.8767104293226, 10.1292882255753, 
10.6433951492262, 9.30057391719405, 9.35394140719937, 6.82142563811132, 
12.6030609080605, 12.6029929488334, 9.64715625494084, 12.5280805707372, 
11.41282429813, 8.08279117459444, 16.0747845917322, 9.29785086162506, 
8.83339470283786, 9.48854349971655, 11.6638455672808, 10.5279710739301, 
7.56202396763928, 7.55301005029531, 13.3023525417199, 17.8963395970836, 
9.85517828604202, 11.9492383369441, 12.2187673757565, 8.46843067420417, 
13.483118253372, 8.67514500450523, 10.1691702768044, 6.52222385557444, 
15.3856995670742, 11.5194695260284, 6.47782831327514, 17.5894660134529, 
11.7817857313298, 7.64740051387278, 11.0413042330377, 20.6804015612859, 
17.0642863015053, 10.1220599941262, 12.9523474469584, 11.4638746601238, 
7.38947220245004, 16.7840773194194, 17.788173272715, 13.8535194705436, 
10.3483062688748, 10.65010504523, 9.32947917157919, 7.99316067140215, 
18.5834707446552, 13.4941677708106, 14.8813249832229, 12.371692687611, 
13.2979965257002, 13.9474777826767, 10.7683653500423, 12.2961400367081, 
8.00244550831017, 10.0652453075687, 9.31265260017478, 10.6506112248202, 
8.4074514474798, 9.42282262329716, 16.7180316149993, 12.8590906819677, 
9.91445632772548, 8.05977869160702, 10.2656241426892, 10.9691733746621, 
11.2711675365612, 19.3538017651768, 9.54673982645668, 9.37831349865279, 
11.2215230278495, 13.9368948766038, 12.3404360850581, 18.0586040505885, 
11.3547660485978, 14.6720497671647, 8.34160376946495, 11.9467339392989, 
7.56573880570433, 6.4853634389891, 15.7625256386749, 10.3061215933693, 
9.02909970177917, 9.21437607873353, 6.82923662801124, 16.1587979998479, 
11.673063055791, 7.35174019945023, 9.56028695151722, 9.55239516631269, 
7.45356258323536, 9.38968712322746, 11.9184774527639, 13.356177953114, 
11.4148936395173, 15.1554809168858, 14.2343607385216, 10.935756622549, 
14.188351881028, 11.9910946703899, 11.0950097305685, 10.8430760001141, 
15.3787227515526, 15.5584765263434, 12.9741320668139, 13.9984789462649, 
11.8196934425789, 10.6681221194073, 17.5949275021762, 11.2158123182741, 
12.5828142724806, 13.3780814492044, 14.0994358494475, 13.5942652738199, 
9.52692752678448, 11.1225284049634, 15.6071201180087, 19.6491217290785, 
13.420313023617, 12.7446166277228, 15.5837413357658, 12.062444635027, 
15.5801830173961, 13.6316682681529, 12.0897711328922, 9.28645657469217, 
15.8008417971255, 11.0371219403559, 9.45473156656128, 14.3810190753592, 
15.626999224406, 11.3522009558724, 11.9940201150118, 21.4432273505799, 
17.190060325136, 13.1282553900743, 13.4468904809036, 13.6615557462801, 
10.1357581440363, 18.100498388628, 19.36943658731, 15.7748267050348, 
12.6498102479002, 12.5821147580217, 10.8875405997421, 10.6823968814828, 
20.1530882828694, 14.5220494563757, 13.458245157278, 13.6414933764226, 
16.4917301255501, 14.0546856826883, 13.0222657882236, 14.7926939630713, 
10.0002743209774, 11.4629238193622, 11.9901923919552, 12.0613751574278, 
12.5119189428224, 11.4604419923413, 18.4537538065585, 14.4675875903016, 
13.6830025142012, 13.9280253749773, 13.1717215949164, 14.1616939177202, 
11.826522475498, 17.6604478403331, 12.7684207304175, 11.3126224301474, 
14.9601234151333, 14.3097925129805, 13.3957046718403, 19.0461864648791, 
12.6682955622897, 15.4789130300218, 12.2327277976722, 12.151809770012, 
8.99217388156591, 9.93658901900594, 18.9243653331807, 13.5407584475359, 
11.0270959396477, 10.8800415431204, 8.72573928956388, 17.6909904533968, 
11.7445200334927, 11.8580048092927, 10.5328759824028, 11.7849285872052, 
9.62256007655323, 13.0598028803949, 12.9619229091303, 15.1467616062994, 
12.4530671241753, 16.1422498286531, 16.3033272572054, 12.153179208634, 
15.0485488207937, 13.0985490697004, 12.2590998537111, 12.3139459317651, 
16.6720983188976, 16.6670672576063, 15.1816419348635, 15.4647370160043, 
13.01666326607, 12.4159047178761, 18.3049794040438, 12.1039375322416, 
14.0054779691871, 15.0813605612187, 16.5568272765606, 15.5622772728984, 
11.1419678670838, 12.5683224269897, 17.1283957899021, 20.9458537923579, 
15.6727564914948, 13.862513677801, 16.686201527485, 13.728608517799, 
16.9667087555269, 15.0828654439497, 13.5955686153463, 11.1478635753403, 
16.2622019494013, 11.9570850346188, 11.1962153926594, 15.0652213797761, 
17.0821642353206, 13.7314990388168, 13.2394166524247, 22.0418832765731, 
18.2261156857234, 14.8973192663066, 14.61607706982, 14.6439264940827, 
11.4850588663564, 18.8636641459951, 20.5046226916672, 17.0832959015378, 
14.225644722597, 14.2981468869195, 11.8889939341602, 12.3773599206014, 
21.5104836493321, 15.4842507924197, 14.4159689949637, 15.4585560194223, 
17.5906344950128, 15.1791912660814, 14.4227395215606, 16.2391254522955, 
11.6296898802056, 14.0317953794265, 14.3005755938552, 13.4098556482863, 
14.5392346305915, 12.602601787065, 19.5509744753396, 16.5818344135851, 
15.0775998166269, 15.7686401312251, 15.1006021118604, 15.9737106207999, 
13.5750689048629, 18.3566079571033, 14.6778436578051, 12.4298296711182, 
16.6037476264077, 15.5749709587713, 14.4356854389645, 20.3158769806685, 
14.3047717619414, 16.2344803693663, 13.9692208509799, 13.7762308528019, 
10.3322289620573, 12.1948313150433, 19.3042634990508, 15.3499103387822, 
13.3852732587318, 12.930724375292, 10.3117116545082, 19.0044096334861, 
12.9826098340503, 13.4010622249542, 12.3128138002165, 13.4293808661104, 
11.070038649553, 15.1089853078906), .Dim = c(100L, 3L)), variance = structure(c(2.00808190751956, 
0.315605777834147, 44.2949782925694, 0.823756371573586, 6.04974554558454, 
1.67207098611752, 2.07030785192126, 1.5485718130545, 4.79072176653409, 
1.37502424116271, 1.52719121726496, 2.79014514629495, 0.423412659272121, 
3.65952609113799, 1.66740996461498, 1.85600232459152, 2.23299084269789, 
5.62266165516226, 1.64545907927807, 0.383596478823332, 1.82231667665307, 
0.503798238381364, 1.39835879946033, 2.18489333516006, 48.1272650868819, 
3.52426661614483, 1.19177609859559, 1.84838564314941, 2.49703829935029, 
1.4062826303764, 9.2242428360698, 1.58669400547571, 0.888933170305303, 
0.327575584281704, 6.28270748194001, 0.611986838881306, 5.45431924364107, 
1.23396717267327, 2.26299703009268, 1.22562471405756, 3.78272291802831, 
7.04776006553162, 0.655199648562469, 0.67946671412951, 3.86480686074335, 
3.13895326102163, 0.504618461658655, 0.71911224359941, 1.36982166684291, 
2.90117446772006, 0.315148769999619, 4.35030742760098, 0.686429841577453, 
2.00423651530316, 3.07558000491528, 0.365261478306978, 4.17584912259764, 
1.1746621148912, 1.45352381579468, 0.875616413962549, 7.04618941477463, 
0.643480668214749, 0.4383155386342, 0.290895599967935, 1.59859764148239, 
0.320309832616218, 0.352775484885723, 1.69809897463829, 4.69083828309511, 
85.1681999810592, 1.01525391746175, 0.214885760743511, 1.03382195827423, 
1.09276602818686, 2.56046202430552, 2.74467520877215, 1.88873058633483, 
1.38207291639079, 1.10037809161481, 13.5439706392557, 1.34840020282029, 
1.49752606075177, 0.444536748598986, 0.932493806323176, 0.326797241335914, 
49.1287106426905, 0.608772042737119, 1.26009377015497, 0.630269433712458, 
16.4581624843323, 2.10778676554868, 2.44758550098003, 1.33904246123744, 
2.0807421335484, 2.34146577502852, 1.3360295335245, 1.34796038350347, 
1.64227796426166, 2.93394482870466, 1.52388394697062, 1.33615589592038, 
0.185210934694604, 19.3728960962652, 0.473333112475775, 3.06947291949448, 
0.858232726760983, 0.98526534130853, 0.445176654075293, 2.39154446072561, 
1.10303235693987, 0.879598658685912, 1.36655821931427, 0.287837359571591, 
3.86708614522083, 0.93961888831504, 1.15943401093337, 0.986947797812374, 
4.93917349665372, 0.820971621305894, 0.378654895650554, 0.393304850647696, 
0.377069336901068, 0.819191504595604, 0.76839059966298, 14.6054243736111, 
1.47636288562339, 0.716515145015868, 1.0358867630949, 1.39633372987729, 
0.800652913466416, 4.21086495254967, 0.891506013657275, 0.514810275017748, 
0.256658985929459, 2.3208658943548, 0.350968642446649, 2.51777529385821, 
0.690057591516724, 1.51012740594459, 0.577440562561397, 1.46522589042167, 
3.14920276659908, 0.371332128833789, 0.373243296399028, 1.67418484465127, 
1.6685748070977, 0.295808006313255, 0.342687532393304, 0.832832696271743, 
1.3654430854084, 0.238081900241901, 2.03619948470462, 0.350674329711015, 
1.16942989510638, 1.67073655694557, 0.302911703893596, 1.56620160210863, 
0.668011614671117, 1.08528788129061, 0.622912449296096, 2.88185843212868, 
0.338135989499098, 0.264072065524287, 0.188183995945004, 1.08777536331249, 
0.226793136339807, 0.254087237420339, 0.994395321286879, 2.20924029473267, 
39.7610824587919, 0.581958727881856, 0.140097035210676, 0.677275161839818, 
0.626004659247514, 1.32079491729894, 0.944268263736748, 0.876454712879528, 
0.730948466510239, 0.513518689584023, 6.04931971619847, 0.904951069102051, 
0.683794140996502, 0.311366384853788, 0.545273973855759, 0.16447053319508, 
18.78688273254, 0.322128556547543, 0.658383973846069, 0.412001180736331, 
5.67203633733279, 1.85365790935085, 1.14191196454275, 0.770092671650242, 
1.20956953469252, 1.36924791258327, 0.990776894500981, 0.69220657920648, 
0.760809946642919, 1.26198153952783, 0.716950781598951, 1.13334811204171, 
0.170083541130739, 15.2094294439549, 0.399238624545492, 2.7284093940772, 
0.759863223561429, 0.810578006541048, 0.396180000687294, 1.95487198567809, 
1.07476605230618, 0.778013365625266, 1.21336384550477, 0.261301393190227, 
3.62888794168387, 0.89289812657072, 1.28244402810849, 0.849312608726152, 
5.23289159804435, 0.696476203894058, 0.365600718357331, 0.327040513521135, 
0.353486748776971, 0.679416661058237, 0.668924946242597, 10.1318862238063, 
1.06364583584455, 0.627923991309235, 0.834639433653819, 1.32235381566364, 
0.689276834802899, 3.20713306259949, 0.860507768321488, 0.448651505944179, 
0.235483550481384, 1.71589109636835, 0.309339547729138, 1.92136730824257, 
0.601954859157957, 1.48785083962726, 0.451665709404719, 1.37450651077484, 
2.49688176149498, 0.30843329808149, 0.336180862555756, 1.44686986793414, 
1.43230822997773, 0.25469085886448, 0.293909576135011, 0.75490199861695, 
1.01156599923095, 0.221992175607733, 1.66302231252576, 0.324329356171781, 
1.13236980866825, 1.52037031766208, 0.289469033855937, 1.25295546927372, 
0.571400414867335, 1.05691380681071, 0.628171881624032, 2.1995005095984, 
0.280427387096326, 0.247686080065277, 0.168535714485866, 1.05763344072469, 
0.204095628037457, 0.24213983911595, 0.873311188284041, 1.83067634234161, 
28.7578533782215, 0.479530407933217, 0.136167879624248, 0.682402532923285, 
0.54058326864747, 1.13463097728456, 0.678920397156187, 0.750600917737123, 
0.648951058372501, 0.466861149684021, 4.81450294794263, 0.846234200131172, 
0.580950567289849, 0.308012176181639, 0.451469315345576, 0.137657497563347, 
13.5536895520493, 0.274890450798882, 0.545254617819039, 0.363960330324152, 
4.1380420202412, 1.77218373250219, 1.00337829495419, 0.628385791707768, 
1.07654814010976, 1.13477084320547, 0.966659523645846, 0.652619735402915, 
0.662872979136058, 1.00089293128802, 0.655627253987736), .Dim = c(100L, 
3L)), MSE = structure(c(2.38097296342899, 0.895544983739939, 
54.2858491792848, 1.86489504786775, 7.66071566225866, 3.76910415914691, 
5.16152723752242, 7.97888251369775, 5.81498146620181, 29.407201356801, 
7.31202324710529, 2.77496585024526, 1.27400899006207, 6.81738117721883, 
3.1626055577064, 1.9216774181032, 2.57336395051734, 10.0104641266629, 
1.64520621023884, 0.971575401788319, 1.99752438592134, 2.74787164290935, 
1.46129657280682, 2.16455844007888, 48.5091244580084, 6.45503283608776, 
1.82727847332715, 7.72733795721725, 4.2516458050642, 26.7117419624935, 
19.2053255941641, 2.95083370559387, 1.16675919478532, 6.19589118970467, 
116.927458916149, 1.66301719162223, 32.3113945139248, 16.3854514919822, 
20.1179394011098, 3.49103332765902, 12.0353845067005, 23.4124497822127, 
1.18983684380612, 0.799127965475371, 5.66250548014743, 13.173142507807, 
2.73345368508209, 0.722225704279149, 6.19127194745571, 5.46055100569014, 
0.602940500167613, 4.33739258756701, 1.48952250640019, 2.32393515001202, 
3.79274600058212, 2.49592039021505, 13.4574004780156, 1.28964180122624, 
2.93675370952552, 0.868596630502654, 23.7270379665637, 6.45264960226255, 
1.72861544083943, 1.20252970069804, 24.5597936081997, 11.5805378572777, 
0.462341418434612, 2.48559929931611, 6.25144416922167, 126.465877447146, 
1.00856407315883, 7.29323940064503, 1.48670405334364, 2.79576556493391, 
12.0977572891807, 4.2957934098484, 1.87794021951023, 1.36874823820694, 
1.30256311180009, 16.4783487475304, 1.89499606013036, 5.22516401340696, 
6.50242255436566, 0.950166356258944, 3.23034730451621, 59.5849949871628, 
0.935815211858359, 3.05694880269392, 0.943186361419804, 151.943880755309, 
5.65499133734905, 3.35581550287248, 1.34349154757615, 2.11015401886018, 
3.78742741172887, 8.90882428853531, 8.2636503391431, 1.88162780105761, 
5.690636381607, 16.6429627676888, 2.51880344670063, 0.851411859247292, 
100.335870958061, 1.16879502725944, 3.24623543121943, 2.05941165564412, 
5.92033145274069, 9.69716901144514, 3.98798533400979, 50.9656953871252, 
7.19753147131112, 1.62533508262244, 1.1991737152135, 3.86546078371718, 
2.52718468301105, 2.45989003651777, 2.30647379435568, 30.0318414572489, 
1.4153720042159, 1.15732673383055, 0.792269043993309, 1.55552912091445, 
1.71603359725908, 1.2623219013102, 14.7933750614123, 1.93314220569145, 
0.709352186649475, 14.2853274502611, 4.01518025516859, 33.9300933291502, 
35.496595523542, 1.78822105671528, 0.528794441969043, 6.34017442120142, 
142.669947858432, 1.40977139205779, 56.2260520183278, 12.0581901626956, 
15.5280635061686, 0.622522707028569, 14.6477417055656, 19.2343916655728, 
0.799903903783172, 0.369967751884202, 4.80334024998441, 27.703882803954, 
2.4863725262558, 0.620336526443277, 4.31037867511328, 8.12947294519316, 
0.288090506134596, 2.02251691057348, 1.96194894524168, 2.27726065651297, 
2.34436037175782, 2.52688896103423, 10.4736735987604, 0.716296782323075, 
3.98399283007519, 1.28874752399964, 7.29501711646733, 5.17552607767332, 
2.18543118470388, 1.34850749711344, 27.4209833959742, 10.7001127523096, 
0.390031810031338, 2.95829645296777, 6.88123763095054, 243.315942660423, 
1.06529609056363, 5.5114493992074, 0.774281871688395, 2.18440239725494, 
9.45307748575176, 1.61142542470928, 1.80424811159256, 0.889495191797639, 
1.40863318990286, 10.1585101603729, 1.3768648885528, 3.92451999099157, 
4.80430600232001, 1.29965320666388, 2.56791235514533, 29.1793529832761, 
0.472611050287682, 2.39267155423866, 0.583125687679414, 199.178304709889, 
6.74285491479, 2.01469979130392, 1.46048537136646, 1.2833076058763, 
6.4337069519909, 6.96538489131256, 4.86962995067136, 2.57376343006342, 
6.00439665422369, 20.7737367336565, 2.41350111855584, 0.856295609529364, 
129.106714943673, 0.954711999842412, 4.53745717235798, 1.74394697472955, 
6.87189637849004, 10.4644983705009, 3.83831004168683, 61.2181836586735, 
6.29342142211836, 1.46325389150118, 1.1114986548521, 3.96508173492492, 
2.58226295917293, 4.12500502625709, 2.57515663546426, 43.9822297155646, 
1.71774086008169, 1.01828526495555, 0.961342839034261, 1.27405327410251, 
1.88290681370712, 1.47139445203197, 11.6487230037036, 1.3872927063895, 
0.658515297757955, 16.3087211700504, 4.52942947280854, 35.5193537216055, 
44.3231745507008, 1.66728723550013, 0.447770681720997, 6.2942046245341, 
150.007862812658, 1.32728040684255, 64.6493589227557, 10.2882026119792, 
13.7431096316839, 0.447510653301986, 18.0928814612931, 17.1777674509725, 
0.69214067083394, 0.33282762216081, 4.25668966343304, 32.5796251133495, 
2.224245470155, 0.677830101379722, 4.1514990156743, 8.4709045099362, 
0.228407143819762, 1.65619151242117, 2.08252998722277, 2.03159698991952, 
2.28699696819475, 2.62622901925915, 10.0485492798605, 0.691249386283627, 
4.2855372688111, 1.93862084256158, 5.00583410251859, 4.55635700340586, 
2.51978414652223, 1.34188138697371, 28.9031379993142, 10.1895565727324, 
0.368345943988294, 3.31839696637117, 7.89755864469636, 298.525946739455, 
1.14691464056504, 5.2481208848439, 0.675716282901344, 2.20581729507991, 
7.65071623452587, 1.48897523930459, 2.25148561787291, 0.848519014108151, 
1.74564641849313, 8.10630569947927, 1.21782474098346, 3.74237823708148, 
4.53427907522415, 1.45711304361699, 2.23843134919725, 22.562165305996, 
0.330290903345987, 2.53900661824591, 0.499777700294941, 213.684648553926, 
6.08782290567713, 1.85530541536023, 1.76242782876175, 1.34923340724842, 
7.76496577151717, 6.61267705610247, 3.39772930601889, 3.42206384853128, 
6.04278292984684, 24.0625989709724), .Dim = c(100L, 3L)), Time_all = c(elapsed = 6.43099999999958, 
elapsed = 463.804999999986, elapsed = 480.750999999978))
