list(MSE_matrix = structure(c(11.4616665879705, 12.6369540188412, 
13.0689769235235, 12.7233272011281, 15.904561290142, 20.6281557852639, 
15.9683998319838, 15.4484519403276, 12.2334585231153, 15.1388775326158, 
14.1085227903322, 12.8668373846012, 10.3588242197204, 12.4297748495519, 
13.72120866552, 16.8565291038455, 7.99009695185953, 22.1969607782458, 
11.171205014271, 7.82216278548366, 15.2075077979164, 16.1413303934182, 
18.8478392652488, 13.7625771648259, 9.9942583144424, 19.7363003689014, 
10.0547974247136, 9.17203392431138, 13.2202613326519, 15.6637913246054, 
9.12397675166746, 26.6369348902269, 12.5250365770035, 12.1593073767114, 
8.52583061874997, 14.6199683432398, 9.99285604499216, 6.58765830715221, 
12.6989915159083, 10.5545105536337, 11.5204053685005, 20.0317557455178, 
12.6827916327337, 12.6712182622534, 11.5619852392389, 8.85298485764789, 
18.0487176426591, 17.5445441734527, 11.7247495622972, 14.5811820628532, 
15.0467098473762, 19.1412885455405, 9.29896342844164, 15.2730323416127, 
13.8399173929399, 15.0330306914013, 15.6696980488342, 14.4499523451817, 
14.0808089366928, 16.2506786229616, 12.5470931338444, 18.6323161379702, 
8.78589366389785, 12.0406238001631, 9.45818406891946, 15.7465280569053, 
14.3730201586581, 10.1878071326783, 18.8549558256169, 11.9124816654739, 
13.8538432292008, 16.2372375888805, 18.2904433433159, 16.9555047286628, 
10.017869147028, 21.4721084082485, 19.0801648957094, 14.5645532044611, 
15.0859997215263, 17.7787128673284, 10.4661796728846, 15.0897409203746, 
13.4377212311464, 19.304708156113, 15.4383107776245, 11.0383786836804, 
9.57041009717817, 21.0292919914645, 12.9510793258326, 13.1222607063501, 
18.084144510939, 9.36750526438204, 14.5162292299943, 22.1510304665365, 
15.6523338035975, 12.8594013562999, 17.4265073759023, 17.5677719264121, 
12.1165640017484, 15.0185436846397, 11.7248941983347, 12.5865769853141, 
13.3562791709136, 12.8435776382161, 16.0680946619274, 20.7194540332809, 
16.3126263829411, 15.418793193106, 12.3616471634247, 15.6061236267864, 
14.0937376231445, 12.9518802503546, 10.7364384490507, 12.4354516035633, 
13.753834550625, 16.0461870039623, 8.1956163083688, 21.334947600708, 
11.358197035963, 7.77336854419462, 15.0671058313048, 15.9122246508641, 
18.8990974545025, 13.8101118884659, 10.3658387670174, 19.7546235949888, 
10.259742197246, 9.37531824522926, 12.90002052343, 15.5253429890225, 
9.19190942526501, 25.9929824237293, 12.7297758090182, 12.311423854151, 
8.99535413847699, 13.6188541720302, 10.4308111244133, 6.79038906973025, 
12.6003038854933, 10.4186714425296, 11.1269667351138, 20.1129166622417, 
13.0954880217359, 12.6192251578444, 11.5584306928062, 8.69088640803652, 
18.167869693241, 17.5810122420386, 12.131128946042, 13.9588855555795, 
14.7464306543609, 19.1180606178777, 9.57866084546745, 15.1713623530401, 
13.3952844649471, 14.7103315627441, 15.327786453195, 14.4733285152373, 
14.2112411117399, 16.4598737146862, 12.6232603723273, 18.3390420081966, 
8.72609644478887, 11.5475743459443, 9.49754046938855, 15.1980189326744, 
13.9562050901675, 9.98173257967301, 18.5160072474769, 12.3323029021563, 
13.7431868688806, 16.0757445946162, 17.3337307469978, 17.0377155571343, 
10.2006255434652, 20.8482349767679, 19.2321807866585, 14.3731131246111, 
15.348321609639, 17.6456174775617, 10.6201716908096, 14.7623154263829, 
13.5770913019204, 18.693093153857, 15.3581006714349, 11.1482445469363, 
9.84999727336665, 21.194636059217, 12.7133836869341, 12.8577296159774, 
18.0804636607052, 9.81854325034791, 14.5430331131414, 21.2824933099498, 
15.7586618214119, 13.1798379787232, 17.1565829854509, 17.0096005989224, 
12.1713771282287, 14.8407359724532, 13.1564670451322, 13.880651519721, 
14.7982346431309, 14.2752294146978, 17.4738366995231, 21.445035877875, 
18.1184095996685, 16.58586749719, 14.3281997122575, 17.9308173371522, 
14.3717583665164, 14.3168436766968, 13.105051999673, 14.7248000493966, 
16.002550941627, 15.742159806837, 10.1899320040273, 20.722674531958, 
12.4350144412247, 9.2011338508288, 16.4667913479908, 16.3547799208993, 
19.3927737657901, 14.7293075277143, 12.3581715997172, 20.2143791241027, 
12.291897213647, 10.9978980856834, 13.8617737404018, 16.0243108234038, 
11.4557422701284, 25.7600543782558, 14.4312265224625, 13.9993638301932, 
11.5948262963739, 13.0270754222065, 12.995859990075, 8.98581804020173, 
14.2808311380061, 10.8510352042633, 11.8495145467211, 20.5698532774847, 
15.5815429706874, 13.5368468760531, 12.8358551852994, 10.1956050795172, 
19.1371134883649, 19.2812975894027, 14.3575588907814, 14.4606893869953, 
14.9118535279283, 19.769640751526, 11.5883252113097, 15.795393554151, 
13.134366022452, 15.1657064515627, 16.0924213758455, 15.7737471028421, 
15.8100810558801, 17.9661173251414, 14.0796357862175, 18.4395123239538, 
10.8393041405297, 12.2025286737843, 10.8086535276401, 16.3782575565909, 
14.442873827903, 11.0871942226122, 18.8893774300973, 14.0576194160244, 
14.8922418199652, 16.5088669831199, 16.2509295608616, 18.2279412543207, 
12.0424829561334, 19.8384500768619, 20.62960762998, 15.0553530095057, 
17.0097338235565, 17.9498287233247, 12.1630204347853, 15.2685474670904, 
15.1743984245621, 18.7951053557745, 16.0378323560466, 12.9827468165273, 
12.6900846122933, 22.4307543469877, 13.051167940423, 13.9623650490016, 
18.2135634189766, 12.5342470645568, 16.1275838506391, 19.6887300912712, 
16.5749856108112, 15.7849314384426, 17.1553903215376, 17.131625179227, 
13.1068350601473, 15.5893118393779), .Dim = c(100L, 3L)), variance = structure(c(2.86876495434155, 
0.37298536179909, 47.1403644454559, 0.974870938229292, 7.92650559582802, 
2.44128486745188, 2.52402689666482, 1.7757375010844, 8.38321840100117, 
3.40399934858038, 2.20391575718487, 5.66081143749352, 0.62147397282595, 
9.13534405912901, 2.5646885931096, 3.96218564710538, 3.30302549755057, 
9.31404844406154, 2.59792373267141, 0.744711695985874, 1.58760708707777, 
0.656317388443879, 1.42526202555953, 2.37883775164007, 50.8876396974809, 
3.9831929966208, 1.60119571549904, 2.88364694318995, 4.508920642456, 
2.14100957014473, 13.8360195914268, 2.03901371101373, 1.26584463412057, 
0.540923904821369, 6.20602299933037, 0.905595905751091, 7.3719866847783, 
2.08173555534554, 3.9922984096707, 1.4051677131509, 5.78234824010833, 
8.60542221715563, 0.99837375858702, 0.760787224017792, 6.31333667490664, 
5.07393311949027, 0.785920644231729, 1.12816455262727, 1.24546445834994, 
4.15458496854073, 0.352999337649816, 4.73843374885166, 1.09342287690316, 
3.81673333923556, 4.75092236857937, 0.552839816652375, 5.21095638682321, 
1.74236130311227, 2.5771252151602, 1.55701292658454, 6.94612572706275, 
0.921485250675479, 0.71340097757721, 0.408900241118572, 3.10053304388952, 
0.361137119558765, 0.576512376215838, 2.83162104529954, 4.73105406050607, 
111.572128515842, 1.00166217892464, 0.350904359388331, 1.47481426989855, 
1.38796050094205, 2.71083674736008, 3.12073864907006, 2.87306579399305, 
2.00427896013747, 1.40803544041719, 19.0026463885615, 2.29669307358969, 
2.09138321357463, 0.564501585859281, 1.09133703271759, 0.408988444914499, 
40.3149716057807, 0.77924108958283, 1.59981786191928, 0.920039791629224, 
17.2656559580625, 3.69092151847515, 4.11878344666755, 1.42278735917157, 
2.61357781103854, 1.72579045735619, 1.73927149245675, 2.13242686030811, 
2.23636369956447, 2.50870587065494, 2.39319624123737, 2.54847952317589, 
0.339817346350117, 40.2961120106868, 0.881518585471072, 7.06977725049588, 
2.13812803273028, 2.23253486849615, 1.46509493206175, 7.20853650827497, 
3.1921891799984, 2.06222965912916, 4.89324029142334, 0.583625532135533, 
8.53211658752675, 2.28543246719992, 3.72890447140122, 2.8819368105016, 
8.90604688184243, 2.26454610062944, 0.706196737674887, 1.177718599778, 
0.62855779577724, 1.30073893703749, 1.84336064825499, 42.1606940560763, 
3.36419643476629, 1.46815218482095, 2.54151294147051, 3.95478390094968, 
2.03665313417934, 11.9681656798654, 1.80275514191808, 1.13293826363173, 
0.516165611726625, 5.40908867012788, 0.827503088352603, 6.49148823025955, 
1.84452404746444, 3.68261693981732, 1.24035841473449, 4.78050149451537, 
7.48217139518084, 0.894114952823479, 0.669211132786033, 5.47205959041572, 
4.47618513307324, 0.729490124137722, 1.02588045426604, 1.15584273923233, 
3.54175473246592, 0.34539064544954, 3.81746877703567, 1.01198748108996, 
3.4157989900447, 4.11137719467234, 0.52440729803228, 4.46364181233032, 
1.51606095374787, 2.41354772482844, 1.44246553781934, 6.00221916930252, 
0.821227552208476, 0.66376985772188, 0.378128820027402, 2.75377835745913, 
0.342639189070442, 0.539037100794439, 2.59693283520269, 4.27953723295624, 
94.4994217306562, 0.917333497231528, 0.331766406738445, 1.27090542793566, 
1.24683976699042, 2.498073925991, 2.6204183257265, 2.51785533936422, 
1.80272642888626, 1.27973042280941, 16.490467639543, 2.15247925427079, 
1.87165559603087, 0.539225846130885, 1.00294060713742, 0.365652178968733, 
34.0767030066956, 0.69685538857499, 1.41497612300724, 0.838268923448062, 
14.651652587045, 3.49382703451234, 3.4386482846922, 1.30418279366581, 
2.42399967772323, 1.56061793892735, 1.58277901414502, 1.6981431002567, 
1.91223984895142, 2.14986591905965, 1.90112563676869, 1.79420968838832, 
0.273166843919454, 22.6025741540009, 0.626471629517998, 5.46974036057416, 
1.41818975976636, 1.58204669741877, 0.904534908116434, 4.82244151210209, 
2.73539402675784, 1.71953881939028, 3.21964637494466, 0.480405112989997, 
6.83104448439522, 1.68361612401258, 3.40754461447629, 1.94699099125999, 
8.00128368261388, 1.52075845369442, 0.627001935292819, 0.624826654880268, 
0.531813978468665, 0.974289157160343, 1.14662926061711, 22.5858942725084, 
1.88912346142661, 1.11955074617938, 1.73203812212405, 2.68274909943796, 
1.70821967856418, 7.00357367313645, 1.25922041216122, 0.839263031835817, 
0.460481653910157, 3.09790568292874, 0.623932831149103, 4.06437456398216, 
1.30043889438965, 2.86636106641354, 0.878539970938934, 2.88487058747629, 
4.99045028122518, 0.62143707637077, 0.468924477763145, 3.50082245140777, 
3.19698537888293, 0.613425271665396, 0.767927959721656, 0.996255217767603, 
2.04653531993926, 0.315163985572886, 2.07350513276333, 0.840288182611334, 
2.62239182730114, 2.70004845999439, 0.452169390696739, 2.76424120043867, 
1.01870523989446, 2.10230439503104, 1.23585529016547, 3.53504309088131, 
0.579003049742935, 0.548874119333126, 0.294178622592066, 1.94003196257331, 
0.288967013627463, 0.441085102401436, 1.92564729028169, 3.21075371237771, 
51.3216678576257, 0.710153775216132, 0.293036041324238, 0.900960094492181, 
0.911773252884128, 2.20352386343238, 1.40831228844337, 1.74791659381292, 
1.2909531600356, 0.932775349651405, 10.5390376723795, 1.71029034884842, 
1.32973262553832, 0.495253466613598, 0.795394898334194, 0.283312956486064, 
19.5197795013301, 0.490095117926333, 1.00584124678356, 0.6899307417354, 
7.68089984770723, 2.91024134890971, 2.08901737057816, 1.00639790633287, 
1.90991702374637, 1.22575529123003, 1.20604357267147, 1.03645034855876, 
1.18259816437383, 1.3730344635456, 1.13285885295274), .Dim = c(100L, 
3L)), MSE = structure(c(3.46043470928831, 0.843995828381957, 
82.8833544009433, 1.44480150554248, 8.40903740200568, 3.99295512602531, 
6.7830313771772, 9.47988316559345, 8.91017992787326, 48.3488422680452, 
7.74923199965648, 6.1677754195145, 1.46448930281554, 10.8863813566041, 
3.83989700188138, 4.40250168426815, 4.17005944968618, 17.5454018683672, 
2.74823309699924, 1.56421565701765, 1.76584447659841, 2.12533504550332, 
1.87305892874187, 2.38878122909228, 50.5017025766711, 5.23832399797646, 
1.67326092056206, 12.3741196821639, 6.85593079259067, 33.2561089705582, 
31.9394158507219, 3.01376901035935, 1.45836233914685, 6.59035940064298, 
128.665691600365, 1.82629535700731, 48.5396484775587, 14.4317843438796, 
21.857811979016, 1.58491010091253, 15.9668071044367, 24.9654013464615, 
1.7388519594689, 0.780556719079286, 9.77810620731635, 23.3717337122706, 
3.05889204755044, 1.27562845987295, 5.38695751341995, 8.57034825192929, 
0.477320815332033, 4.73813768741336, 2.39995009208689, 4.23872825116973, 
5.45540823399508, 3.22283756796576, 14.6172259476697, 1.72596144371858, 
4.76202048707636, 1.81477884041296, 17.1399505205404, 7.08484723679347, 
1.70746899538252, 1.64246633977142, 28.7862275014325, 11.3058893194861, 
0.64678566401084, 4.33925856728952, 6.25480853288622, 222.305775808922, 
1.23734980394596, 5.72942510013359, 2.21557195686815, 2.58772923101995, 
13.8163802588059, 3.37601463716519, 3.23826489121132, 2.09418475514426, 
1.74154006215861, 28.9518179332054, 2.57644124148766, 4.29673375618523, 
6.27461808683033, 1.47383600638458, 3.4869624545938, 46.0555659451843, 
0.993997654605675, 2.4284608701027, 1.16188981218068, 165.96090719557, 
8.64623130030995, 5.00723520050815, 1.63243922145854, 2.68703181421281, 
3.65464780974988, 7.82864162634854, 7.47713746000252, 2.51446528930725, 
7.02917839821761, 20.5595406025754, 3.24865760304677, 0.815494727229767, 
86.9186467248958, 1.32444525474995, 7.23261480411785, 3.514479248412, 
6.73457214417393, 9.42957575647933, 7.83578161892348, 51.3500012743892, 
7.80369421139906, 5.50708878655858, 1.42278577529434, 9.58342970557241, 
3.60106125176399, 4.3868981027951, 3.91210610606719, 19.5649549517875, 
2.54321562861429, 1.52128177012177, 1.37899623047403, 1.95600646058444, 
1.89202741607085, 1.92050081642081, 41.9703480512187, 4.3238683796202, 
1.49352660140479, 13.1238786717763, 6.35839282538216, 34.3147772542293, 
33.070026336464, 2.71432135534602, 1.2877387457394, 6.57170833020033, 
132.217419148421, 1.74388001749912, 51.4000192927593, 13.6633098800827, 
20.907245193282, 1.29519392771971, 15.5629566083979, 23.7818354293232, 
1.59911459266778, 0.675775781942265, 9.14819536018885, 25.2427441971108, 
2.96589178288186, 1.22758416209327, 5.09615082531474, 8.59900576606045, 
0.438743947338307, 3.80402275027024, 2.4429464814211, 4.03766161667009, 
4.78920028261088, 3.21275280379466, 13.8006252264087, 1.50325928013911, 
4.8045770739821, 1.83138999481722, 14.3126212450303, 6.74861468144905, 
1.74546250626679, 1.64042039566969, 28.7161990866621, 11.1649235930563, 
0.608857575140967, 4.30273333572384, 6.15400738213861, 232.078599570907, 
1.25055201834277, 5.47753766540315, 1.89523856130525, 2.47429200276152, 
13.0247260344588, 2.83384824816961, 3.06316414166775, 1.95135725934141, 
1.71354772400795, 26.4137059224065, 2.42635067429729, 4.10301653958094, 
6.07339221125447, 1.52698017949249, 3.34741849863148, 40.4069162991744, 
0.886092247087073, 2.26366896177501, 1.06902502609225, 172.842367671203, 
8.59459500934489, 4.30745042265235, 1.67634325973448, 2.44812541340645, 
3.989177265081, 7.5063413395513, 6.8229941481095, 2.37271836155692, 
6.9144295086556, 20.4689265132497, 2.78526938276353, 0.840075849349047, 
119.171387818491, 0.951088681596313, 6.18243503592231, 2.36838016548645, 
7.36384490157167, 10.240796994068, 6.18538717908334, 64.208674806783, 
7.20582819286283, 3.98630833278609, 1.22491583182895, 6.84180118407406, 
3.08338133958325, 5.93218744320851, 3.40505151934695, 32.9820225624965, 
2.27263274664846, 1.2208685209153, 1.13098419897287, 1.38041409192584, 
2.17333206666052, 1.7006571396573, 24.1332851259831, 2.42539824736247, 
1.11286570908428, 15.9794231690993, 5.43005116209882, 36.2996773073737, 
43.1482631109041, 1.91438523397744, 0.866576420916056, 6.33455354123508, 
145.376153921994, 1.51307508361267, 63.6218534816503, 10.9693431100033, 
16.8556201991737, 0.901717982748479, 17.0509765549648, 20.1163629776895, 
1.26506159210235, 0.464539985734366, 7.20017867472655, 31.2510184159934, 
2.67091078647287, 1.09256883346638, 4.50793292866268, 8.54799324608171, 
0.328806165984988, 2.09112345485935, 2.5630019636926, 3.67151284545955, 
3.2807438709601, 3.28183397254422, 11.9029306022531, 1.05591769765585, 
4.74606156313476, 2.37991238178167, 7.18549471675086, 5.63996297099334, 
2.1038488957256, 1.57711453702751, 28.7324403299905, 10.6070683249835, 
0.527072806054577, 4.44973314338573, 6.8557396781313, 300.363544959669, 
1.42188226894393, 4.87341185096615, 1.05127481124134, 2.31424320115225, 
9.84587602213478, 1.72536222857549, 2.94224751725147, 1.5528442091199, 
1.90207950920196, 18.5588042647631, 1.89386272644796, 3.71572093743179, 
5.54579673076211, 1.81642841871568, 2.94125182854741, 26.1709987642491, 
0.544189107671272, 2.19752552713778, 0.852595676490097, 199.722225420269, 
7.3861447601402, 2.75188602911475, 2.15475928065224, 1.94135499053617, 
5.96133854640707, 6.91446460301446, 4.46438840576908, 2.6238260455472, 
6.71423040369111, 23.0533425918806), .Dim = c(100L, 3L)), Time_all = c(elapsed = 3.32300000000077, 
elapsed = 1357.63799999997, elapsed = 1396.268))
