list(MSE_matrix = structure(c(25.0130578523917, 22.4864018148558, 
19.8802232089688, 24.8831946745634, 29.41706546568, 24.8114388242302, 
27.4367728513052, 23.6611806294895, 27.4087146030715, 22.1267408609359, 
19.3421679222144, 32.2983876843346, 21.5132619091243, 24.101471958531, 
20.7489895351569, 19.2823474644377, 29.4108166720412, 16.8824836331762, 
29.5305374964993, 33.4349709747275, 36.4339812194381, 23.5571984526865, 
31.924877633022, 24.9325780243427, 32.8819233704942, 27.935313940326, 
18.9143702492982, 33.1313630056498, 25.8460379710758, 27.2216692492153, 
26.211370748708, 23.8412692342907, 26.856696692342, 22.1895232199772, 
28.2458012949219, 21.8366449192971, 17.0346460791623, 19.8476912505134, 
23.9979009348173, 27.8058382231121, 24.4250940865084, 29.9734922976415, 
23.3397893565911, 28.1278773572266, 28.3432021338717, 28.3005198834947, 
32.0038315873965, 26.0665367090026, 24.9162274696619, 33.5433021180458, 
19.9534640808383, 31.0905818769893, 11.7635944407197, 25.965951290785, 
21.5920505479618, 15.7431335001339, 26.6265387324628, 26.7938208283152, 
24.8098029636927, 26.2048500659281, 28.4015351652476, 23.635833124915, 
20.2650039514486, 23.6347567761787, 19.8185625181504, 29.1578083976433, 
21.2543493040632, 28.2778033138856, 22.8633462353279, 16.4290570938581, 
26.2828057940935, 17.100449937421, 28.1139765513294, 23.7942235538658, 
37.1874539122305, 30.827004740248, 17.0735926196283, 34.0652430690805, 
26.7350509544951, 22.9614240937703, 22.9304856598744, 27.5525326960923, 
30.8396719501, 17.3779592748786, 19.9680637813783, 21.2552591611193, 
27.5219523533872, 23.5603804595744, 21.6992795061077, 28.2592126510755, 
37.3802104165334, 22.7303691335751, 19.661385576207, 29.3062479760167, 
23.2097598051858, 34.0757342420583, 24.930126217177, 26.1902699774702, 
32.1564573763378, 27.5909072318305, 29.6059700904911, 28.5128960273031, 
22.8567521835157, 27.473277911812, 39.6751197796616, 29.7923529220954, 
30.349150995646, 29.721487214584, 35.1492758102319, 28.2958348983937, 
24.2186765682351, 36.840186543091, 27.6100479290113, 28.6052684778316, 
25.7327362788095, 25.8558658007726, 35.4189842663398, 19.9742880443155, 
33.6035768179518, 38.5851681285613, 42.0519889857875, 29.1597594626406, 
36.8932138655157, 28.4240811484247, 37.5618475293489, 32.2603739588937, 
25.2115233683137, 37.1312591070631, 31.223099853597, 31.7452449537384, 
30.0314675568792, 29.8016050609624, 31.8481268882664, 27.2251634036706, 
32.8406821658698, 26.5163722896947, 25.9311820294553, 24.3157440031117, 
28.1115744775273, 33.7948177998926, 29.3101280035539, 31.5174893341825, 
28.3075368146885, 30.2986440057601, 31.8278376615955, 29.0817297271556, 
33.1751139508701, 28.9462519537161, 33.0925790665177, 35.6523651946879, 
23.0219627472538, 36.1393932134468, 20.9188055337444, 29.2143330429201, 
24.6286948514795, 21.2243748801135, 31.4356120523161, 33.4221146565499, 
31.648097022241, 32.0375148303322, 33.5731088873094, 29.954535810068, 
21.7829818499445, 27.8630391480503, 22.8785310624381, 36.5202110296106, 
26.43653889892, 37.9936150934709, 29.182185159331, 21.7462360266505, 
29.2428185019038, 20.8146500182721, 34.1302902596504, 29.1281957781725, 
43.2637923282701, 35.1488594198017, 23.4806171552612, 37.7557046233721, 
29.4247318249825, 28.4919727232509, 30.7613747608987, 30.6280608671451, 
34.2958230412381, 22.2438154537419, 24.1015284710819, 25.1634556492509, 
30.2986473620988, 28.2031452003275, 26.6632022392543, 34.195974357167, 
41.3461970133352, 25.889099801018, 24.9228640890961, 34.9538489665863, 
27.9855154471103, 38.3503098234823, 29.8977951448687, 29.481174196772, 
36.1190501867348, 32.9890376033021, 32.5110453037678, 32.4103968550208, 
26.8914666923025, 29.5430155104138, 46.1999185539593, 32.8983220803691, 
33.3993577348426, 32.8014169862867, 38.5652470553337, 32.300285429455, 
28.0217191917802, 38.7518366223581, 30.9717243515278, 31.8166558394791, 
28.4631899976122, 29.2766267427636, 39.6212124894032, 22.4009515020889, 
35.414816369393, 41.1020588918581, 44.4643751699729, 32.3216672374215, 
40.1921013490032, 31.4243098342866, 39.391454149933, 35.366901944662, 
29.0619235337444, 40.7221706531448, 34.0903234112793, 33.5258351524268, 
33.3022457170232, 32.6713754099788, 34.6083966939878, 30.1531736236512, 
35.2429288126291, 29.2633186226017, 30.3985850187548, 26.7041965843519, 
32.0989569774048, 36.6621496469644, 32.7128283151664, 35.6284395949319, 
31.4879331070696, 32.5710688567998, 35.7185288293534, 31.3350148299861, 
35.654662456213, 32.3087309664229, 36.9527117185639, 37.2396223689331, 
26.5951202016214, 39.5449095814326, 24.4875541931767, 31.14744108761, 
27.0769057379517, 25.7976191786924, 33.5652522215338, 37.2752145473457, 
34.8135917137574, 35.5418171737865, 37.5924303434378, 32.6266454193898, 
24.8683578312435, 31.4725562028623, 25.3385108483398, 38.740132240843, 
29.1375967383359, 41.2499135772831, 32.5204197138078, 24.8676353511171, 
33.0127650155686, 23.4763105052144, 37.0162435248735, 32.6255563634002, 
43.8111807456191, 38.3843370340003, 26.5398116125111, 40.282441511308, 
31.3332381309959, 31.655669404453, 35.2139392449583, 33.4965295853616, 
36.944933101317, 26.1279858681781, 27.4719012163333, 28.2962049170106, 
32.5374583353815, 31.50822231421, 29.7654696571264, 38.0882068107743, 
44.1917103047879, 28.7480000023142, 28.3871146096429, 38.6300996367774, 
32.0348913298746, 41.8281249427998, 34.4869967110416, 31.5012962868707, 
39.1660558548218, 36.5307708451147), .Dim = c(100L, 3L)), variance = structure(c(4.690559461421, 
1.253894283442, 47.1125956523491, 2.14468267162326, 18.559332730699, 
6.17513911791641, 3.97041891665254, 3.27261112933865, 5.14880889906955, 
12.0890778457148, 5.95813417600729, 11.7939164303649, 1.63069516462201, 
21.8712157989524, 4.55788814776021, 10.6367727893669, 3.5716985927795, 
31.6569408885679, 2.53038978098743, 1.76582224860761, 2.49640283608138, 
2.11978076431543, 2.75498573062884, 3.79497242225755, 34.7038187231237, 
5.65614903450147, 2.74789731888334, 3.19750294895502, 9.48588615671373, 
5.213005382541, 16.7065472114888, 4.42601086774045, 2.50594862605877, 
1.458941785597, 8.75876977696383, 1.82888869928044, 5.28453646574456, 
4.18899568458761, 7.47508426759904, 2.33439446312176, 12.714249698185, 
10.9955402897532, 2.12315960128548, 1.52604153542675, 7.83093112666658, 
5.88835332823815, 1.23306980059443, 1.90459204651118, 5.21061935344956, 
5.95593557222276, 1.88946072573117, 8.77707709678039, 2.94245841767815, 
12.944108258725, 6.27246550594619, 1.7244233656329, 8.15327267451274, 
2.31953831714991, 5.7600237788222, 4.40240742468702, 10.3994491931374, 
1.72328150894188, 1.84768604083267, 0.863504585287019, 7.25415078747479, 
1.7144293230238, 1.49607391661983, 4.93774157721706, 6.91664630964326, 
101.948561156138, 2.14667645317407, 1.20032798975434, 3.12519042669738, 
3.85474044413831, 7.62232497369433, 2.54648027661411, 3.02050888493072, 
2.56615424948917, 3.46791698390621, 22.3335226043456, 4.53375810212068, 
3.08433947971667, 2.03272079476421, 2.00181606580099, 1.25746099982551, 
48.4279537732827, 2.07694304403914, 3.0265213428503, 2.62683888565513, 
20.0122019549798, 11.5536138425884, 5.89666188072974, 2.55187682601197, 
4.47270425153686, 5.101024430046, 4.08578999623648, 4.16320171318577, 
2.94844210230171, 3.22157241791392, 4.13152891695035, 2.42764884682621, 
0.841586859525709, 20.0265973958275, 1.30814970522074, 11.385586818454, 
3.62968984919406, 2.83876995402626, 1.85089992371554, 2.70838360893323, 
8.38198850035105, 4.40950014118819, 5.2929635173771, 1.03457150784162, 
9.55569342494578, 3.78284742356188, 9.26256766234068, 1.52635842163374, 
20.3144820729649, 1.05269190688264, 0.740487804410829, 1.80260165989716, 
1.09381938861871, 1.33501877895097, 3.12066524186545, 9.93770422854518, 
2.8210423372152, 1.914276877487, 1.9740096913488, 6.31488251322936, 
3.18982419787376, 7.48333445033564, 3.98116469616898, 1.68979869660022, 
0.75475148824465, 4.38723957205055, 1.08060562477525, 2.97999315531739, 
2.30838504301708, 5.77468768941947, 1.01771524965101, 8.61044430805896, 
7.26877621590212, 1.15732449976227, 0.825059965615892, 5.40588074184189, 
2.10251722575844, 0.667171866301612, 0.992360124462047, 4.01953843838517, 
2.90426897200254, 1.19948154250385, 6.50441208519631, 1.31699391613508, 
8.41360699870687, 4.31261587485477, 0.896521138192591, 6.05469325517803, 
1.1429600938026, 3.77855866407436, 3.01700772729231, 4.84741590631416, 
0.922489434133722, 1.21170689859406, 0.632457029810217, 5.71285824718282, 
1.08182947419426, 0.799754803748172, 2.49181777648576, 5.41617317651178, 
41.2347385277218, 1.11385083269859, 0.664020111127088, 1.7676883100497, 
4.06614331521207, 6.84607427752558, 1.46865180796524, 1.21867840545797, 
1.29902849174335, 1.72969286853921, 7.77034122557059, 2.19993078103966, 
2.77513620509345, 1.49843169564667, 1.04478243260953, 0.773844608503909, 
23.3657046595796, 1.23014842320856, 1.46969450765835, 1.37450359182884, 
8.55064663627613, 6.67751913111036, 4.07167492447264, 1.19766814080975, 
3.16346757454681, 3.37508022922182, 3.77229973542242, 2.94551147453587, 
1.40066349610517, 1.654205829193, 2.87726278673539, 2.04545020153752, 
0.764233182802344, 15.4435789456563, 1.19045577317381, 9.17968645795803, 
3.05895976939208, 2.56961551393785, 1.68827871302257, 2.38610144275111, 
7.35741401839998, 4.06350874242594, 4.11468126435372, 0.914354633679693, 
7.37014259147743, 3.40113815504868, 8.46163087422135, 1.14784354294415, 
16.8587695039973, 0.762068903709078, 0.56649377658867, 1.65663925301741, 
0.906981824171945, 1.09115121870243, 2.81255104869921, 6.89520752194124, 
2.20037324082733, 1.72686016397127, 1.82427085188596, 5.67990373013884, 
2.96658854204156, 5.58754436409566, 3.56120197855917, 1.4970542313337, 
0.671579311382229, 3.4794876342656, 0.909797007767954, 2.70310150977786, 
1.92803746810139, 5.21576151467958, 0.794565695184275, 7.33571743818049, 
6.58979748069657, 0.969578176717332, 0.707568380370968, 5.03515129593116, 
1.50038506546587, 0.584070715389091, 0.829199888255113, 3.68426642448427, 
2.30491066692728, 1.07730246446372, 5.70990704672774, 1.03394049464161, 
6.74194875552217, 3.97788654124176, 0.745011111509363, 5.82799774049683, 
0.875186344628513, 3.73601716685713, 2.69488900483161, 3.83768437259515, 
0.770843291468363, 1.12113595076131, 0.578738917162634, 5.36580965969458, 
0.978355155829834, 0.65305743230824, 2.10276514868568, 4.88657321149112, 
33.725377901155, 0.932401105207131, 0.548869450762732, 1.56288514691145, 
4.02821550578662, 6.57951152967946, 1.40841023612385, 0.877193006674611, 
0.988987609647107, 1.38785893180991, 5.78526620045674, 1.8348777314434, 
2.63436243027953, 1.37515104300299, 0.879147747853254, 0.694918301663483, 
19.2266844451033, 1.11544393613122, 1.24573050417421, 1.14279761322994, 
6.24871631766362, 5.57770277090704, 3.52838789382495, 0.963976059100315, 
2.81731915574473, 2.9687750367573, 3.46821324401262, 2.63021959799722, 
1.14565430727322, 1.41739793173117, 2.58491608235617), .Dim = c(100L, 
3L)), MSE = structure(c(8.0392095117071, 1.67855822142887, 231.51211715477, 
2.55753700517492, 23.5879333845194, 6.88408009633788, 15.9845150407537, 
13.1676390439368, 5.18239825937976, 131.445917748672, 7.53151285363248, 
11.7061231432477, 1.89484641064621, 30.1485332425992, 6.6877343494891, 
19.9483338640555, 8.47414638639512, 109.065449934801, 6.94736574049299, 
2.11027612386341, 3.31205165256626, 2.42768134163114, 3.19772667118644, 
4.85761363497293, 45.9312101218294, 5.74798447648538, 3.36290170082353, 
25.434692836365, 19.3047942432069, 49.6564407885262, 69.7629070105073, 
4.70987518810232, 3.60842159203465, 6.12393862694231, 158.073096782348, 
2.39688208343783, 93.7250284514495, 8.15741681204943, 15.9316091288639, 
2.68995038691449, 42.7794626328137, 21.2011463046151, 2.13185508534541, 
1.56093546370206, 8.31824955518981, 62.6149873221777, 2.49253415045565, 
4.33057068429235, 9.27521528391466, 14.3185018665068, 2.22671860086813, 
8.80770788385282, 5.44951323158145, 14.2532062406721, 10.0255608950198, 
5.45289976196198, 16.3934237226554, 3.3922516543468, 11.3915999902142, 
8.69890978429306, 12.0344471903525, 3.29834331952618, 5.30888235013269, 
1.61646833218915, 50.9498494885371, 7.91052331489982, 1.48680605598771, 
8.59411623634771, 15.1401045896854, 490.404779302876, 2.35380541958872, 
6.59715755526817, 4.30592747920933, 6.40828135968286, 10.2524839122298, 
4.47257596071791, 8.73864179972099, 3.10823126200749, 5.20373309602051, 
24.3043818482427, 4.70486417407794, 5.7455840019329, 5.67164238947063, 
2.66486342631861, 2.35905361222269, 51.626041933267, 2.45022828345673, 
5.90997145406526, 2.6253357515166, 247.837439971593, 14.2509892828585, 
6.96375963249192, 3.81254542759583, 5.44442043648944, 15.9779421278891, 
6.74414560750475, 4.94571971260626, 8.67445575266474, 6.4971915199354, 
34.4986940967486, 6.59416948110203, 0.913130929461261, 336.288212599628, 
2.53295177519029, 44.3080175806797, 4.79340935107745, 18.515885831272, 
10.6521554448014, 2.7077604941299, 210.916985347811, 4.724589981097, 
6.51525272763611, 1.2772757567894, 31.2768854272588, 5.34986815534128, 
48.3709600489051, 8.08582162714504, 206.531871556633, 8.70074687957112, 
0.769990935217179, 2.27561872006314, 1.33352496907951, 1.4592054097101, 
3.65197012875049, 38.4354197139185, 3.09719223502044, 3.57125010472454, 
30.5598846473391, 29.1660676106943, 42.7141879294765, 89.956483101656, 
4.41013270563402, 7.02780939756794, 5.22930227916863, 170.621463098554, 
1.25855386337115, 117.113540764101, 3.42948548486299, 14.3118707749393, 
1.73751521852654, 66.8835937659733, 8.40186769810214, 1.15370409689392, 
0.977800736410469, 6.90930281450843, 75.6405971281817, 0.743463644824128, 
4.0968112650383, 10.8456112167661, 10.918372351763, 3.06263781398485, 
13.3254025195763, 1.49466189197975, 8.90049025562553, 14.1160347019159, 
6.04647243653539, 25.8028930437156, 1.63232202747282, 15.4894884317738, 
13.9844313760729, 5.38576941095921, 1.4363323702196, 7.68542954487511, 
1.82061518014851, 71.8943817330818, 4.39276688120007, 1.00184580362553, 
10.1068079412591, 25.6307986406288, 560.972090576282, 1.11650791180458, 
7.50149165911741, 6.5595411222362, 11.9327337859053, 8.09282356408063, 
6.38553893226268, 11.5520335978196, 1.3158162159372, 4.84459157866497, 
7.77559109692875, 2.23078668984638, 7.206235046374, 4.40436358863126, 
1.22134050337972, 0.76707979073876, 24.6807523577574, 3.57557517623594, 
9.72806099572764, 1.36085587369775, 265.758725223124, 7.00016099385425, 
6.95139065006705, 2.20633802796978, 7.53373513646285, 21.8681875394229, 
4.88435537831086, 3.44136912833691, 11.5814731370069, 4.99372650430983, 
51.7487598203624, 6.10580314707822, 0.758209777547406, 383.311042802574, 
2.91840301056182, 57.9776449053668, 4.24422180670483, 16.7500645949774, 
10.0797179263541, 2.38094429747571, 249.720109621941, 6.45134311801545, 
6.211684174225, 1.15848717900183, 33.6857712709531, 4.50853976464543, 
64.4315310965989, 7.51564393642135, 254.772107203753, 9.68803638516121, 
0.561028559167997, 1.97889112718368, 1.32911227291203, 1.11824072062838, 
3.15110109958439, 38.0298841103845, 2.52964364280445, 3.11106734748809, 
33.3985793286751, 35.6460237314415, 37.7713408201587, 98.7182576597524, 
3.98690759595305, 7.65761297466571, 5.63883927916025, 175.831545652156, 
0.977623902204609, 129.35156953771, 2.35518590521221, 15.8690802613516, 
1.4958343859551, 79.6148867879697, 6.54842684463848, 1.07307595564051, 
0.91016156020277, 9.47243771080955, 76.4583157095367, 0.587128898763386, 
3.64741782268207, 12.9876055837978, 10.4618101409608, 4.1639009332193, 
18.4615743824319, 1.02788464597984, 9.54801543211489, 16.8586221108802, 
5.94321188769354, 33.7537004781917, 1.00930572000342, 19.2623451428898, 
18.9142074352962, 4.10730198865421, 0.991393037968217, 9.60482864804586, 
2.15766756568968, 82.5773119506145, 3.20035811540591, 0.867056706434483, 
12.4269839475228, 34.0504852786155, 583.934558708366, 0.929824639464901, 
8.2284575555702, 6.89466549778713, 15.9890984159778, 11.914024312373, 
8.11771501538846, 12.5370865568799, 0.984322851411735, 5.53296156806249, 
6.46283289422467, 2.24821920328884, 9.30415477798991, 4.9592319361772, 
0.919053374250488, 0.763680071357475, 19.931094048404, 4.35795475170868, 
12.5225341067172, 1.13140342624819, 274.075170765132, 5.61725645934036, 
6.85998064904501, 1.68120097186208, 10.5650285964733, 27.9760067360731, 
4.14762061879797, 4.42116989713237, 12.1157610078707, 5.22866926776988, 
59.7754470751826), .Dim = c(100L, 3L)), Time_all = c(elapsed = 0.551999999999964, 
elapsed = 136.030999999991, elapsed = 138.914000000004))
