list(MSE_matrix = structure(c(25.0130578523915, 24.9564068794879, 
16.0608521533329, 23.5341462729053, 28.9884458585261, 30.988142900299, 
29.2430734158843, 34.6384071253025, 17.8868354104855, 32.5932005736856, 
29.6010103340773, 24.7851870093472, 30.2723272491161, 25.9251315791867, 
23.0520439233059, 24.5209093622766, 22.6447344207963, 27.0760717992256, 
21.9127994925208, 29.2179782964497, 24.6035548756207, 24.4056200988163, 
33.7249342051206, 32.678655114055, 23.0048350546428, 23.3622995760011, 
36.9697383590672, 20.3073816774586, 23.2374816638295, 24.7611096641484, 
29.2331060076935, 32.4257431371866, 19.5062085975368, 21.4585100177303, 
25.6260617420407, 28.2274703543038, 25.0644869788763, 32.3135465427207, 
35.715379872653, 27.2193817110018, 27.7220356462383, 22.2009399394383, 
40.4390932820567, 23.3075481178967, 22.2886305111466, 27.2339399129603, 
17.3720571077701, 31.5753078217327, 34.5534656333401, 20.7788676919899, 
26.3185655371255, 22.2309034858757, 24.2243676691993, 31.0594550896271, 
21.1593072614073, 23.888209434687, 28.9033228886024, 28.2024173705191, 
27.9232202521705, 25.5458494898405, 25.97145673349, 22.2636439486372, 
29.2666133837306, 26.547229248605, 38.4928574181588, 27.6728193118844, 
29.2730098632509, 29.5205469898737, 27.7489489563039, 35.6120316123944, 
23.281837779935, 26.4315270532832, 27.1065760868666, 11.5340193291616, 
23.9243118478437, 30.9981919547244, 25.349386049431, 21.2784797960195, 
22.6425017853454, 31.9658451587435, 24.920677171724, 33.1276758696865, 
38.5148446428946, 18.201867844814, 20.2391084925676, 26.2800678969128, 
32.9551468148997, 29.4047871786268, 23.0137321272143, 18.7692878503528, 
25.2017149289479, 29.5476180595938, 24.0167050116876, 26.8358272383305, 
19.0797838572834, 26.0316373102879, 27.8705802506831, 27.0638972386744, 
42.6947814959851, 25.0000268056999, 25.9794067440657, 24.8485715753272, 
16.3919260645477, 24.1682717913816, 28.0033060759205, 30.5107138804799, 
27.4797216533584, 34.6255281730443, 18.3505851492851, 33.2085048267985, 
30.4189949063193, 25.5383134190962, 30.1748708669944, 25.8686029986387, 
23.2539434794729, 24.3951879035202, 23.5723537331812, 27.9906395133982, 
23.0650536509771, 29.2940410421681, 24.7527443469514, 24.4766381179625, 
33.7898452431297, 33.0704412249379, 23.3619225219325, 23.7461472503245, 
37.1863384630773, 20.548512119163, 23.4566272443374, 24.570285677882, 
29.8437851544646, 31.6257121244207, 19.9513005692964, 21.7343662702006, 
26.1209572478386, 28.459885682396, 25.5887419094188, 31.7685758364053, 
35.9307657499695, 27.2106119396873, 28.3535207882287, 23.2413329650679, 
40.469440791993, 23.6016045499833, 21.6979772670838, 27.6417030553203, 
17.7906781538612, 32.7270946601364, 34.6075386623465, 21.0375278465503, 
26.3567128821339, 22.376202642205, 23.4091213371129, 31.3134892406684, 
21.4819903156415, 23.8519884284453, 29.062014624381, 28.4974829530466, 
28.4801725771747, 26.0035163224908, 26.9372891752894, 21.8980366452584, 
29.5192405334996, 26.7443865454015, 39.0412772940533, 27.7118219396534, 
29.8669393228024, 27.7959028477398, 27.8049329041171, 35.6846587122647, 
23.3550365502643, 26.9285291397357, 27.2955527032933, 12.4306014026172, 
24.7861885671679, 31.595060538893, 25.6294302266549, 21.5875554340405, 
22.6303958050385, 31.9911233652439, 25.5755452198828, 33.5913666703478, 
39.3650462443824, 18.3540716099376, 20.2179817315128, 26.2616982168021, 
33.4607522131736, 29.529694435423, 23.0465618674328, 19.0345059111035, 
25.4991241935914, 30.1726210619546, 24.6425135655323, 27.7389727653168, 
19.8319874919799, 25.581102283838, 27.8066496346391, 26.203174347818, 
41.1776262369611, 25.3685286876987, 26.7455686864458, 27.1962167110854, 
20.7784761013734, 28.6530398115556, 28.7528226844571, 33.0067309000446, 
28.7136699147114, 36.1854610194001, 23.1562391477097, 35.5312836336412, 
34.0082659911454, 29.2911078824559, 32.8991089894335, 27.4779100813791, 
26.0392816469886, 25.6911510013721, 26.8066290813467, 31.9481593697097, 
28.5382518504515, 31.2349274650347, 28.4994539334451, 27.5400876104912, 
35.0117271517684, 36.3713289811895, 27.1110506246822, 26.0240117242629, 
39.9049484821104, 23.4020163566459, 25.6942457228146, 26.2133218399366, 
32.4720459365181, 31.9491619515244, 23.2575046662479, 23.8983138104059, 
27.9135144613496, 31.3467771542896, 28.8037258013523, 33.8272189365729, 
38.5629821453895, 28.6306829223602, 30.0798751436754, 27.8722676035049, 
44.1634125794147, 26.4678910961104, 23.5695560995828, 30.1460503266772, 
20.8849612012639, 36.8151115219975, 38.0995745963784, 24.3509818207332, 
26.8437741259678, 23.3063149951256, 23.2135502681019, 31.9569730940665, 
22.7160893481182, 26.2017054597142, 31.6132919274436, 30.0825129167266, 
30.2296014558885, 28.6902599078008, 32.0948761208433, 24.1158944300779, 
32.8657803204635, 30.6675273399316, 41.0874538986532, 31.7059461371724, 
33.1995919960948, 28.5052188600628, 29.8664620288516, 37.406390218664, 
26.0917502053843, 29.801326902248, 30.5397422277674, 17.464694323712, 
28.0420822057359, 34.4571486552059, 29.1169127532442, 23.7575718183771, 
26.035905776815, 34.6146360092301, 29.1686770118009, 36.9212259886434, 
43.3896866053195, 21.4932021205647, 21.8487416054351, 29.3007661484972, 
36.2388346204263, 30.908724537095, 24.04768596903, 23.4065148972609, 
27.2996897382605, 34.194121086562, 29.1971537147729, 31.9576411537398, 
23.8725721205871, 26.2242945269494, 27.9065765904454, 26.890334571245, 
40.5356660054008, 28.4788516307703), dim = c(100L, 3L)), variance = structure(c(4.14169517556811, 
1.17248717888787, 48.496270606965, 2.07056264665047, 19.6496366178099, 
6.2146134119006, 5.50099168285141, 6.55454705710825, 7.84921252536384, 
12.1290561637583, 5.51159295795942, 11.7930942946999, 1.7284193902607, 
29.9393196918299, 6.80082875355928, 15.3189485325764, 3.11323057097135, 
29.5856509049954, 2.13873738886914, 1.67747456464967, 5.72776130520849, 
1.63401852809348, 2.07901178218142, 8.44167580559889, 40.1040882686341, 
5.41025284986492, 3.58162320928771, 4.24453482645823, 8.03251760401699, 
4.90985110708354, 14.6766912794035, 4.85412310407259, 3.28727530402182, 
1.00536612126719, 5.1773812081782, 1.08885293337726, 7.11819848179952, 
3.22728373862057, 10.2577871616651, 1.33722898260054, 14.2259708854431, 
14.2558112432518, 1.08111688911292, 1.15928935024739, 8.64477267918762, 
4.04837394053222, 1.21119272009665, 1.5794714151174, 5.2276216397772, 
5.75690956509007, 1.50952405102742, 9.93661781646065, 2.05845566564064, 
10.7910303704726, 7.00174830659302, 1.26668822949531, 9.53959504312874, 
1.94229391550849, 5.944397685253, 5.03743951520301, 7.67327425480703, 
1.06366957978852, 1.88048687420865, 1.01638030198102, 6.42109202841145, 
1.22317444439818, 0.915492031952547, 4.21464213603207, 6.62694097955098, 
87.1083800057899, 1.65085854101712, 0.996783776094613, 5.35791501572262, 
5.84233958791167, 11.8648537400125, 3.34703687343869, 2.66307368294005, 
2.58631787572593, 2.07347518309195, 20.0657642159683, 4.39077739863335, 
3.63786501680729, 1.99582703390628, 1.74766341921153, 1.17701178867807, 
49.9766625905885, 1.6825478888374, 3.75238724489604, 2.0854965091441, 
14.6395627243197, 18.4858688573445, 5.71371519950648, 1.78212388734425, 
4.8539959265804, 4.9559390812615, 5.02206675932412, 4.2870593621764, 
4.14699409800411, 2.57715843846809, 4.14620676902155, 3.66236680292336, 
1.07441338919756, 42.4331132620891, 1.80515528187367, 18.2062600334023, 
5.49652838668435, 5.06409425139313, 5.7782578727784, 6.50264875663213, 
11.7230963504935, 5.2529011645869, 10.1603201262166, 1.59456804509843, 
26.7939611955865, 6.18659603860172, 14.4131381446877, 2.7298426854098, 
27.541954290652, 1.87764515764687, 1.51616378995926, 4.97632350471745, 
1.49861398104951, 1.84312925171949, 7.42096481721364, 33.4391397461857, 
4.90819953741106, 3.40938574635728, 3.57396493842288, 7.23484421239414, 
4.4961096564768, 12.851909313148, 4.63070607699761, 3.14477121753929, 
0.90860330096574, 4.63119343918534, 1.0043813539927, 5.99978853692606, 
2.94893567739754, 9.25965966295803, 1.11629046451136, 13.3036266898939, 
12.9059511711547, 0.991093141611187, 1.05522212539797, 7.68530126110883, 
3.51577864057779, 1.0552536182072, 1.4004383624671, 4.92044692086162, 
5.21647739606182, 1.38715608568333, 8.99429333162059, 1.90099082730928, 
10.5868508578448, 6.08927871093887, 1.14310107066664, 8.93016804237385, 
1.76444146706515, 5.58330766542526, 4.77370619433456, 6.98840342319547, 
0.95398785903274, 1.687246929275, 0.935426533961503, 5.93613922977523, 
1.13169788237097, 0.829893105663768, 3.77115086318645, 6.41369118457066, 
71.6074093958016, 1.46289767244864, 0.915988728282423, 4.61414634102401, 
5.24803008280662, 11.2716501881921, 2.87186444953372, 2.31923501980948, 
2.41359638597781, 1.89131096738723, 16.708024576372, 3.94775984745677, 
3.50487792088498, 1.94118060337375, 1.52019732397524, 1.0707041481561, 
41.4152373055998, 1.5249016726974, 3.30771184566435, 1.87578111713407, 
12.5179321706944, 16.306895057587, 5.26348756441391, 1.55698555552434, 
4.58525931391127, 4.53620428161076, 4.71581499667049, 4.02627326673584, 
3.53434230244217, 2.26641574234573, 3.8958151881036, 2.54123073731362, 
0.796201717905993, 23.8392876241668, 1.24517245877356, 13.1957376705473, 
3.80988832646782, 4.00083468872299, 4.29288239194541, 4.20285339260184, 
10.1646272796675, 4.43996988947356, 6.5080797266837, 1.20611797846836, 
18.0584158465526, 4.61976996369019, 12.5917828756087, 1.83308568190679, 
19.4185394951694, 1.27720232926892, 1.00363986306904, 3.59301381088473, 
1.09220056304692, 1.2746310662054, 5.51748391970167, 16.9790162446714, 
3.06959360231652, 2.78283195922086, 2.14351153099575, 5.91844558307648, 
3.62272109226808, 7.3664771985272, 3.76858225252016, 2.48024088653097, 
0.634751334157986, 2.9448605337387, 0.823353794262585, 3.75467549232489, 
2.4268851378977, 6.60975364353642, 0.710094409676999, 10.7563136936122, 
9.8515138712944, 0.756408811694873, 0.833836690814155, 6.09112822121329, 
2.3454963455657, 0.730116584929974, 1.02209900915297, 4.09096313097548, 
3.33358226421939, 1.12874443746714, 7.19942222580006, 1.46221006760375, 
9.36232217978529, 4.31122040341435, 0.857565742143416, 7.77141042035993, 
1.24061262295418, 5.02469555473148, 4.26359041051881, 4.58326019105188, 
0.679585786350107, 1.33281796021962, 0.692594866408257, 5.33454918866723, 
0.940295091965643, 0.65357772374525, 2.8713973296989, 5.94134921690769, 
38.8279077532561, 1.03890720165451, 0.71646896246978, 3.03360469632776, 
4.2246211930972, 9.9961314203667, 1.93071959352093, 1.51773844500514, 
1.94250020256303, 1.47131200233472, 9.41050435882304, 3.04028353302313, 
3.07776909359785, 1.64593588574809, 1.06703932548428, 0.796888602389475, 
23.5155969461348, 1.23646957614145, 2.27406373613123, 1.3661716444999, 
7.09643456034993, 11.4705191250699, 4.19959077287782, 1.06441130164653, 
3.95627374524205, 3.45106964969259, 3.754163276228, 3.17219006528411, 
2.16052195488481, 1.51300350624671, 3.09451926123782), dim = c(100L, 
3L)), MSE = structure(c(7.47806005435887, 1.46999197373042, 251.233934202555, 
2.57695423402298, 28.3820346380983, 6.46708944205234, 16.7326052574809, 
15.6806865384771, 8.09336321213053, 130.073696719868, 7.91004516010157, 
11.6966203484124, 2.40203813575406, 36.8036057224822, 8.31767494198855, 
26.361127689394, 8.53357090721598, 123.908825992254, 6.37569929684048, 
1.83744053317159, 6.0106681697867, 1.86477988706152, 2.54583411909043, 
8.58732509009409, 52.7020717119238, 5.5625352038028, 4.74844928894732, 
25.1846510012774, 16.0477234103549, 50.1170357252715, 72.3562024765289, 
5.10831812075874, 5.17974974204998, 5.89861194022695, 164.003933464632, 
1.79754114530586, 91.6280728438456, 8.3398412565921, 18.876227772729, 
1.81698236665813, 41.7727387020867, 24.3902066049685, 1.12087223620057, 
1.20096788820438, 9.244506121977, 69.6139920579345, 2.28378140337523, 
4.26236531817667, 7.76295557050705, 14.0563170079448, 1.98968223321694, 
10.634497942229, 2.98545256212161, 11.6223904836106, 10.991793643718, 
5.75639577740056, 16.6112826071936, 2.69312661234273, 13.895949150957, 
7.8477227662464, 8.97457952048667, 2.40003832316907, 5.17425394004477, 
2.2021672324119, 47.4729847900891, 6.98267156828035, 1.04877729866874, 
7.71526167162877, 13.2831182891537, 541.416716858561, 1.84464433126539, 
6.35932671379329, 6.38273312700468, 9.0663666448397, 14.1620146849897, 
4.61451528369101, 9.47800982396864, 3.02784036355674, 3.24339049051739, 
21.4682905082772, 4.63834397629262, 5.18563826705723, 4.29671317697082, 
2.36271095299107, 1.61728440848196, 51.8159710337383, 2.46025927395255, 
6.75918881754772, 2.06901090993057, 248.020420333889, 19.7306302154027, 
6.89624142723804, 3.17669700009523, 5.18537758107475, 13.5122262906473, 
7.14722626990982, 4.83305654656328, 10.8389127869657, 5.47248300577583, 
35.5506635306191, 7.19939731360418, 1.3572272785744, 262.965419722001, 
2.39330513919474, 30.0982386737397, 5.85470959349302, 17.4992225174859, 
14.7673471582096, 6.62457702493936, 139.869388186598, 6.96879801773343, 
10.0646728232279, 2.21460276901506, 35.8756851424903, 7.72256752802418, 
28.479326309755, 8.44056553690901, 135.908076349385, 6.51067383589374, 
1.64505850249951, 5.26799997677883, 1.69732205115204, 2.2737865843737, 
7.58093070166633, 48.8465647931702, 5.0746917586968, 4.812350839363, 
25.6224042792495, 16.5612667717567, 49.6701721138858, 74.7216205344826, 
4.91425236417748, 5.61851848766122, 5.73707653421578, 165.43722865365, 
1.6819231359873, 94.5257829071844, 7.4724015353852, 17.3518189520989, 
1.65955390933207, 44.3438690552043, 21.7570086279761, 1.02033096922863, 
1.10496988431015, 7.96137570786856, 71.3285217756555, 1.93378773668038, 
4.27699665467595, 7.67718049668262, 13.5283658150686, 2.00344648584153, 
10.3235277022258, 2.69107980393387, 11.1380498641643, 10.7018962913091, 
5.80535774958943, 16.7825051767266, 2.55021440765624, 13.9226097085998, 
8.2306400664745, 8.1624491606409, 2.11454403176035, 5.3102326773509, 
2.11034055183256, 49.5468527467634, 6.52482575236541, 0.998142552572955, 
7.65087939886573, 14.0847655855066, 549.883585775912, 1.62965262541541, 
6.44561167415055, 6.17434555517718, 8.80872171090927, 12.6852092660406, 
4.48056082092977, 9.70050064140879, 2.78571234801873, 3.22715926677174, 
17.550569207472, 4.1206151831522, 5.13031251542146, 4.11670965996867, 
2.08010303706511, 1.36608888318404, 42.8385806531078, 2.5446441777101, 
6.90942689387544, 1.86653534894178, 250.444562149036, 17.1587181366025, 
6.731457973239, 2.96605930308686, 5.10504292003163, 14.0387497071531, 
6.64671203412174, 4.2649766096462, 10.8951959056594, 5.10732352230238, 
37.7525999979175, 6.27683897956515, 0.962411162137354, 322.628952995319, 
2.20431215977233, 43.8041111687401, 4.60332049689988, 18.4819760054152, 
12.780152182567, 4.17004487314521, 184.937798546426, 4.41427984018953, 
7.10880031103194, 1.69327529443457, 35.9271840789209, 6.09630050796364, 
43.9774760966274, 8.2391670028167, 194.661112617073, 7.4988012572724, 
1.04447953823034, 3.85368599339986, 1.25296904019305, 1.58648213658571, 
5.64922670273029, 41.4271040229962, 3.40670182045982, 4.52835247596374, 
28.1867019588794, 22.2897923377874, 45.1923668976851, 87.6423788051739, 
4.20969176033035, 6.76518680207923, 5.30615424666596, 172.846052899233, 
1.27353665096315, 108.579122202605, 5.03571578231387, 14.2008538049794, 
1.46769632137174, 59.383055170668, 12.9079208826493, 0.757618179000145, 
0.91238501459198, 6.33104698203039, 75.6876249269719, 1.00766799804288, 
4.16019697954589, 8.93081701579199, 11.1709564375316, 2.41717538522579, 
13.4675292573583, 1.67605400581784, 9.32406626941465, 11.8148438844857, 
6.08626089991272, 22.2854260250914, 1.76173754331183, 15.428741495949, 
11.3466278612069, 5.14326735091806, 1.42114489135242, 6.52016003620796, 
2.03471887580735, 60.8984843189693, 5.1158772664145, 0.926724669278511, 
8.81751755003118, 20.3214930530074, 585.729710210132, 1.12049949121283, 
6.73374080080233, 6.31130377806262, 10.1040469477989, 10.037219623445, 
5.52262111356763, 10.9908699958753, 2.03555814418404, 3.58926383491494, 
9.31748921046489, 3.01137863126417, 6.01371640988165, 4.02260736781776, 
1.42083915942459, 0.814268264131744, 24.0425661446972, 3.1620188651314, 
8.89955099974295, 1.38125755587984, 263.786554395379, 11.5167238877572, 
6.76349491225297, 2.4168475076321, 6.10543868959169, 18.9809418081235, 
5.17862996122545, 3.36006452755088, 11.3469980204568, 4.68544476577952, 
48.4406775150227), dim = c(100L, 3L)), Time_all = c(elapsed = 0.393000000000484, 
elapsed = 31.6940000000013, elapsed = 32.2439999999986))
