list(MSE_matrix = structure(c(12.9249651343828, 26.6862839762011, 
18.7054177048701, 21.2887865020708, 18.1941954964982, 15.5918837034402, 
16.8611062214788, 15.7542538015501, 16.5059284170668, 15.429790199833, 
14.3614192779126, 11.1558732700476, 19.1653924561396, 11.6662376684986, 
15.4535382198425, 13.9785333165778, 19.1511240578064, 18.4692711654108, 
21.894365220053, 13.6005938249527, 13.273740735231, 17.1603466964864, 
20.6444300387093, 20.4054722078071, 19.9454014413955, 19.3427599743168, 
19.7469818142561, 17.5778784354814, 16.7747194372798, 11.4905811435515, 
8.5020526990346, 19.6950317087758, 21.146969957335, 14.7604650638001, 
22.7613735629305, 18.7971949249092, 12.1996519984392, 27.6702108951786, 
22.7556999791524, 18.5389277865954, 18.6842457605708, 13.8081999332182, 
18.6562671860307, 12.4813024287287, 17.0103289745832, 16.1394293616759, 
22.226820003463, 18.380215480525, 10.513512441641, 13.9933975433467, 
23.5859502484022, 17.2041708197194, 24.720747789678, 18.3739154946589, 
16.4850246478502, 21.6389338957637, 18.9983397447243, 22.0187574375824, 
21.5907005918958, 13.8387170913813, 19.0608376790157, 15.2621514078794, 
24.330467962628, 23.1468985728982, 29.4987650135614, 10.8225096057424, 
22.9245021033598, 17.6844244596287, 17.4241098762005, 18.2090768321609, 
18.5111211379286, 8.9829449098695, 17.703879347432, 13.0432817128654, 
26.3013491013649, 20.095300426276, 16.1458156184986, 18.7419989222569, 
18.3026743899768, 20.1594492834396, 12.5281333109687, 14.4656340689721, 
25.0674702796277, 14.3376943555519, 14.9991749569886, 15.1051106978181, 
20.1991066526876, 20.1687060053867, 19.7120055593137, 11.0461992377983, 
18.9980768259469, 20.7372957812093, 17.9102048543798, 20.221443179436, 
15.7247466782024, 12.4320369890798, 19.3663859696719, 18.3663661142745, 
20.6280453237228, 23.8318376602512, 15.8177821953631, 30.5177400782025, 
21.2880055602385, 24.0287816276015, 19.8481284707009, 19.0514771598809, 
20.3239986256501, 16.6620279819248, 20.6161070164284, 21.113399131935, 
17.2155513847214, 18.6401951006151, 22.1053194554073, 15.0291460987633, 
18.3268868549155, 19.5556609111621, 21.7840455537578, 22.0873803875127, 
25.3606245439403, 14.0559855456923, 17.0550806906684, 18.907485801332, 
22.6759549573931, 22.6697812230198, 21.6925394906424, 23.3882359337317, 
21.5336170191595, 17.9372049669278, 22.4499826271143, 18.0378796188375, 
13.4877395122334, 21.3423127094038, 22.4337988762188, 17.6797230208467, 
23.0045533737876, 19.9808815088544, 16.2349675032088, 29.91399142512, 
26.0767479412802, 19.5406123509977, 20.3184545260312, 19.7253491814954, 
22.833695576781, 14.3119551185135, 18.9024591365329, 17.5610215570743, 
25.9299963553328, 21.7217132157156, 14.7939000560485, 16.7642685175542, 
24.8127088501347, 20.735876875832, 25.2480885975014, 22.2544435213687, 
20.5590121201354, 22.6808987266046, 20.4619448538181, 23.4756308027766, 
24.6643786475864, 18.1056307518802, 20.8078505336446, 18.2122557742471, 
22.8345835113737, 24.7772933959199, 27.793150537286, 14.2351171227211, 
22.8220501098017, 22.591227314956, 19.5850256927843, 20.124659008468, 
21.3717547421727, 12.5038516732241, 19.3459164663636, 17.4666098995824, 
27.7371287491885, 22.8469586852368, 18.7234115563438, 21.5731846579975, 
22.5862283699843, 19.3183875265909, 17.144237705323, 17.3143517642161, 
27.6286031508805, 19.6074251352752, 19.494975929741, 17.698455776688, 
23.5780777586747, 22.7472121766356, 20.8189852588357, 14.2819782901193, 
22.2708603391985, 24.3020561830627, 19.2459783316127, 21.3770728432785, 
19.5077345146011, 15.4570797399672, 23.4429071156453, 19.3141610379416, 
22.6956774863963, 25.3516127549354, 17.499964570716, 32.0775891707371, 
23.2185757329575, 25.4170380431699, 22.018691153617, 21.2154403437528, 
24.0574884877978, 18.3250865231537, 22.5490581166197, 22.7750171009026, 
19.3278711835531, 21.5753250049677, 24.4829739219162, 18.2063501919192, 
19.9826354952135, 21.5076084942737, 23.2384700178843, 24.4744681210108, 
27.2970875269874, 15.2866859755376, 19.2775961162644, 20.808060421804, 
24.6344779695288, 23.9745947645389, 23.5629183031405, 25.787199588213, 
22.9134746261297, 19.4845183432679, 24.3652813265596, 20.8246231206299, 
15.950019836361, 22.5158232873713, 23.7747788498453, 19.1738371879038, 
24.9505310150422, 21.3757578043847, 18.1396993333745, 31.8912649040531, 
27.6044161598452, 20.7108157306529, 22.2321650865245, 22.9000063151095, 
25.0009836530249, 16.2545317152232, 21.5586114473418, 19.760635925104, 
28.3643609777535, 23.9908094823434, 18.0522283370172, 19.349829145894, 
26.7029810098962, 22.8066515787569, 26.4335987887497, 24.167599929548, 
22.7079197851662, 24.2071447611938, 22.5517948238549, 25.439550672295, 
26.9976781945712, 20.4487728403308, 23.2403135267823, 20.6599719075951, 
23.4848526700571, 25.9116740411074, 28.5936204680393, 16.3411250059116, 
23.9987700791231, 24.5611569637149, 21.316231822851, 21.8491830132636, 
23.0711795796948, 14.3572499296413, 21.2118272730519, 19.9736257221435, 
29.5104213032938, 24.8794398485519, 20.5919229566351, 23.9978822209365, 
24.5596449310106, 21.2871100284574, 19.7259228260568, 18.8934679605796, 
29.9926469179412, 22.1512462592735, 21.436486720511, 20.8549573442941, 
25.3319878785002, 24.3070724774537, 22.081114056812, 15.6691586861627, 
23.7464140794361, 26.207155755504, 20.741208976766, 23.1512381141728, 
21.635114003845, 17.2052913313551, 26.4467741866656, 20.4606597457632, 
24.2105678799791, 27.7574607782648), .Dim = c(100L, 3L)), variance = structure(c(3.94057524955273, 
0.642058314769305, 52.9281147792862, 1.01082197835843, 12.0927793502527, 
3.84139793822603, 3.3922970784516, 2.76565375666429, 8.39802175507084, 
4.88546949361853, 2.82989399502126, 6.83486577544576, 1.19074959201268, 
9.12024000368152, 3.10112068461909, 6.45511950551241, 2.74003111959138, 
17.684165224463, 2.30111992657404, 0.863826431494668, 2.26901329677553, 
1.20955296468004, 2.20229029471989, 2.10666777664278, 30.5532704215176, 
5.52479631610834, 1.93274378607345, 3.77098972347023, 4.1079386672927, 
3.15195422142214, 11.4764591681831, 2.15285112468713, 1.72144281986825, 
0.848533866708267, 5.67404996529278, 0.981915351252096, 8.80204451512084, 
2.21449400792555, 5.28380426787763, 1.49680588428509, 6.29632601124192, 
9.18236932029665, 1.17503675442724, 0.999052496131336, 6.70979425722436, 
5.86945096456398, 1.02735020636136, 1.07455803361081, 2.13721219355891, 
5.84542599250813, 0.738134956017171, 6.04094566050299, 1.07963433175905, 
7.16468426862077, 4.35854469400932, 1.05646160482794, 6.1308922585712, 
1.64228185037825, 3.59514030139836, 2.56272064668305, 7.0241285446397, 
0.99836224270215, 1.31644830033953, 0.78693722839585, 2.67219535867522, 
0.737926750866919, 0.989393289562975, 3.33892239427358, 6.0748303141668, 
114.660987767763, 1.5649741939181, 0.613299254127212, 2.62865361534358, 
2.40256126688585, 4.91041739435774, 3.17232952253533, 2.97507757911786, 
2.26466599331264, 2.05639095950422, 20.3167044153472, 2.83352565099811, 
1.90770583337357, 0.930282927466271, 1.64751122666066, 0.499037845813831, 
51.2387462748379, 1.08281512140685, 2.66766357578153, 1.17787256257799, 
17.9084466653133, 6.28464398330742, 3.26870808514128, 2.07808254070468, 
3.21886774094811, 3.36796251482371, 2.84390563144496, 2.58094951317526, 
2.40802418875409, 2.92294238129229, 2.58481050839976, 1.91938723589286, 
0.348502438867831, 19.4193764195576, 0.51140097223393, 7.41792771828415, 
1.57851004592218, 1.63459686112568, 1.10511174749172, 2.64624677763823, 
3.95748564590734, 1.79278695051414, 3.536402371934, 0.750998144567722, 
6.52281459017748, 1.60436020642109, 5.04674499218425, 1.14852353807535, 
14.4600862438983, 0.771014933502757, 0.655660771943466, 0.888118115252611, 
0.721505415012142, 1.09401894525716, 1.36836102510714, 10.7581850640187, 
2.19867627971078, 1.12364460910292, 1.34359760104324, 2.1599611454858, 
1.75807401939516, 5.45935065184996, 1.36215314340987, 1.10191122353348, 
0.514674989445355, 2.46899271645455, 0.713693929941274, 3.33265499355439, 
1.53852974585176, 3.01440670779275, 0.649011386486909, 4.1901841331739, 
4.7556889395429, 0.61673862050916, 0.596318148783499, 2.67784628513633, 
2.13437952634458, 0.473669080721904, 0.739806959550137, 1.31479606891998, 
2.25405225482462, 0.547559652424247, 2.92805121155544, 0.81494388010868, 
4.14665144241376, 2.05823924029377, 0.652729893053158, 3.33556205962279, 
0.805716932734666, 2.16548262383269, 2.15677070175382, 3.24729299485846, 
0.586952519593336, 0.735030807869532, 0.441817994000151, 1.74289498507273, 
0.512430611077645, 0.587700714881358, 1.97643962447794, 3.38439689725892, 
41.0021043323565, 0.81297642853334, 0.433880272721418, 1.73374882050557, 
1.12213844354211, 3.73058810636184, 1.01479865422491, 1.01982313748083, 
1.0668061588396, 1.28622839458602, 7.88877485560102, 1.81130179586902, 
1.1574333904946, 0.686160483717697, 0.854325777627415, 0.286922851011984, 
19.9545024384851, 0.6837262142658, 1.36241582840341, 0.77921085948671, 
7.4395405593884, 4.36515403328904, 1.64176930795274, 1.00266194864117, 
2.15588350874539, 1.70456217365526, 1.68822408437859, 1.54979938115375, 
1.46105849128714, 1.26639909272833, 1.48304875957111, 1.56257017353938, 
0.286943591840553, 14.5590822818464, 0.43873174052344, 6.42871292911198, 
1.34215356662387, 1.31847664332622, 0.9971472248336, 1.85507359743531, 
3.96841767319695, 1.72072481263983, 2.88437440662125, 0.662892434549995, 
5.52678326238215, 1.40574719850342, 5.10605474329623, 0.915379772211642, 
13.1145387836206, 0.591622613751028, 0.555255419638536, 0.829315650765085, 
0.603419280291638, 0.843896396487781, 1.34620870976802, 7.59723047171068, 
1.77764729248031, 1.01653295380563, 1.02925509881925, 1.94199900190235, 
1.52138430691613, 4.1344626299145, 1.29799939964228, 0.994065023492746, 
0.434584993761521, 1.88715255306198, 0.648369206744534, 2.46970387980251, 
1.3867661187184, 2.50627274760842, 0.525514032094063, 4.20106608730896, 
4.30517802148483, 0.49081543673012, 0.548878310101821, 2.18307643092478, 
1.62007486392762, 0.386488218745036, 0.657518844472322, 1.27966295266234, 
1.81730666922466, 0.478359964013063, 2.93509971386954, 0.759246570153472, 
3.7406233388775, 1.68586587440959, 0.584015311929748, 2.99440180777377, 
0.685731714127026, 1.90897240330571, 2.10863651662727, 2.64932304895741, 
0.479262346209305, 0.637405472471415, 0.391070358455849, 1.64199821045996, 
0.441476460171137, 0.530439117058999, 1.66000891680333, 3.05099576092423, 
28.612633587786, 0.644029177519455, 0.388557565980743, 1.4325454862216, 
1.0070463247908, 3.81045224041529, 0.771806743723639, 0.776785716822851, 
0.899934371264928, 1.13349849803134, 5.88088844173211, 1.61559950840542, 
1.08829153714658, 0.671036453199886, 0.680982879035915, 0.275320240469442, 
14.8262695773059, 0.569214074062692, 1.09815175825577, 0.70423809128744, 
5.28346382115264, 3.70729847582096, 1.50102555653868, 0.776672464660291, 
1.95353647576333, 1.49534211288245, 1.50388025503173, 1.46927647296355, 
1.22161889821709, 0.984935885951676, 1.4148949576382), .Dim = c(100L, 
3L)), MSE = structure(c(5.0439616398122, 1.28064138187945, 131.963297221586, 
1.59281479218785, 12.2590857894203, 4.37381994509144, 8.78438813470845, 
12.1181916884693, 9.53902097642333, 67.3043235035623, 7.34764662219214, 
7.57341876374603, 2.19154911395943, 10.0589362457335, 5.39758902927599, 
8.41877626270682, 4.4817692645397, 42.7149883947211, 3.37668912538786, 
1.63116459518825, 2.51922249721603, 2.20543931538984, 3.1183740859757, 
2.40615935993443, 35.1687710237499, 5.83862599210302, 1.93349864878282, 
19.0779515569859, 6.76114001574811, 38.0157312841545, 43.5283400270029, 
2.77694177158316, 1.70540818580262, 7.19362868318393, 143.312035580975, 
2.13097734076572, 69.2270288945898, 12.4866345157176, 16.2870712770831, 
1.48221039358392, 18.3623706241442, 23.091518552047, 1.45875941108726, 
0.990051109588903, 10.1357862312417, 39.6289890251069, 2.98562186204903, 
1.56058310149378, 5.00011834785767, 12.855498768278, 0.7622965632946, 
5.98417945534293, 3.12936745307701, 8.83448154178644, 4.98534954579985, 
3.40697454922241, 14.9917616661947, 1.78985578255995, 6.47727915314976, 
3.76328016521154, 11.3692047364849, 5.03124620891292, 3.55734206582463, 
2.19464423092319, 28.3080355124897, 10.8907699086596, 1.03832188309328, 
5.73651536546954, 11.3367299213799, 349.04961251323, 2.06377014236644, 
5.89227109215354, 2.60954525631206, 3.44152230497945, 12.8939961649424, 
3.40424739036781, 4.56065691455989, 2.59082175494307, 2.94163592920162, 
28.1240287871781, 3.2702267935803, 5.03794271134097, 5.54268996094982, 
2.50606882494873, 2.68581902252146, 55.293400524585, 1.2504494344974, 
3.98528561679032, 1.24231055633054, 199.495179081453, 10.8969134900727, 
3.64516088014582, 2.89474480855978, 3.41715375377566, 8.34788347446176, 
9.44558712395578, 7.34363732607322, 5.29175402988596, 7.79495367636142, 
21.3315948517956, 3.9514556769739, 0.980300731337855, 209.545149838779, 
0.881993229090066, 16.415494922414, 2.2273107699925, 12.2509608475675, 
11.8095296176142, 3.24636387846359, 107.233205432602, 4.07188900865148, 
3.55122798835004, 1.5320954949188, 8.94537484625528, 4.09095307638626, 
16.8138750434339, 5.6063687543298, 94.6193396075137, 4.48088112896398, 
1.05242578627202, 1.64993044790577, 1.04881639242448, 2.21772590901786, 
2.30212628283453, 27.6035856410946, 2.63830848776988, 1.76404839267242, 
22.2792658155107, 8.66212339918482, 45.0078321367405, 63.3507585910966, 
1.93521999747738, 1.98507488501021, 6.16757453041165, 158.49740129593, 
1.66849010661337, 87.5091908139823, 7.35563388540306, 9.80608736516712, 
1.00095172944706, 30.1858120125819, 13.8158895919256, 0.786254700253165, 
0.590359799082709, 3.84515017579109, 57.6809284326067, 1.52570606386033, 
2.5009575608049, 4.61144922350797, 9.30900859937771, 0.659275007180694, 
3.59879064449573, 2.68953672275238, 4.63898095526672, 4.36028422367072, 
3.89295062395364, 12.5050086259932, 1.63694825919876, 6.48037087729574, 
5.88972391053395, 4.52310337205583, 2.7821678171458, 3.98268978045606, 
1.69323922387785, 37.2548191330347, 8.28527946816938, 0.582777004780369, 
5.70252172695183, 12.7645333411934, 452.585455530651, 1.41910258440691, 
5.39323681276026, 2.96521639993963, 3.06832498710983, 5.85427069479875, 
2.37551870120217, 6.27640459448674, 1.50741166145777, 3.36280762775266, 
10.0824996543868, 2.06807414599509, 3.84719437959627, 3.96933965248082, 
1.95346477735718, 1.13879532763454, 23.0001293609942, 0.804839634406889, 
4.37364659637117, 0.795260034016569, 229.437534540313, 7.52688406410281, 
2.6769594265512, 2.83353022241714, 3.24285010525249, 11.6928051469359, 
5.99061766625763, 2.10826736385192, 8.31009428903149, 5.4984200124313, 
33.179035186472, 3.88085674120149, 0.867141499051864, 246.575167119377, 
0.883522606739187, 23.9569860877158, 2.21903717754506, 13.3904139734729, 
11.6520089486566, 2.1887186529777, 128.060934880018, 2.71925387493177, 
2.90234350473636, 1.35543556990927, 11.2831706634294, 3.73005933085709, 
24.7170908830111, 6.15767741079933, 124.731814202149, 5.33892835825514, 
0.832892947260215, 1.61522858926888, 0.845867704844727, 1.86422816162349, 
2.2435307088434, 29.1960355707205, 2.33648288067708, 1.90353342074346, 
23.9722934149138, 11.0067272617622, 44.9102468311111, 72.7565774690655, 
1.9696085250355, 2.71386646675211, 5.78078100128029, 163.862798340253, 
1.43910166726949, 95.8184008833602, 5.82101291063314, 8.85352212113824, 
1.00948137247651, 38.2729359609828, 10.2093139346026, 0.623615191508619, 
0.547535683381514, 2.47956534220574, 62.9109076342126, 1.08919326282473, 
2.83470926758032, 5.34265418017438, 8.60442046541585, 0.760038741971291, 
5.31484919182324, 2.13076656793506, 3.74492914644256, 5.03356982739969, 
4.20640537879957, 14.5979548995472, 1.50510011743916, 7.23842095797209, 
7.39208034277222, 3.47474199530805, 2.25101657478547, 4.49200536252866, 
1.6352382905233, 42.2529759626713, 7.35910363149816, 0.542231224408189, 
6.13801660391913, 15.2916036331416, 488.8115615908, 1.16040402970152, 
5.47856466537318, 3.6146784108839, 3.88159952651842, 4.1866885432579, 
3.06531685791984, 7.43220322302673, 1.18724271877729, 3.57680088044518, 
6.64106501216045, 1.74660089549407, 4.11197336726626, 3.75078594963438, 
1.64756965710294, 0.741982831857909, 17.0988394300665, 0.953336773872548, 
5.39579199830492, 0.714752837343255, 240.320838382704, 5.83499249985666, 
3.14847134179228, 2.67877901844178, 3.76872180270831, 14.2067900157153, 
5.12407463666071, 1.4771337617033, 9.32164960925176, 5.06314817393925, 
39.8030800562723), .Dim = c(100L, 3L)), Time_all = c(elapsed = 1.50199999999859, 
elapsed = 250.402999999952, elapsed = 256.883999999936))
