list(MSE_matrix = structure(c(9.33045031410698, 12.1498087056626, 
8.69203074231342, 8.79386636059777, 8.52778264775771, 11.5542269951661, 
6.98727038246337, 9.83618545221872, 14.2474631981514, 10.5769596672246, 
8.26856762799628, 15.6861708624147, 11.5385090441809, 11.5754139969196, 
7.44273123493323, 6.84381298154098, 7.86281196296363, 12.0718499429317, 
16.9590694285627, 9.48230766171194, 13.1479948424723, 8.16580100559386, 
10.7711971974457, 13.0703406486335, 12.3785409717188, 10.3573360791201, 
12.539542555493, 15.9526876407919, 16.6594313275721, 9.65476778927079, 
9.2748667767283, 9.36330983420749, 10.4969052569355, 9.18627038163901, 
17.2654850577684, 11.223061045159, 8.83799637361828, 15.0844283227484, 
5.81052052859374, 13.4077675080499, 11.8222577572828, 16.8902513773427, 
6.39466193077918, 10.2308653611469, 8.88679997997103, 11.6360629559237, 
7.91553332601077, 13.1773405352234, 10.645380654985, 11.3892939473634, 
15.8833121357762, 9.86432779090841, 10.0639446833365, 10.829878307358, 
11.4411763865755, 12.7507564629838, 10.7182736689649, 11.3207074130178, 
15.3147637182662, 11.5982944355076, 13.0935635119547, 6.3876134818862, 
9.05500149342718, 10.9505277774524, 19.5379209499519, 17.4205618946868, 
15.749577908471, 8.70380847134537, 8.42983701980823, 7.92812296726988, 
7.5532024558823, 10.7219781842686, 18.4767406626466, 9.00252194122928, 
12.8278953531799, 11.5251691205098, 10.4406231673513, 9.10149495779069, 
9.70154760378796, 8.4404368331386, 11.6284062671392, 9.21185957310573, 
10.8201266889444, 8.75854548560486, 12.1925066102948, 6.48418426909577, 
12.4482772756762, 10.5555648779507, 12.6394405201533, 9.87486263548893, 
6.81215493702222, 10.3603834600773, 8.60574126086189, 10.5058516096966, 
14.3802519155903, 16.4643592407387, 13.4105775439945, 12.3768444603508, 
10.6766962731198, 9.23888870293141, 10.5693262603423, 12.4350842926368, 
9.80025866670039, 9.87191999326659, 8.87519134734415, 12.2477448222952, 
8.80793136429474, 10.6919140766194, 15.7323630869171, 11.0344986392939, 
8.49379884433401, 16.6874370426651, 12.4149157396539, 13.4204872094035, 
8.66072260480548, 8.28282325610276, 8.39088116067334, 11.8909945408311, 
17.2373334321866, 10.0485645308062, 14.036746304221, 9.52739642487425, 
11.2850277296696, 14.5194037420772, 12.3432167758502, 11.5047606758015, 
13.0800973018324, 16.0698681418611, 17.5284073412987, 9.92023478688844, 
10.3079899037143, 10.8707201808427, 11.2072419437778, 10.3026396505811, 
18.4559139559468, 11.7029348337312, 9.49213801247803, 15.8471133484823, 
7.17646671180051, 14.1037285541363, 11.2275945682202, 16.8025258461702, 
7.86953333859431, 10.7330191449357, 9.44269702046191, 12.7281999549027, 
9.07073034608675, 13.9938468853348, 10.4404466807611, 12.5309235629007, 
15.7947347828212, 11.621750644454, 10.3572114347869, 10.8325099073145, 
13.1404994348311, 12.6225695142864, 10.8240763722763, 12.0155606298024, 
14.7161440895635, 11.0312115872673, 14.418237857128, 8.10412670148724, 
9.36717915776656, 12.2321002471105, 20.1904899842693, 17.298900295502, 
16.7840830306187, 9.93553250509032, 8.56742317458823, 9.31100406080618, 
8.93373691515128, 10.976236577681, 17.4093516074691, 10.7268601570817, 
13.3977627559666, 12.9637328827817, 11.604735573192, 9.8016744141385, 
10.5707319396911, 8.96975846239129, 11.434549778832, 11.3154285082108, 
11.3014424727411, 9.93318017893039, 12.1008708210408, 7.60419894362454, 
13.608129897997, 11.6486704038881, 13.9582934264117, 10.645052614015, 
8.45105071203302, 10.4714593315755, 9.52623652600696, 11.3744658928906, 
15.6255936735896, 14.4815152005366, 13.7594585707658, 13.2438678243302, 
11.5912198639661, 10.4268024617354, 11.7612464612991, 13.8190784451898, 
12.1244253923106, 11.953250579607, 11.2013720658409, 13.0719389448808, 
11.1434370180549, 12.231682805022, 17.3704655338186, 12.5537960240693, 
10.2414156592441, 17.8748925386316, 12.9361774948577, 16.5018088499125, 
10.548504334857, 10.1109364085749, 9.92549503385663, 13.8707954945731, 
17.6628155553222, 12.2821544149663, 15.4934501847738, 11.9640681068606, 
12.5838445901421, 15.9217118781774, 13.2485709316913, 14.0836150494224, 
13.8954541068762, 17.313001460121, 18.7681810242971, 10.8820212635986, 
12.3605843506236, 12.1661030395967, 12.4630628559292, 12.2963269425751, 
19.458081662993, 12.2614363106287, 10.971119816967, 16.6746327439763, 
9.09486466375005, 15.3009026725483, 12.3325772280341, 17.5050745311879, 
11.1730771586666, 12.440408907904, 10.292332692461, 14.4812417650937, 
11.6286212358169, 15.197143625671, 11.9334573393168, 14.8317649855731, 
16.4645260489542, 13.4005602325186, 11.9064250081496, 11.8115392870335, 
15.7447829854863, 12.7568010068131, 11.6404229040605, 12.9466998026313, 
16.6676112571229, 11.3052118855311, 15.3256374671355, 10.7979702616826, 
11.319179839078, 13.9040745464057, 21.2293668091248, 18.3473943876983, 
17.3803466192357, 11.5380384791446, 9.67575503534128, 11.4014983261125, 
12.5927100018872, 12.1412708683184, 16.9094818134858, 12.4802345788661, 
13.9892835415747, 14.7733415032511, 13.4810225614071, 11.873968052149, 
12.1531617387414, 10.6919843057468, 11.8398291564699, 13.6928421610744, 
12.3182608305933, 11.8010171051687, 13.3628083473335, 8.91539457664771, 
15.5940073509555, 13.6777701065472, 14.9815162601335, 11.8050434525514, 
11.108185316562, 11.4089268470349, 11.0754144860604, 13.6311875165286, 
16.2022481895711, 15.0324018899593, 14.1372242727098, 14.3798491228241, 
12.6177168371449, 13.2585415330274), dim = c(100L, 3L)), variance = structure(c(2.75968272310734, 
0.296167494293272, 37.6211797235268, 0.667341731732582, 5.40794810869839, 
1.83512843164653, 1.68133901329569, 1.23035612425854, 6.68444030845354, 
2.04870159379534, 1.34688405073025, 3.89480869952237, 0.426228659721897, 
4.91936170429823, 1.39579375025259, 2.5345923465218, 2.46492774557431, 
5.0224616232763, 1.99593525343349, 0.437441278501906, 1.87875575949004, 
0.56360843866635, 1.12945437195141, 1.93751057064064, 31.5349198274021, 
4.6387464546837, 1.04738149627176, 1.48802117214245, 3.04306279736451, 
1.63674074428653, 7.84201835113188, 1.40311935209042, 0.705696673147276, 
0.447285768784149, 4.08498477640645, 0.447122197659531, 4.60573892835516, 
1.23173283240618, 2.53968696688397, 1.02021952233464, 4.34775254217054, 
6.70570668491245, 0.787447956598629, 0.6148328988868, 5.41603797411501, 
4.06064370014475, 0.498590900127379, 0.610435674913971, 0.565720949375473, 
4.43806730271145, 0.31154410343276, 3.36126481963211, 0.626470300850722, 
1.88191139338461, 2.93408730008931, 0.520608323602473, 4.36274841416456, 
1.03563953447663, 1.37680142945292, 1.14160562295675, 6.20420844786977, 
0.704486832287186, 0.47532416480833, 0.304548704476339, 1.54383430426751, 
0.358967337927128, 0.467635292780815, 1.69924728605237, 4.82589880720737, 
93.361610205292, 0.72767413007967, 0.194223186118198, 1.08088141571444, 
0.984654487003061, 2.01314842102083, 3.74061491097939, 2.40696245324068, 
1.57085658023283, 0.909265002020171, 13.8972358894091, 1.48138070133325, 
1.8263142551156, 0.367531464403157, 0.642848145946252, 0.261336532345804, 
24.7492521192224, 0.461134666699636, 1.79707306028412, 0.439305993049459, 
16.6274341879378, 2.18051794028358, 2.68602991308397, 1.0454726645884, 
1.53924266317735, 1.94013937383062, 1.08091823129701, 1.33068430151917, 
1.45320895105613, 2.56154108004342, 1.47762303104762, 2.13701727863415, 
0.221806458165885, 26.0614883168864, 0.46605583636413, 3.99331389372027, 
1.44045017242021, 1.24163766932467, 0.640768902778127, 4.98284473274859, 
1.85754117792715, 0.907891642306073, 3.17617679975178, 0.390724040824317, 
4.37846162556923, 1.05912003648653, 1.62408907875707, 1.59834568104268, 
4.40376524874766, 1.27584598238052, 0.395480414253937, 0.732847295336196, 
0.541883148720888, 0.877919172897421, 0.889446218890223, 20.0407935114227, 
2.5475174715414, 0.849090305849148, 1.13240807027132, 2.03424716358825, 
1.35817103701778, 4.92457549141643, 0.94061136717339, 0.510631457602154, 
0.402839965874389, 2.38065385910138, 0.346947070293059, 3.22050658447518, 
0.889909449283253, 2.08672332843487, 0.693161013542878, 2.46060826561609, 
4.60063694747863, 0.608287465639494, 0.443326548254258, 3.22503019968495, 
2.94986852710961, 0.37287191556417, 0.438742734167676, 0.472478334478743, 
2.52367314796454, 0.251905729373844, 1.98030040333652, 0.484042574083385, 
1.20419034617372, 2.00158016506099, 0.437141288988903, 2.67228301472221, 
0.732333712187672, 1.14684002505576, 0.865475147187131, 4.44020524007427, 
0.529359005086207, 0.402697644784729, 0.26457852216697, 1.15784278804344, 
0.286738893974955, 0.393779941984397, 1.28088142734991, 3.37518651113819, 
62.6139130494412, 0.559137471127039, 0.169092504529076, 0.69134618273757, 
0.741535623815004, 1.45485481591736, 1.75667326388234, 1.54894197274423, 
1.0301478216094, 0.625036474679952, 9.30365374774882, 1.18654194654141, 
1.28818018026181, 0.283284163318503, 0.504304417929631, 0.189136067829057, 
21.1464112360563, 0.346499078065589, 1.29484666802907, 0.380688473198468, 
9.21353492880909, 1.99977659717336, 1.88041401928101, 0.836702632932812, 
1.24528543884315, 1.45018423386822, 0.78703580843035, 0.746896108524367, 
0.865318895438893, 1.62223617018895, 0.791540569994147, 1.54372485355465, 
0.20548475939062, 19.1034974944568, 0.350404816400074, 3.39972267534996, 
1.26133064057461, 0.940258936021802, 0.508953838370192, 3.86218100701522, 
1.88602863746395, 0.729695052262634, 2.69615562858305, 0.359008757518665, 
3.80116832219033, 0.904419715127141, 1.47982124214358, 1.2198061545723, 
4.55452065178093, 1.00022501608789, 0.401372231066994, 0.431395393869961, 
0.48599478511683, 0.679057879397409, 0.556999080404212, 12.8908688335246, 
1.71105464082888, 0.708941730037029, 0.949285722030201, 1.50622776876348, 
1.12751045227909, 3.3707911541648, 0.716055258526019, 0.476242843361235, 
0.365687958747858, 1.51848591003032, 0.297398451790235, 2.36215798159993, 
0.746304079413063, 1.85302863737988, 0.522217126934593, 1.91480777833041, 
3.4146631504575, 0.458898890425069, 0.391394899915932, 2.26424035022407, 
2.50002404182277, 0.31594776862504, 0.411426771847836, 0.42120629191468, 
1.70952376098346, 0.237622860222647, 1.27946201659629, 0.404105917463775, 
0.885347517071544, 1.43284679950897, 0.392609051880228, 1.89366955545091, 
0.585004173499815, 1.13643347344255, 0.92816114564443, 3.18631408638371, 
0.402064821547719, 0.312219569094238, 0.236701300148924, 0.949360215124086, 
0.238711938568938, 0.360069578211804, 1.08935598267352, 2.59910291257951, 
42.3868042159966, 0.442903038879741, 0.154082778029833, 0.606238904444354, 
0.659610521939568, 1.24950864552747, 1.14814764422608, 1.24021183615775, 
0.864894512127379, 0.560577440161638, 7.61785063355325, 1.17076053915459, 
1.04416488185368, 0.274635684919026, 0.439101584536479, 0.169948110398022, 
15.9437029104752, 0.286498484805897, 1.03478263283356, 0.33139199059697, 
5.77155486155376, 1.70514624882288, 1.33309029860384, 0.669824006953158, 
1.01660973549656, 1.15914203497901, 0.671623675088386, 0.583166109095538, 
0.687077603146297, 1.12491084187647, 0.57994778203245), dim = c(100L, 
3L)), MSE = structure(c(3.69446836139058, 0.883418754631667, 
45.2053204543539, 1.51435522903526, 7.01434662927645, 3.60022076063683, 
4.86806613064443, 7.64334103031494, 8.48404997866431, 34.1604545060032, 
6.84030205983471, 3.9419525296554, 1.42885249502502, 8.54870764863206, 
2.48028415897516, 2.65687025981759, 2.73176880475758, 8.10444643916148, 
1.99622230824861, 1.14886410268378, 1.91597411897381, 3.14155891514127, 
1.11817378566556, 2.15093806789624, 33.5253208859128, 7.24051336594063, 
1.59622358616299, 7.32448724614841, 4.06043516671222, 27.5983578213583, 
19.7883647136868, 2.46416997586312, 0.820669263528276, 7.07454780096025, 
121.051277927367, 1.45780936120278, 33.5021221269598, 16.4548899537314, 
21.9652230215657, 3.19305009067254, 11.2040437345014, 19.1131251274255, 
1.32041492423792, 0.700385125768768, 8.43289291390114, 13.6182764591495, 
2.76922099809923, 0.622962131034632, 5.31371393588675, 7.393301746452, 
0.566865515391243, 3.33213037797839, 1.40164987229022, 1.9726206685013, 
3.23587175139217, 2.48207630204938, 14.066605893886, 1.11733751645176, 
3.0241037398158, 1.13889512343688, 28.8477511994869, 6.81065336927703, 
1.51721943532569, 1.40474865708214, 22.2272800910786, 11.0503020110213, 
0.562764670792144, 2.52072086717563, 6.29977276405141, 137.68989928385, 
0.734831439436733, 7.4354488919997, 1.60695895198232, 2.65933614587356, 
12.6351939797081, 5.27234831713344, 2.38803315565061, 1.56564107498226, 
1.10989233108962, 19.1957010153833, 1.91797095122827, 5.3903317372685, 
6.51393220299199, 0.636430557641188, 2.89928565808574, 27.9997559188723, 
0.725700055457137, 3.00582143460325, 0.678703722054909, 156.897543817501, 
6.76810551443896, 3.25756037860949, 1.17697805235094, 1.57444478000004, 
3.1551516233312, 8.36102564190721, 8.67491141524716, 1.64785752073833, 
5.00265127038666, 15.3075189460404, 3.62700895135098, 0.801213072889652, 
61.0665575728781, 1.28672634774185, 4.23435262758819, 2.64934535338286, 
5.20625402087719, 8.43433237270034, 6.97433232971401, 44.7550791726256, 
7.33746199168005, 3.55125300585336, 1.39567189489531, 6.00769631243795, 
2.18164210098525, 2.08025819105784, 2.2827824152094, 13.2765254073846, 
1.39071751258149, 1.29268712534208, 0.82704068353055, 2.49718318954551, 
1.01759162220268, 0.887420504467745, 21.8833427156912, 3.51493377630599, 
0.96761108521633, 11.0746591777665, 3.34474500528002, 31.2950507663851, 
26.3601745625752, 1.80185647675107, 0.571648027820521, 7.03180695697306, 
134.825402981031, 1.35221786524692, 46.0330623124034, 14.1497467962251, 
19.8234683652675, 1.28157358776488, 11.0967741471086, 18.5020099862789, 
1.0817137998751, 0.451440733114093, 7.18881779340495, 19.8943049167793, 
2.7081248040598, 0.552535775450282, 4.28548463559312, 7.85616869638603, 
0.38428858870424, 1.96312816099444, 1.60482594724535, 1.99484319168397, 
2.31164810618236, 2.46323264476447, 12.2055741121693, 0.726024241324549, 
3.4343353175983, 1.11892089701326, 16.0487878838261, 6.17283878230129, 
1.66131087779599, 1.46531505634928, 23.3353395242816, 10.6969299074386, 
0.51131132440777, 2.69550494477497, 5.81379648246901, 180.409585942218, 
0.611994116118644, 6.37014748416116, 1.14229660784673, 2.31291614239362, 
11.5435481138305, 2.53904441823353, 1.81948241506205, 1.14122493755791, 
1.13314888685372, 16.0188810181101, 1.56907333763093, 4.38294834945408, 
5.69402781080988, 0.651747723332502, 2.75767057374517, 27.0136345951512, 
0.551013334368475, 2.60357517223797, 0.597509963655655, 181.221528746494, 
7.54386601000092, 2.46347755657335, 0.853730442773304, 1.23340696300045, 
4.23190316663743, 7.32479730274284, 6.75267351839268, 1.49145091648808, 
5.09199656380798, 17.0671007331588, 3.31197464028538, 0.810588795290174, 
88.1620380757653, 0.99003781778281, 3.6725087060701, 2.11304947671558, 
5.93896621508798, 9.61866434680681, 6.63173052194113, 55.3859843925529, 
6.90007503550037, 3.25615533242683, 1.23698099170111, 3.83166575358013, 
2.0999848780263, 2.88392091287778, 2.13325120904021, 23.9024067257811, 
1.36827237224927, 1.14267637867935, 0.73108738741602, 1.94905679876946, 
1.20221521946401, 0.822716051817867, 16.2714573064627, 2.25072216480002, 
0.711767773431873, 14.0574669376081, 3.18626551677293, 32.4439779255592, 
37.2255742268699, 1.37881474191072, 0.488844395979295, 6.88203969904223, 
145.729171080519, 1.24485617599923, 58.0365689446983, 11.8367604064833, 
16.7246970400187, 0.638895033895725, 13.2834960279486, 17.6304877915266, 
0.882413366179078, 0.390813427454146, 6.2138110758537, 24.9052222222927, 
2.59570329721385, 0.581418529266977, 3.80140216943157, 8.27176091550882, 
0.28227668290371, 1.27194871663634, 1.79099217085575, 2.15001216604568, 
1.73435768610614, 2.59572046484845, 10.902428127175, 0.61518977903764, 
3.69116776944228, 1.77266029676294, 9.60574728578946, 5.36976235782956, 
1.9340868152092, 1.44899107676567, 24.1091409712825, 10.2841178141, 
0.490411434035414, 3.25958254329015, 6.32105992911135, 250.596878897069, 
0.711437487943169, 5.71784026267291, 0.787335396255424, 2.25160024635714, 
9.73837634782232, 1.86386142113346, 1.88515368313429, 1.06662446802753, 
1.52766452510886, 14.0188337800247, 1.40123511348249, 3.96705880062, 
5.32294788864268, 0.911857083630748, 2.61106970872539, 22.0170282841671, 
0.383373763948727, 2.55162259219752, 0.499087475924462, 202.936918048641, 
6.77124508712234, 1.78874025516615, 1.02426215109237, 1.08993844224491, 
5.62634897812975, 7.08032698136989, 5.05314744975614, 2.07439538196329, 
5.27314760351558, 19.753480772276), dim = c(100L, 3L)), Time_all = c(elapsed = 18.0119999999999, 
elapsed = 626.733000000014, elapsed = 633.315999999991))
