list(MSE_matrix = structure(c(25.0130578523917, 24.7419638283831, 
32.1623500767947, 19.9255066555764, 25.9422194383385, 26.6307630451204, 
30.1702883044717, 28.6613759168731, 23.9520022703984, 19.1871956527952, 
20.3528167860304, 19.2546139697939, 26.0254816064279, 67.5450133484025, 
20.851372493696, 25.5243197572115, 12.7223231148519, 25.6317330497018, 
26.1695308616839, 22.6741386354719, 23.7897975578353, 26.2440528468946, 
26.9999715147739, 26.5136944910948, 30.9993954985284, 21.0344741929331, 
26.6590793760648, 25.5508910550051, 26.4098034842617, 27.3647413087894, 
31.027250746807, 26.0344865358027, 32.5627664193982, 22.2950831822101, 
21.8080506770865, 25.2685480373537, 29.7477501611865, 28.5408239910581, 
26.4326468253269, 19.1306944058655, 31.2546243972931, 38.0093867550067, 
19.5179071787982, 23.4609155238847, 28.2431232432653, 27.8415638966366, 
22.1400268851915, 25.3644817292626, 26.5437557000268, 30.7726235912441, 
29.8591138676843, 24.3164361726431, 31.2940382149404, 25.1251560932269, 
20.1673890763513, 29.1174384344663, 21.8352105075956, 25.2675408068526, 
23.5834213689721, 39.2833071825468, 15.6545501337058, 27.0860098527302, 
29.0019675710778, 23.3088812539204, 27.4083197973541, 32.6384164985599, 
26.0157980862572, 22.4597712276434, 27.8117857194581, 20.0298941273012, 
23.9209109712092, 24.049146773567, 19.1342147168485, 25.4780808452995, 
19.8004748728749, 24.7745811227318, 23.5100829573334, 27.5541834777736, 
29.6757686761448, 28.2413032173374, 31.9506806989127, 36.2876840372973, 
19.80660545615, 26.787074177856, 23.3621011967826, 31.0316795829283, 
24.9723098344145, 28.98209520515, 37.3168753249139, 25.6156714275098, 
25.9604140216094, 22.3246005278006, 34.9133257635248, 19.3690862265854, 
23.8878163417753, 32.154844870316, 31.4819729180863, 27.7951846032367, 
23.4914450973275, 27.5696069383246, 25.3036533442212, 25.3498673176495, 
32.0857664985442, 19.9064677868661, 25.9727777490602, 26.9951915014882, 
30.5384270198012, 29.3267879010917, 24.1112475655892, 19.4481467096954, 
20.6901188037326, 20.1010169332089, 26.1918295151494, 63.7404883182904, 
20.8926341359508, 25.0298049158339, 13.3904164266084, 26.2687602017551, 
25.9649892398142, 22.7433384144256, 24.0899034134746, 26.5548069695366, 
27.3618873257018, 26.8588749452929, 31.4636121546834, 20.8374138201028, 
27.4027010970047, 25.5023569102144, 26.9805749893675, 27.7815056315979, 
31.3318378739808, 26.1752528588969, 32.1978812220314, 22.2405034320197, 
22.2614422637448, 25.8031365666664, 30.3389955503909, 28.975373614055, 
27.5792962196639, 19.1641936852662, 32.5935778611444, 37.4812299762916, 
19.861201933617, 23.6024262688123, 28.8929975012793, 28.1599271482868, 
22.8756815325588, 25.2346748381267, 27.0906351815446, 31.0488860013816, 
29.7069725961215, 24.9283883161256, 31.9725028214997, 25.2629674956201, 
20.5447001942146, 29.382903267892, 22.1999477894916, 24.8996505901293, 
24.24542982253, 39.5088177135411, 16.4696438921911, 26.7854094708864, 
28.6744536328028, 22.9428429035348, 28.0605217205619, 32.5113273140718, 
25.5566116959748, 23.2248327405115, 27.9748397689398, 20.0286141722073, 
23.8608274397673, 24.5113685897865, 18.9073555185553, 25.9679689693987, 
20.6657363466838, 25.032055379074, 23.83552954511, 27.393615249942, 
29.3511689865067, 28.5694823231965, 32.1477261552921, 36.6500767303272, 
20.2156545063513, 26.4219169066319, 24.0611714800751, 31.5088547255411, 
24.6896564267247, 29.1968321679213, 38.2395269376123, 26.1043735016086, 
26.0130676732839, 22.9534462201485, 35.5742380242494, 19.8755024039573, 
23.9924034988871, 32.4890566410951, 30.1306663378307, 28.4312348019419, 
24.0926715984738, 28.3306366268336, 27.3466300472577, 29.4764123436973, 
33.6087805028608, 22.3377751243876, 29.1830590142267, 28.801703195982, 
33.5878841419129, 32.9519800731182, 26.6424612177541, 22.0938228400414, 
23.3806232891116, 25.1062116437124, 27.8351235657458, 55.775957557227, 
22.9828960228609, 25.6468617076295, 17.9779141484946, 30.1378287355241, 
27.9529010889559, 24.0318752082155, 26.3537518372579, 29.6821749394602, 
29.2701208808384, 29.2165070903674, 34.8081219916409, 23.2998618251796, 
31.5863386658195, 27.5044758665732, 29.7565922408689, 30.1256268640921, 
34.2386652339571, 28.0349579257931, 33.1862788772572, 25.338304116644, 
24.9939300876858, 28.6820786024296, 34.9034093876555, 31.3937143361617, 
31.9747756082538, 20.254674352422, 37.7067946671392, 37.8115005944352, 
24.2542039535458, 26.6274706899085, 32.8536936345921, 29.7411042075901, 
27.3504397734832, 25.7289174462727, 29.5561181811107, 33.9072707488085, 
31.1122495512405, 29.3971344370787, 34.4742943518715, 27.5472360730492, 
22.4870280131107, 32.3504109251485, 25.0349020316543, 26.3256978839812, 
27.674347407541, 41.4757473234259, 21.8631619372014, 29.0925227702354, 
30.4891585088213, 24.4650046607063, 31.7723918507348, 34.6960862122476, 
26.0525521016609, 28.1923194268082, 29.7508936166575, 23.4354554723613, 
25.4518172189875, 28.5688461014699, 21.5049144441345, 29.4998307211874, 
25.2075890553844, 27.1544220844307, 25.9609234396498, 28.4586154170401, 
30.3757885456849, 31.4041138975912, 34.0444377912325, 40.0514551224945, 
22.9404973652483, 27.0445517979302, 28.364084893808, 34.1552032854873, 
25.2696197733308, 31.8970448394083, 45.2606669182465, 29.0019148964786, 
28.4238010558216, 26.8046751817732, 38.9385437734177, 23.6102321293175, 
27.042693076463, 34.7869024428935, 29.7901678359654, 31.7868807752302, 
28.0761536718553, 31.2527373123724), .Dim = c(100L, 3L)), variance = structure(c(3.01192461650949, 
1.72577380729313, 40.910387936603, 1.53587408097007, 20.304574749772, 
5.33308363211398, 3.77416493722496, 4.02391469048367, 6.69394281522912, 
8.51552504708039, 5.63844734921264, 10.3523543680471, 1.88874407692376, 
22.5977860239719, 10.7681046200803, 15.6750889453469, 3.04602490413722, 
30.9939414003027, 1.9437193629696, 1.90465309178771, 3.24389372785653, 
2.40324267689201, 2.19321951602076, 4.082524144168, 34.9798913205175, 
5.11442970048994, 2.84307566001209, 3.55409853514163, 12.2641136587846, 
3.74407297672405, 14.8388114433293, 7.51936740267974, 2.1376589570786, 
2.09853942605232, 6.40434936328009, 1.56088039863705, 7.0864223426199, 
2.80528054487356, 14.6851091880041, 2.08174175718689, 13.8035183877846, 
14.2174010398563, 1.9924865521968, 1.3755347356546, 11.8959271174786, 
3.03223053227957, 1.23561417015953, 1.85202500201656, 4.97130419469375, 
5.4662962806892, 1.91225674667062, 8.88528324306732, 2.02498656316749, 
9.0957272411709, 11.4324464185616, 1.91991002294485, 9.78567227847281, 
2.34201486952622, 8.27753356701939, 4.31142333867981, 8.17519149046889, 
1.81806799090749, 1.59222323600833, 1.21692977452484, 11.2161302675856, 
1.7359545798559, 1.58466716797004, 3.97323870458024, 6.29671751278371, 
89.4793435102556, 1.76075710489737, 1.08167682585785, 2.87180546152404, 
9.28894821268763, 13.3650301453823, 3.02602382398781, 2.19001157716165, 
2.73002998243041, 2.88901931424307, 23.2205843783334, 3.61028019641947, 
2.7213836997005, 2.37615324023285, 1.72272906603136, 1.25633387542459, 
52.4783265561484, 1.867511702874, 3.03648144044471, 2.39038613510688, 
14.6851008543262, 11.0067942908608, 5.68695002354719, 2.01513035194951, 
4.55434789786475, 4.5311102199358, 9.7627013193241, 4.65889486584384, 
2.40354305540695, 3.26724274019024, 4.13883209799214, 2.70180335756558, 
1.620175320657, 34.9237417368524, 1.38987785804211, 18.5828225499266, 
5.08996787073575, 3.47097502285174, 3.60787203946565, 5.72672873510059, 
8.12756648366955, 5.11752911190645, 9.60694451711915, 1.7575577584131, 
20.5048880397718, 9.82505961411233, 15.2769420071514, 2.70483889205694, 
28.574234176069, 1.70309449265644, 1.68358884913249, 2.90306496552745, 
2.18927613889917, 1.9324427886135, 3.61825052801827, 30.6912504821569, 
4.52582018058469, 2.56549124267519, 3.14619126510472, 10.9883801990781, 
3.38638155229658, 13.0271039143072, 7.22679412123194, 2.00235938102271, 
1.9013950122104, 5.70678534725656, 1.44986016668157, 6.07862260894923, 
2.61373065651491, 13.5128767785085, 1.85936351585885, 12.6955362499663, 
13.405195266434, 1.83451501295624, 1.29425896300494, 10.4515793314766, 
2.55639378243323, 1.10001722627627, 1.64040835920901, 4.68277687645729, 
4.79342900641344, 1.77018343406708, 8.09247565124118, 1.78717986603481, 
8.73409659728976, 10.0875962973352, 1.73679484751208, 9.50516136010484, 
2.01295684357632, 7.56935381904238, 3.96621997128775, 7.17700624968137, 
1.68844643120129, 1.48877649218184, 1.13348259310563, 10.2827362392543, 
1.61469985980469, 1.43500126623261, 3.56039248378096, 5.71973173773261, 
74.9181459271037, 1.566145720054, 0.974694459286042, 2.57095064350078, 
8.40111805283806, 12.9717655403599, 2.60958611646051, 1.91134445818926, 
2.42361002468417, 2.57539296194025, 20.2001144246401, 3.23223769715513, 
2.49807605652502, 2.1842387963097, 1.51557328244682, 1.14156394289953, 
43.6447411922109, 1.70479110607924, 2.75856477944427, 2.12410998108083, 
12.7545425691061, 9.88866983809218, 5.58773851430254, 1.76033795497916, 
4.11708373792851, 4.09238376618152, 9.01682524164582, 4.21801481449641, 
2.10795350519283, 2.8623886822223, 3.76891974053264, 1.95498886001101, 
1.35298499270658, 20.7850203035142, 1.07749743589067, 13.0280804797486, 
4.29154416729121, 3.05727621965584, 2.58846929821614, 3.91069854554337, 
7.4173023367447, 4.06834726368591, 6.96617260492835, 1.39391778854887, 
13.9978225508722, 7.43791956274951, 13.2688169005867, 1.89002919271153, 
22.1341528544523, 1.19386446480245, 1.14896453331647, 2.01460702772559, 
1.67243030738186, 1.3255265774058, 2.52936311485763, 17.2306865388929, 
3.12515600798551, 2.06257717952167, 2.24800555198914, 8.01031737064024, 
2.46576030621013, 7.6526132233017, 6.27131843914959, 1.74584844593105, 
1.42859089240127, 3.64669770429225, 1.17434515707732, 3.95106618065879, 
2.10130945053482, 10.3320482464716, 1.28813644342498, 10.0163860180324, 
10.8984444858648, 1.43761722088586, 1.09466455251616, 7.32031583511683, 
1.58988531845992, 0.849265962148777, 1.10860191424217, 4.04483576661369, 
3.2797700669885, 1.41526309058528, 6.67959908889016, 1.21858558471855, 
7.71856056204896, 7.15712957178769, 1.31327196272483, 8.63523624800211, 
1.30839399447077, 6.42639015865729, 3.18022584626281, 4.77603994923087, 
1.32904062664381, 1.2301094317364, 0.982697005346311, 8.05184304896278, 
1.31170029658325, 1.11300192171732, 2.62164942673617, 4.72981866190398, 
40.5972572246108, 1.11910919355434, 0.700896361265208, 2.05382687121934, 
6.53986002608669, 11.3355956912492, 1.83439112488693, 1.34195016054428, 
1.69045261704926, 1.74703302368942, 12.0230855166156, 2.35014045583391, 
2.23823428403677, 1.73814684165429, 1.04555220432501, 0.897855367167955, 
24.1848903244335, 1.27784772957675, 1.9724107978113, 1.45759905808616, 
7.319544808181, 6.77482003048859, 5.22458618846216, 1.18523186649045, 
3.08316978935784, 3.2774036236793, 7.07878478918721, 3.15686675788486, 
1.55531755541253, 1.88626863676094, 2.91056516860222), .Dim = c(100L, 
3L)), MSE = structure(c(5.61157496754242, 2.15092664850272, 241.612032780893, 
1.86582172529895, 31.4716902741959, 5.73064536642975, 14.6417775966245, 
15.771927311666, 6.90137835892775, 107.044928275009, 9.11430516494732, 
10.2655679449126, 2.96481858839725, 27.4376702921479, 11.6023203609637, 
30.159415908314, 9.23196822450532, 115.044645347009, 6.53993334620539, 
2.27411226334966, 4.29584415342823, 2.85160547297169, 2.86289304517183, 
4.97841936880238, 44.8621160559445, 5.59327533402891, 3.83694353325629, 
25.7543153090583, 20.3005148610823, 51.769938151045, 76.9447971547747, 
7.71264981042051, 3.59185937458279, 8.44601826868375, 165.428696709521, 
2.7695862085149, 97.2733232475121, 9.40254582812595, 25.791877998348, 
2.40524081384727, 40.4361028199679, 20.8314808078103, 2.01241285601451, 
1.37676660437411, 12.4804288776245, 65.5710025197092, 2.01012130899753, 
4.21903756148902, 9.24836201435353, 12.3161582541788, 2.26464878982356, 
9.5184836332122, 3.26785968421849, 9.29372961400355, 15.5786085685052, 
4.89683296209434, 20.0714342029622, 3.56149280101338, 15.1532073599752, 
7.25967823292721, 9.33397006058968, 3.40672797827021, 5.56938965502091, 
2.65248892102878, 51.7631150494949, 8.08306401542356, 1.57947535851208, 
6.23194631472986, 14.7053329810099, 513.367986971191, 2.08474789577356, 
6.63241680599342, 3.82776065092859, 13.2994791346259, 14.458318842931, 
4.99851483678134, 9.28361010885253, 3.29125321903006, 4.2632603040613, 
25.6312880434789, 4.39539226814024, 4.9722020794318, 4.97324804165285, 
2.47477968001174, 1.71405848207448, 55.5261789015565, 2.21010677791965, 
6.70375825593095, 2.49387238646912, 252.614908023582, 13.3143890032609, 
7.06221080859454, 3.38640982638103, 5.07663371544352, 17.1196127965429, 
11.4711682300336, 5.104001050963, 8.27300528653701, 6.80437984617505, 
37.3325122215645, 5.53568587568026, 1.98946296050993, 254.466770761663, 
1.76530562695432, 32.6146588656397, 5.51101167950318, 15.2723425772243, 
15.2473164915901, 5.91587864252667, 116.956139594848, 7.71338754741358, 
9.51087598830076, 2.78810811245843, 27.0346292769627, 10.6341534103633, 
32.9669362505855, 9.34287303455875, 125.911173815616, 6.8974957424099, 
1.98817362914993, 3.92724210567779, 2.59954192779967, 2.51240673240412, 
4.48423471054026, 42.6809197498564, 5.05044173623619, 3.75744482711992, 
26.0714101315537, 20.288235302264, 51.7816926330777, 78.8981743063287, 
7.39046223543205, 4.0279533840578, 8.06852798893779, 166.948317682532, 
2.55659021549659, 99.3608610371775, 8.40752422975893, 24.1939455201724, 
2.24792562617908, 42.6700302000958, 19.0554438062432, 1.84316386515106, 
1.28844476853757, 10.7247492797731, 68.6467043131256, 1.71750167578737, 
4.30224941558652, 9.2465751892825, 11.5455054766656, 2.25842192753974, 
9.16023732124168, 2.78732192962011, 8.76663439150246, 14.8075081005053, 
4.93700340195415, 20.759144820106, 3.19566947024863, 14.9890371009388, 
7.46922436894466, 8.1530721969472, 3.03951389442761, 5.68351762740425, 
2.59369856341257, 53.3976450398887, 7.47691709918608, 1.44836602062456, 
6.16556720606898, 15.2612723958181, 522.195603342672, 1.82880923092867, 
6.65352259802684, 3.97935559105712, 12.8262891490874, 13.4678139111039, 
4.92440983232305, 9.83669033736002, 2.84713333223529, 4.10237856728043, 
21.9041036279488, 3.87749244998124, 4.87790952824595, 4.64168852856582, 
2.18505866703391, 1.43307185906373, 46.2343833229638, 2.27177827473976, 
6.85174918398786, 2.2178244555063, 255.074855563533, 11.753902201422, 
7.01653289486593, 3.12488297835596, 4.86782282217636, 17.3167251367669, 
10.5254519040848, 4.42299374542311, 8.64161581194874, 6.24177451311144, 
39.039722522178, 5.34987067116027, 1.49121454956534, 315.179340143684, 
1.7947381382074, 45.126963882144, 4.94256974473956, 16.9331532348094, 
13.3663378758885, 4.0162562391208, 162.130820916494, 4.20501328584609, 
7.29022993716689, 2.2764201703427, 28.8243590331465, 8.11700699269509, 
48.8308065129063, 9.45790137507339, 183.196122409661, 8.57504433862909, 
1.24724147612472, 2.82745249760498, 2.09913064626532, 1.65229455539346, 
3.1867346260036, 37.8134756121459, 3.7458231808276, 3.71630470781275, 
28.6672243040422, 23.7908772882515, 48.1095436608595, 90.6327136499679, 
6.46888232506017, 6.0446872685735, 7.28520962411551, 173.933070270943, 
1.83888364442778, 111.887853744424, 5.23433249159266, 20.6105790442633, 
1.82260700008626, 57.0168154770456, 12.531404156656, 1.42326194901855, 
1.08687524798324, 7.47626250468624, 75.7922422510286, 0.97566550558632, 
4.15235040364494, 10.4258300143295, 10.0636565828252, 2.63793512153002, 
12.0862219144993, 1.42928449791295, 8.09618307449435, 14.5125608259226, 
5.06873467361908, 26.8377820497098, 1.95315671836159, 16.3677392556818, 
10.1782737869149, 5.27361116606368, 2.06569535375357, 6.85006248251554, 
2.70067433587712, 62.55709860428, 5.58012089678092, 1.18343051513916, 
7.0956088603362, 21.4168257348955, 562.385300046325, 1.2113396179601, 
7.05916572801388, 5.35737809856001, 13.7497674931009, 11.7666780162816, 
6.10152235838336, 11.9788854725734, 1.72929580682546, 4.06796212058188, 
12.0137800179565, 2.48945503157213, 5.86914971366402, 4.10418989634409, 
1.41737247524246, 0.893018446254782, 25.4792793469286, 2.80972873905916, 
8.77926437845825, 1.51438044928301, 266.754688854138, 7.27356295659043, 
7.26845987961713, 2.38589525388813, 5.65368618413225, 21.5977855732394, 
8.09750843387866, 3.35246778999099, 10.579592509396, 5.22748154205586, 
49.2957982543761), .Dim = c(100L, 3L)), Time_all = c(elapsed = 0.545999999999594, 
elapsed = 230.107999999989, elapsed = 235.950000000013))
