list(MSE_matrix = structure(c(11.4616665879705, 16.967330093162, 
11.9180161599669, 12.0181265511063, 10.6888533229216, 19.5314848501256, 
13.2761010831165, 16.9709962455772, 9.05047415779858, 10.976741539256, 
15.3899964463673, 10.8823838869748, 16.7230984145746, 11.2196380344514, 
16.602779520436, 17.8254385263387, 16.7260423409733, 12.2893059980453, 
17.886418253931, 17.9619289552663, 10.4959876470641, 12.9787818471921, 
12.3280360184045, 14.33116977724, 9.74915241467175, 15.0468688650084, 
17.4663608053021, 13.5713205212233, 16.7485147980183, 13.3018373228811, 
13.7920850935047, 12.66354574274, 11.8756467977011, 12.4516508418872, 
10.5491544129551, 10.7497981374596, 13.9310735162357, 10.271248060518, 
11.649876933021, 19.0731609600274, 14.1384439951768, 8.07004271065006, 
11.7880527974022, 11.8782795714849, 13.2203001121889, 13.0028962889015, 
15.3770079988059, 12.1025467008929, 8.14280525217492, 9.75078872055767, 
17.8697718454781, 8.47578715902065, 10.1399323371714, 15.4894151228698, 
10.4998331929291, 9.26694864329512, 9.17923876817799, 18.1196011922748, 
13.6124784652863, 16.7245045960999, 16.0415552239323, 13.8490872192841, 
8.18413975151701, 17.4790708971804, 14.6026448619467, 18.3705478237753, 
16.0460743816533, 12.2623951014187, 15.6501057157265, 12.7480085457934, 
15.2025283513722, 16.5224269873059, 19.0832192432199, 8.37324605881605, 
18.4954258110681, 19.2073487371888, 10.8525512966993, 13.8019076947147, 
9.13588011243775, 13.892162833457, 17.0547327797365, 11.9530700193267, 
13.4065923034516, 14.1234623828024, 19.1626414984377, 17.3823909478957, 
17.1410763813699, 14.3950660014589, 12.2683352057423, 12.8679941637827, 
13.8503196543174, 9.34498980540531, 10.3978634628322, 17.0988407032561, 
15.9377205439154, 10.077206242755, 13.3704995551851, 17.2811925946667, 
20.0338898544816, 16.9596120803266, 14.0029403106844, 14.8372467590465, 
13.4898315979401, 16.5052872810415, 13.7038662056784, 20.649309013316, 
15.6756283493261, 17.4214486998922, 11.6377941407594, 13.6781119215495, 
16.8648112448762, 12.6447094550874, 20.0559093755865, 13.1741076038769, 
18.3026876973375, 21.2642306262737, 20.0807415780862, 16.9833003341241, 
15.9067637608992, 20.9967181278925, 13.3666982829063, 13.6630189939874, 
13.5865508797161, 15.9201215723695, 13.8459374309753, 16.6607761018178, 
17.7176497972717, 17.2107629041189, 18.4421539652921, 17.0842700718824, 
16.0017197584719, 14.3057077039865, 11.5457377770182, 13.9311853879657, 
13.3580730078903, 13.4942062065888, 16.6404513403403, 13.3582453326331, 
16.775524618841, 20.340844999766, 14.746836985331, 12.7881309112109, 
12.0705334694605, 14.1899900807815, 14.6361729615206, 11.8338620711849, 
18.0735410858552, 13.716638264497, 11.7305054708659, 13.5086426634215, 
20.5376984658287, 11.2758059635615, 11.6094081138223, 17.7373263364586, 
11.7070877243082, 12.5682588714438, 12.6370141013909, 18.0592055650051, 
15.1016828619823, 19.563152104705, 18.5257873682148, 14.6183607337507, 
10.7955271803308, 18.7385218733497, 16.1994123360544, 19.7954958403746, 
19.1934249143828, 14.0093251091981, 17.6329190495656, 14.3181958020509, 
18.0899866179396, 18.3008561097491, 17.9809271027857, 10.3820456862442, 
20.1268991306965, 20.0931080158292, 12.6929120353963, 16.8615874627976, 
11.0879778441542, 14.2273631265797, 18.2919146462256, 15.3429725512203, 
16.8976736219496, 16.5797812302743, 18.1697738299964, 15.9264295178118, 
19.4739142262139, 14.9750195916391, 14.5555659126804, 15.9922694788725, 
17.257725799329, 12.5645771184661, 12.8015680785995, 19.8941588068228, 
17.1518277356951, 13.0904222213487, 13.3940646390782, 18.7813385826335, 
21.4331322457863, 18.0520705874582, 15.2971925070479, 15.0803609068609, 
14.7051975408448, 17.5883898150634, 14.9579277913085, 21.6561385605711, 
16.6706492764768, 18.6337479436873, 13.0191565858794, 15.5214323615161, 
17.6949232173851, 13.2885724966964, 22.1228826396715, 14.7809830820762, 
19.1542292677246, 23.1026203828893, 21.4606930299847, 17.9061752284655, 
16.9312534851806, 21.6855593751329, 16.7999039689589, 15.3540234428618, 
14.9566377714642, 18.7607241589337, 16.3020314012433, 17.4239374084636, 
19.1056103324642, 20.6657576794611, 20.3339420903314, 18.0148738356161, 
17.4742527242841, 16.094489737488, 13.6660209818669, 15.0418485433832, 
14.3737541148185, 14.2138652731085, 18.4765962201542, 15.3800929813203, 
18.833068055441, 21.3015345050956, 16.0749668045167, 15.1391727131122, 
14.3966354083285, 15.7866609032734, 16.7066368652994, 12.9021248096683, 
19.1342882151404, 14.7218451902892, 13.6012389614382, 14.9462207028703, 
21.8714632828582, 12.9329121680392, 13.1430824606216, 19.2638312530839, 
13.8637415771244, 13.2613575668727, 15.9041507729212, 19.6750905275005, 
16.2424253936184, 20.6822947601403, 20.1013678221707, 15.3064636504048, 
12.6160383623903, 19.8579343501619, 17.2100708801943, 21.4836446033834, 
20.1763634778848, 15.7802819451595, 19.2196062277352, 16.6123664150599, 
19.6864741829508, 20.423785845022, 18.2025908506194, 12.8174307280396, 
20.7948981664617, 20.8711649699147, 14.4972998212952, 18.0908676979997, 
13.5938544631301, 15.736236956787, 19.1953616007453, 16.4998579676716, 
18.9590812103466, 18.1876951054202, 19.4127416854342, 16.49123851681, 
20.9337165797424, 16.9939108151245, 15.2795060735892, 16.6097220613684, 
18.4883314042813, 14.548997691546, 14.1404468303794, 21.3720654111115, 
18.7018825951622, 14.91974266049, 15.4562045237445, 21.3670556748445, 
22.2962226055454, 19.4671947296624), dim = c(100L, 3L)), variance = structure(c(3.56701287515928, 
0.419643742431203, 45.8273018585215, 0.906416622153933, 6.99560722757785, 
2.54993616237674, 3.00167231330769, 1.93251548218931, 6.573983172176, 
3.0944679898813, 1.87800873485844, 5.2998777643038, 0.686441888512423, 
5.99582221936866, 2.54758734527419, 3.11692899535261, 2.24597007923053, 
5.91314729766036, 1.77284163934079, 0.606270121080164, 1.89184365533105, 
0.711293112198294, 1.74300374020663, 2.81861105357196, 51.98652774632, 
4.03753149441006, 1.00546919224268, 2.77994667522658, 4.11902214038231, 
2.32074973598726, 10.6367286250364, 1.9062803827906, 0.753470083276182, 
0.740562649406515, 5.08615654713292, 0.733922940291721, 7.71927691315247, 
1.4084988626285, 3.62537730315097, 1.45163104078083, 4.87693340351608, 
6.64673452239051, 1.21383698735204, 0.835271058103376, 6.14168736896313, 
4.06059094193432, 0.662295716885902, 0.748959060568434, 1.12634272749159, 
4.01950013122249, 0.409362474350813, 4.44212064451363, 0.996229804460851, 
2.59689713561537, 4.21239813986658, 0.701275778632751, 4.65060508455254, 
1.68419607831577, 2.47357936288659, 2.02923569365643, 7.12446657023387, 
1.12848077219492, 1.04373947627077, 0.510271508996878, 2.69702359370608, 
0.527708176566536, 0.701474098508745, 2.49744520336709, 4.38158387759729, 
114.44943576791, 1.18537771104745, 0.255939969474675, 1.60013620433572, 
1.63332284572096, 3.01739391047363, 3.67866637643533, 2.2040739147977, 
1.72965284493053, 1.08461654980164, 17.4487302114704, 2.4983811057689, 
1.52824783577177, 0.666380871546456, 1.09465182776565, 0.31539916185983, 
51.4785175761062, 0.738359555546376, 1.84865640169595, 0.817894093501169, 
16.9797929417907, 6.03557592662051, 2.73020110216958, 1.57571334232306, 
1.83034773695582, 3.01381130764318, 1.98019029119792, 1.52872072571218, 
1.76840080079529, 2.93432111821131, 1.91617458977179, 2.26011607371167, 
0.262365322927515, 20.1560747169797, 0.48336224737421, 3.80922142093733, 
1.17071688835814, 1.47318210021275, 0.762008954931347, 2.61501027978457, 
2.26734008644153, 1.29157953903025, 2.89309963360791, 0.50882015938234, 
5.55025440930503, 1.23063171614016, 1.64690757109932, 1.0049478280695, 
4.16989524610034, 0.69715059564409, 0.439383993700071, 0.648514201538761, 
0.483616221674958, 1.06235309690985, 0.928492918703777, 16.3709608428635, 
1.66884812835684, 0.648004428476198, 1.5792732911116, 1.70444914509339, 
1.46425531706672, 4.58012199697718, 0.985450698521872, 0.57170694035818, 
0.448397836867678, 1.99800693235687, 0.450112728893669, 3.44547734020816, 
1.00544818387569, 2.14247784759655, 0.667483875580579, 2.48660166850817, 
3.25341420215939, 0.630382949883825, 0.456497815159315, 1.93758908122475, 
1.84819886818079, 0.363988864673224, 0.501384267488168, 0.920818686885364, 
1.64681285856726, 0.279098408182978, 1.4201586759306, 0.592067778123713, 
1.56930737704334, 1.62639237419185, 0.431496122655735, 1.70573679565012, 
0.785954239582117, 1.63017100321828, 1.32183127393333, 3.05869867388324, 
0.651037836604209, 0.550558349438644, 0.291985083116676, 1.35537351880852, 
0.354122811765963, 0.406564200255772, 1.52301335328705, 2.0365336779742, 
48.5800298420747, 0.710133672372988, 0.189891601867979, 0.87856840259947, 
0.724739286727583, 1.53693569285031, 0.937587837592846, 0.914707676981397, 
0.761681386786911, 0.602589057696893, 7.40376269235926, 1.59274464410841, 
0.766572368194083, 0.513541135275474, 0.661486468156629, 0.186634863421304, 
18.9170416774135, 0.452122946520092, 0.994501914607291, 0.529407371291025, 
6.45225132946244, 3.41768547098806, 1.19622300131551, 0.925039926565323, 
1.12709786458712, 1.59746348658465, 1.20488110894027, 0.851583913413642, 
0.770347713735267, 1.39214452946821, 0.802343328151977, 1.87706590488998, 
0.258204401868888, 15.8803537918664, 0.41570924233994, 3.26594820807547, 
0.898677955647479, 1.1813056540935, 0.62000181206307, 2.01132191895676, 
2.09607245690427, 1.12686132953151, 2.00846875043651, 0.417171472944403, 
4.53735555275591, 1.08243033736632, 1.63897176803929, 0.764167503481132, 
4.17809940227641, 0.505550779357528, 0.420717078679122, 0.530381728222324, 
0.462509951111991, 0.846237263115457, 0.840426969674692, 10.7843578026242, 
1.28633718398421, 0.575723201665393, 1.14418192457154, 1.41550988938667, 
1.21689239977075, 3.4586696478764, 0.894533274668821, 0.553151029246475, 
0.396946033702437, 1.40099691723301, 0.364634485134722, 2.55776783380485, 
0.837398287865193, 1.89195309134137, 0.518094311585086, 2.35556575261856, 
2.43614282183985, 0.562672076418481, 0.350727024362246, 1.41188178646992, 
1.53299156731881, 0.293015947745435, 0.429272293967268, 0.939886105995012, 
1.2654260166146, 0.265684223590029, 1.21306171955032, 0.579181983265012, 
1.53778960615161, 1.30776636591152, 0.37953769902007, 1.4976953093626, 
0.673756430975403, 1.43924237782898, 1.20958101604958, 2.49047296796131, 
0.570983889925911, 0.469129136419872, 0.243895387998139, 1.21010104645847, 
0.33376705869948, 0.320298918945469, 1.27886187091261, 1.74100833518757, 
33.5463201036814, 0.573691753773216, 0.173692499844453, 0.846983059502517, 
0.659499018208454, 1.22137603344482, 0.680634909601969, 0.701886643426231, 
0.641344809552823, 0.585154302056408, 5.06751826525354, 1.39172875747849, 
0.695080969957533, 0.52030332559205, 0.526599900154669, 0.186432439065129, 
14.3529270964828, 0.403917220745167, 0.80110567194869, 0.458311932998748, 
4.30870381305983, 3.05278194765666, 1.02450572788524, 0.722385460684533, 
1.00656455219651, 1.20644233798099, 1.0685512756045, 0.758250452176877, 
0.681907991189881, 1.14185222181289, 0.689259898834903), dim = c(100L, 
3L)), MSE = structure(c(4.61620912095985, 1.06974456139964, 71.1269970865615, 
1.61155309500135, 7.93538831255728, 3.5392179278075, 6.16921661642331, 
11.5533537629141, 7.48220934599307, 43.5219053049139, 7.7735304174809, 
5.82154425749172, 2.05295487725855, 8.71039187076799, 4.37472884037048, 
3.30445307881815, 2.82274611966616, 14.5257020121967, 1.87287625344499, 
1.52333261235885, 2.3734492052057, 2.71295069381202, 2.14258446275806, 
2.92899802249154, 52.0097068408011, 4.70058789043609, 1.04405132698948, 
13.0061070125578, 5.49420124178395, 33.5402884555491, 22.9897822763513, 
3.13421104968528, 0.768378120286263, 7.75349207911294, 122.773625830814, 
1.58991256034465, 50.6768531665428, 13.8847600110203, 20.5993866777997, 
1.90954792254658, 12.3500578776176, 22.5517925850215, 1.80149265614796, 
0.838954323729699, 9.77028805496588, 21.1110202781266, 2.97937499670446, 
0.886604652009125, 4.8819104919083, 9.41043932573032, 0.653381419583146, 
4.52980911150571, 2.49797754062112, 3.11171648254188, 4.74658931279939, 
2.56594362501634, 12.4984185556061, 1.6677944028564, 4.90840379772501, 
2.22883405132151, 21.2053510096973, 7.16778477387827, 2.25028858329741, 
1.93787176630428, 24.568222112994, 12.0549296604296, 0.827228763432308, 
4.32694040603679, 6.98776965644957, 202.735905642667, 1.39541823116113, 
6.50715733357557, 2.01595610960439, 2.85034860304426, 13.3016933228635, 
3.8230015082193, 2.4043453764975, 1.83020881938995, 1.43752556130685, 
25.9536556046234, 2.97660763063194, 4.5840883184683, 5.64170283138506, 
1.45345056481755, 3.04022360976433, 61.5492111635283, 1.11725833787966, 
3.04279536792865, 0.91522099428399, 175.000960807245, 12.60219426162, 
3.6335511070296, 1.69472213023129, 1.81426214312034, 7.30203847415622, 
9.27688662167219, 7.72943459083709, 2.42875883123808, 6.86696366262137, 
18.4649216251631, 4.00706467049445, 0.929195753263116, 127.090789746351, 
0.990326627613111, 5.19189456902659, 1.69331690349032, 7.92464977607536, 
12.2601503126914, 3.70924030988717, 69.1894160286902, 7.21222874149521, 
3.46699023689589, 1.67126515148117, 5.72378850650716, 3.04562952091998, 
4.72526377017779, 3.02064918662843, 42.5145573655666, 2.12503115988812, 
1.16896874202718, 1.6161731332572, 1.34086249767675, 2.21096822082808, 
1.98929125097355, 17.9798524659907, 1.82305961218749, 0.844257260905162, 
20.5893728803965, 4.93587749750539, 41.6073175799404, 41.5363362076509, 
1.61833263982774, 0.650522617652208, 7.11084341394794, 146.476723476914, 
1.31750565742839, 75.0296495698935, 9.46392994863188, 13.5600815951778, 
0.74463043820898, 19.1757258050579, 17.518067089735, 0.977103149809823, 
0.456172887855231, 5.23821155601158, 38.3875657958437, 2.19025202997183, 
1.21191478930054, 4.01678286367778, 9.74155685183984, 0.27681532407776, 
1.44428573639096, 2.88004082762869, 3.12415765618585, 2.60680660198801, 
2.82918986367312, 8.81231579070448, 1.11125679268814, 5.23264919914947, 
2.82177628654243, 6.89027004256471, 4.56665164457644, 2.96591565322846, 
1.74194486183489, 29.3997074216375, 9.99672247801958, 0.458553660656557, 
4.64449969777585, 7.96445175771054, 312.549973152729, 1.40637270150821, 
5.15930190118307, 0.882393910134074, 2.06678745664022, 8.65805570093792, 
1.43774110954157, 2.92796576054667, 1.1559505166871, 1.98141343013627, 
13.4597845121016, 1.94858354464936, 3.62532888130043, 4.20362659532343, 
1.76717685727811, 1.94994249509467, 27.6583561966381, 0.474392844673213, 
2.79400439444154, 0.553355384961871, 213.501920353934, 9.09911738046234, 
1.99491785577157, 2.22485307449271, 1.43876026169595, 9.83648393717898, 
6.246248714042, 4.08118621546004, 4.3146813941052, 6.20107905599791, 
23.1262833013451, 3.78644584916246, 0.885363783928565, 157.535816481354, 
0.840030153557594, 8.48658928208859, 1.48862944510287, 9.80682904759114, 
12.352989417705, 3.2085122306712, 81.9349797908851, 5.49716134331791, 
2.26985529558629, 1.41903075845701, 6.30452945834573, 2.89384218242822, 
8.18087296621927, 3.56469017658585, 60.2993496397846, 2.69720669359185, 
1.00295273595624, 1.68706181320675, 1.1037938097967, 2.15623925465563, 
2.12212357436041, 15.5271386550651, 1.48447963426385, 0.974108629588071, 
21.7722692497097, 5.92590647765785, 42.6343311528452, 51.7495728274673, 
1.42530651347397, 0.896626067859366, 6.70836757403863, 153.476174683827, 
1.16079236790556, 82.3118181678055, 7.89251631609178, 11.7133021660289, 
0.720969179335972, 24.3592783180587, 14.536061451831, 0.833965106756863, 
0.347996472843438, 3.67223003817544, 44.8158260935428, 1.86416773080786, 
1.36821425434531, 4.19517480975788, 9.30306543620109, 0.294849292168513, 
1.42848525150816, 2.76535658356986, 2.61040756397957, 2.65510772204758, 
3.07320371410607, 9.3686205001023, 1.08919951988315, 5.65851571939878, 
3.52682323940217, 4.97509627057195, 3.84308032509251, 3.3361354885536, 
1.6150830480011, 32.5243681948631, 9.08544044165869, 0.342341860750802, 
4.75166583546232, 8.86306587110184, 363.475491809799, 1.33603808642202, 
5.05061590146141, 1.1511470237645, 2.34493795903644, 5.77804067794582, 
1.60068780075983, 3.76861016986088, 0.987005052180501, 2.27096269363521, 
8.87173104576781, 1.68848147315464, 3.46569911831359, 4.0064834977032, 
1.74165271610402, 1.59049627935788, 21.455151198074, 0.4040987554489, 
3.18996202098383, 0.471362262766747, 225.658850690231, 7.39985498543716, 
1.84685783995474, 2.40721992976326, 1.56970237077311, 11.2395043159615, 
5.56742367074999, 2.52404511755013, 5.47321406482554, 5.94157879744174, 
27.2025998906493), dim = c(100L, 3L)), Time_all = c(elapsed = 8.02600000000018, 
elapsed = 116.980000000004, elapsed = 117.876999999997))
