list(MSE_matrix = structure(c(11.4616665879705, 11.6336102257502, 
12.3999255385029, 13.7783742905796, 12.779430234403, 13.1192649869673, 
18.9938800826406, 11.3606439308302, 12.8860966203848, 16.6395720865059, 
11.8004623995767, 19.5874876966301, 13.0753869834958, 11.7259081805554, 
12.7546790595233, 12.0133275440578, 16.2512663778881, 16.0717694451838, 
15.5475518401146, 17.427017629273, 13.1777472188026, 7.76467146589351, 
17.5904663755809, 14.5704027122334, 12.1841646876921, 18.827942449033, 
10.7346610630711, 15.4534325285161, 16.3131071886149, 12.5377150796586, 
13.0003889593253, 10.5417208135265, 21.8399094284907, 16.1861467555428, 
17.8895844006484, 10.2682023972077, 9.83070702598554, 12.5612993925518, 
7.54826467508419, 12.0089039042736, 13.3124417700673, 11.6409704572158, 
11.3141571375058, 11.1888154908203, 16.3815363548747, 14.9505261545951, 
11.0574856615541, 17.5872988906758, 19.6568767512672, 16.9514170432132, 
14.6475376728443, 13.6359382246693, 15.1314442743821, 10.8188650250268, 
15.1494634262805, 12.7713711414508, 9.38288086920941, 9.96458239632918, 
13.7479211310824, 8.32357251839879, 18.1362037438004, 15.5738074117268, 
17.0577470475049, 14.8382722608886, 10.7824359089778, 16.0330112191467, 
13.5575277280496, 14.5824427694272, 9.85198423504779, 13.4168049106139, 
17.8562415155908, 13.360784086777, 19.5887062794406, 16.3365714694592, 
13.926926947543, 14.3621790536581, 17.4838815968015, 14.0937358206645, 
9.23339319945268, 22.31683472889, 15.8329506520726, 12.1421711336631, 
18.3879611292726, 13.5680556576685, 11.9863881225962, 15.1321558638374, 
14.7406851630849, 18.9135166214892, 13.3911464868549, 18.6476862760737, 
12.0527338212589, 12.9195722923851, 12.5486292501801, 8.24952605881259, 
16.8998208972499, 9.54364302102692, 18.9318215660186, 10.6288879560772, 
14.1586178781148, 13.053876074159, 13.9711724960643, 13.9687652773745, 
16.0252582935843, 17.3461281629672, 16.8072154645611, 13.682974488147, 
20.8615234838899, 13.8946676779658, 15.1313891887847, 15.8647358622415, 
15.3185713049482, 19.601127041641, 14.8201259027119, 15.9289759150858, 
14.7772269067956, 15.8691174260235, 17.9852720430476, 15.4379442310063, 
17.6344585183762, 18.7920873534274, 16.3358289434527, 12.0588419791666, 
17.3399484725493, 18.4871951052403, 15.1275412514565, 19.3728025778921, 
15.5808067667202, 18.7248738783206, 17.1853674754315, 15.8762020630423, 
15.0700004031983, 12.5277886289964, 22.6135922136585, 18.9904321280285, 
18.509204575364, 13.3147320918727, 12.2357198044625, 16.0380618444104, 
11.2140129421799, 14.6885535519845, 15.7093741457175, 13.9360376306466, 
16.1292532352176, 16.3238097148938, 19.7424535279314, 17.8015434380222, 
13.8189937970737, 19.3171163072236, 21.2558822859623, 19.6721852352107, 
15.3064484281018, 16.4027072036009, 18.3472474616187, 13.8699445040943, 
19.2844673057794, 14.2777778464802, 13.8746870828583, 13.5966607874288, 
17.4876650418111, 12.0197750726499, 20.7107101001916, 15.888851063876, 
17.7714468003632, 16.6801988862965, 13.6728336385385, 18.2076333199633, 
16.7786060320322, 16.3903276440606, 13.4531822042706, 14.8045085663615, 
16.6153239802859, 15.5651555994109, 16.5596920013852, 16.649780397851, 
15.6062112058843, 17.8487516709837, 19.1019370816392, 17.3657848614115, 
14.0202697448307, 25.485097556927, 18.4781843099954, 12.944865959758, 
19.1902670387804, 15.4269689917254, 15.441200504222, 16.5286760493739, 
15.9965499847041, 20.6283096889262, 14.1849710048144, 18.4915123817251, 
15.6646262424268, 13.9602496596679, 14.7906634341949, 12.6470284733727, 
17.7005305092554, 11.5992289807416, 19.7879729179693, 15.6116457160585, 
14.1481584532281, 14.3359935874558, 15.4801665002496, 15.7148557797454, 
17.8570357964498, 19.1470254827862, 19.2361315549971, 14.7196489916949, 
22.7605176634056, 15.2391011143546, 17.1421678097878, 17.6057317274349, 
17.0277646551221, 20.3513016016972, 16.7434677669923, 18.5905510692554, 
16.492843786858, 18.0679118826983, 19.149947762245, 17.1149825168749, 
18.9575559517632, 20.194379779113, 17.8937959271375, 14.0850784849687, 
18.6345144182546, 20.0571096250578, 16.6898559385845, 20.4174483061404, 
17.6410805701418, 20.5161923265037, 18.6674635116238, 17.4803339858893, 
17.4981328942373, 14.0718293797623, 23.5836089788379, 20.6105081241267, 
19.7774098780074, 14.7730665345371, 13.8025036694256, 17.3846502371896, 
13.240349837766, 16.343942179545, 17.3274449568197, 16.3332234800651, 
17.9759640240607, 18.5237010314021, 21.4585747392716, 19.9750094085213, 
15.4285773664012, 20.3649002630455, 22.5545009503648, 20.8900716579906, 
16.3993291012845, 17.7674091274769, 19.7183172796578, 15.113054968524, 
21.0488516573234, 16.3925822320781, 15.9768830689696, 15.1048351552589, 
19.453734788203, 13.6062511750586, 22.1457382147022, 16.8335962204109, 
19.2339491171802, 18.1006785287534, 15.799283801785, 19.4190144847461, 
18.975668922262, 17.9747176925574, 15.2187740071505, 16.2806133350298, 
17.7017741942606, 16.8659445994619, 17.6959915224539, 17.2862305035422, 
17.221082382268, 20.0035616546791, 20.3814075387124, 19.1600408370997, 
16.5672446842634, 27.1554257708318, 19.7270904911694, 14.7227026721655, 
20.3753199585675, 16.8803144885279, 16.7160745222447, 18.2010815742274, 
17.4443719335196, 21.5094779275537, 15.181134206915, 20.0771551414524, 
17.909674914326, 15.5864459209537, 16.6175579972685, 15.1092266811471, 
19.4975229222729, 12.6032564089738, 20.8460366527001, 17.3961441709753, 
15.3366901500798, 15.9529162624511), .Dim = c(100L, 3L)), variance = structure(c(3.66083551622591, 
0.475154135555598, 51.3504845531659, 1.03757138523359, 8.70192340407722, 
2.31505159872276, 1.99603914441197, 2.39856513058242, 6.00433411284888, 
3.62994988717539, 2.07225783002389, 4.70474632168064, 0.657741094017044, 
8.66149516923127, 2.21384546826755, 4.85112529786879, 2.31976113875118, 
7.00885104455276, 1.89851739734887, 0.690241688658458, 2.24914957387522, 
0.687800473938122, 1.50103361832744, 2.68428324421938, 49.4281518053385, 
3.91389510396774, 1.29726019562376, 3.60779873662743, 3.32974494407474, 
2.34961108305616, 10.7394415692693, 2.08241838989654, 0.984681717402746, 
0.477037596628844, 5.86410349185139, 0.701282239289987, 7.56838503128908, 
1.84646386080333, 3.68502239818924, 1.46489185297379, 5.06888089020675, 
9.11758747398072, 0.972465427588664, 0.680571884203794, 5.16003319936301, 
4.75706788984095, 0.6586960323263, 0.832304298776341, 1.59513392429569, 
3.84491978775912, 0.321779785738662, 3.78980783367384, 0.820388618581193, 
2.1673777524709, 3.08814725742839, 0.477642881103801, 4.71818952332347, 
1.65020517247594, 2.50464413195784, 1.75222665667501, 7.14059867955368, 
0.943004293667148, 0.809104799556156, 0.472339971593139, 2.20034938864551, 
0.424765059526998, 0.695813886951276, 2.12967194673432, 4.58662794763665, 
105.126058741344, 1.02637014172469, 0.340666945319384, 1.23321710425561, 
1.56576123894297, 3.63527860665835, 3.78320933797915, 2.35652461216164, 
1.66113689707843, 1.52572589347879, 17.6182715717048, 1.99703398653813, 
1.53128652155949, 0.504358451444734, 1.1324362942782, 0.373611249529363, 
47.8478774327218, 0.800761904967331, 1.81453434487599, 0.698539728416978, 
20.0927456059495, 4.1771596941232, 2.99299615389833, 1.42563582835616, 
2.36649573791447, 2.03163768418315, 1.52602260881835, 1.55839230073436, 
1.64301256843657, 3.30386424616402, 1.67751324890242, 1.79677458004015, 
0.308268535003899, 21.3044116145868, 0.4452335437767, 5.67348677245175, 
1.42492893873971, 1.06724227492373, 0.898816848189259, 2.84028147054371, 
2.75573691386268, 1.17435498566769, 2.92250506189643, 0.474563098437724, 
7.16897831862806, 1.13803435743968, 3.45135999514536, 0.869135899134958, 
6.64377118367688, 0.685903318329858, 0.453400291981661, 0.741746212851751, 
0.482932315254438, 0.889299477903406, 0.989019885674878, 16.3881042604033, 
1.68674430377407, 0.746263885749031, 1.54649108183863, 1.77316138129002, 
1.38725316707248, 4.52107045753997, 1.13110905296863, 0.583643127940664, 
0.310633989470414, 2.15044295260314, 0.416577112303655, 2.85320815605736, 
1.00235446620003, 2.13783969909117, 0.673374154213579, 3.10431655608177, 
3.77453987052568, 0.545905704146309, 0.324517623489844, 2.11341271930657, 
2.03821896836129, 0.340482106931561, 0.454992596506937, 0.844805591437057, 
1.65552062205925, 0.28924536702685, 2.39083881408781, 0.487731685664249, 
1.67467255061067, 1.50536765757299, 0.327340920471694, 2.1799442388856, 
0.701731425348293, 1.87248807111018, 1.14584242811307, 3.07735678242613, 
0.500708241414609, 0.469164771103828, 0.285360187445545, 1.31079490405777, 
0.340302083983508, 0.367481507246279, 1.17035321922093, 2.2480727968177, 
40.1018652443257, 0.61613258093105, 0.216548930441291, 0.763294976501006, 
0.784848797629261, 2.25225792634701, 1.32412456849627, 0.875561279218794, 
0.630432249713667, 0.764087597376495, 7.46851050602289, 1.26678732775589, 
0.753375621376928, 0.354666928761176, 0.624399738290212, 0.187704787815119, 
19.6049857226054, 0.428889846150942, 0.895784886737231, 0.413409308998405, 
7.26590014940474, 2.60350614992597, 1.60182087231392, 0.79968023172953, 
1.30798064700589, 1.08252366611858, 1.09154440793794, 0.738580060646639, 
0.836813457987538, 1.36271607124716, 0.816735469863577, 1.37783561068605, 
0.285261452594702, 15.8911309142987, 0.37831905770489, 5.21337870683759, 
1.19735650175596, 0.919882701837232, 0.739412265050488, 2.24305452963967, 
2.63206768548107, 1.07700664584712, 2.49085435165394, 0.421027050987731, 
6.42988058642412, 1.04669730814195, 3.5964048575487, 0.685719094390585, 
6.45987457509546, 0.517499714974271, 0.431491228913554, 0.637337845236144, 
0.429591027862062, 0.753931732745925, 0.855609095935966, 11.8883618933366, 
1.38409387195755, 0.665239055706852, 1.11041685730504, 1.51293777353692, 
1.17583887342634, 3.44687351724598, 0.992013138830377, 0.529047434840157, 
0.270745205369083, 1.57055273567536, 0.364779637745165, 2.09961371748661, 
0.861305198392321, 1.9241037810142, 0.529329148948352, 2.99691856960837, 
3.21615660889257, 0.471992707042171, 0.278953525411501, 1.72744245263585, 
1.60747513112579, 0.290122293223706, 0.39876765764251, 0.762210594132183, 
1.34790864311735, 0.296793302329126, 2.33314274880399, 0.426993767837189, 
1.75335448263895, 1.28647040009971, 0.299848930081492, 2.03166598048796, 
0.601891777046617, 1.64118775360993, 1.10770437304789, 2.46041029453177, 
0.415898045505573, 0.389348544770339, 0.250757792801796, 1.16198919101941, 
0.330161993609068, 0.326196048464628, 0.983416432199855, 1.99933495762126, 
28.0703191718056, 0.535222412876622, 0.195463294463845, 0.706174824106331, 
0.699938500855357, 2.24764994779121, 0.998569226324863, 0.666461979987423, 
0.538691427072868, 0.657673014533647, 5.52509218034732, 1.11030387877024, 
0.657582579288399, 0.345556526262169, 0.533875997224898, 0.171552580878995, 
14.3781915201462, 0.369962606796193, 0.73278051273427, 0.377210838513258, 
5.09118144559325, 2.30620548932573, 1.36018829086365, 0.665414222580348, 
1.18912318640089, 0.937884292593493, 1.0165872237249, 0.693632728731088, 
0.723828788047987, 1.04356359440483, 0.758007024443474), .Dim = c(100L, 
3L)), MSE = structure(c(4.83125780533567, 1.06686697977374, 79.4800785094445, 
1.98478888982879, 8.73667721858342, 3.4716198595062, 4.99629882310688, 
9.25439026787877, 7.1212725504357, 45.9369948461669, 9.28756026837145, 
5.22709261119302, 1.55285241054335, 10.8478179796216, 3.51227127778904, 
5.14570532797362, 2.90758747154106, 15.357954219859, 2.0334166948917, 
1.68682015088587, 2.28181952029715, 2.24663291550954, 1.72568271905952, 
2.67699623323941, 48.9817017837373, 4.91875293106268, 1.48941761262575, 
13.530421015281, 5.93228362810672, 33.613702316641, 33.7059415350371, 
2.97811228185444, 1.23717751334369, 6.41891112267814, 137.049736532369, 
1.69044502974192, 46.4696006425944, 15.1660528504572, 23.4586195156982, 
1.76529259111281, 16.8651138413061, 21.5566698039178, 1.49077287144671, 
0.680911979451697, 7.40447731367936, 22.2390966560341, 3.01542972145517, 
1.03300374843731, 5.66290161520578, 8.82103757435653, 0.444168587051578, 
3.7526298508914, 1.94169423794236, 2.8184853836277, 4.27600089308102, 
2.93899010180399, 15.0949414934, 1.63642555958311, 5.26487376698003, 
2.07809841741307, 17.5777975423302, 6.51164928491731, 2.35331686598041, 
1.86676040461995, 28.6365432523404, 11.0169131645386, 0.807841690679412, 
4.11921347802352, 7.49250584576353, 195.516248124478, 1.12995510250822, 
6.74123362836671, 1.84589876071769, 3.41675776526365, 13.3586752244908, 
4.79055899398269, 2.65733973901798, 1.69786743822196, 1.86168993436471, 
25.3383944533686, 2.15257247265838, 4.58463184869276, 6.11938246473192, 
1.35651263632934, 3.22892775407377, 58.1793584782356, 0.959376148067181, 
3.0737276098313, 0.936177579640271, 177.493277343958, 9.89060753708378, 
3.63431814988102, 1.48860089656351, 2.35508171191848, 5.10764477790002, 
7.4191381103169, 7.64654978489589, 2.47042752416121, 7.64050587942621, 
18.6048732368051, 3.67911811346307, 0.90058078507719, 132.295512726823, 
1.0622972457655, 8.46426131681343, 1.90602547531643, 7.14234315699865, 
11.761066691382, 4.19857887090651, 73.8252312354961, 6.80618905365777, 
3.536381221241, 1.29762101626824, 7.31503156442742, 2.43957612443684, 
7.20162418535696, 2.91379224873308, 45.8998356795152, 2.11254054195828, 
1.23466001350934, 1.53623985252381, 1.16857699098942, 1.81550976117617, 
2.04125936054526, 17.9392593036823, 1.88358083898848, 0.854035777842731, 
19.5603715243262, 6.11436559147744, 40.4848131732969, 51.9714196177955, 
1.52875333723405, 0.597717245756713, 6.27886155076627, 157.500665292652, 
1.41088408456604, 70.5752833421558, 10.3144733076955, 16.3987557783313, 
0.794194826712579, 23.308079573392, 15.6067551894655, 0.848263696915467, 
0.332962977056839, 4.55360086552369, 38.619379531454, 2.15326537656733, 
1.11188098264839, 4.34922567520632, 9.74071546104911, 0.291745175106162, 
2.39227877401589, 2.26130018402746, 3.1073836260705, 2.99389114203356, 
3.18041223924351, 11.8681828558387, 0.987251807533349, 6.69338302388748, 
3.12612915443597, 6.40685571874948, 4.27846545490212, 3.14852536199721, 
1.66425736779167, 33.0405141399094, 9.38950104164492, 0.409262933004984, 
4.5636729004657, 7.92262245330564, 315.112597083075, 1.16808709831698, 
5.34449090540939, 0.75964411795502, 2.88419299644147, 8.14293847663207, 
2.3351503037879, 2.98552797908192, 1.03776809613658, 1.99379308406546, 
12.8971506337171, 1.38579376199566, 3.5082237761009, 4.71463325521488, 
1.56415747457277, 2.10962236100731, 29.2429470944659, 0.426711943623745, 
2.66118167495061, 0.528016601937643, 218.444039681195, 8.07399223310133, 
2.15144197386591, 1.93424163248095, 1.64056286846743, 8.99680178294792, 
5.0392519231411, 3.77299091331349, 3.9460793426665, 6.41485383777223, 
23.590242617011, 3.49198821646575, 0.881510697762526, 165.213030945071, 
0.93212398946369, 12.6425392450396, 1.65466139972974, 8.59052346825774, 
12.3891774033461, 3.63901207765292, 87.5028434705564, 5.28763141302857, 
2.8566536008864, 1.16087813049158, 8.174468910576, 2.36804264410656, 
11.1240323936632, 3.37063068802324, 66.4276637712806, 2.61792203630753, 
1.01782904725515, 1.77823415067517, 0.932882452026939, 1.79123293389552, 
2.20298658112171, 16.0391850266328, 1.59653371584501, 0.926116462633875, 
21.0622191362308, 7.19426721842306, 41.8824119645977, 61.3826068296675, 
1.32917349042318, 0.712041752362944, 6.02649095333747, 163.283843969343, 
1.28590030662206, 78.7571657909898, 8.50155157200781, 14.1266759049427, 
0.76236477973713, 28.274750110656, 13.2059256828312, 0.709967095166789, 
0.280945724829348, 3.32447342324989, 44.3475765677044, 1.80751592482224, 
1.25793076252531, 4.50503776259347, 9.50720855153457, 0.35696969362935, 
2.59983213903564, 2.1636319695583, 2.70328597823793, 3.19124017367164, 
3.39282310388984, 12.2574303647361, 1.0009986315265, 6.95113148102355, 
4.11335050746893, 4.75130013997355, 3.55287179501146, 3.57693537810752, 
1.55245075853053, 35.7622962405449, 8.6011655938784, 0.343849371883755, 
4.90443177296868, 9.35207783546722, 364.530821945189, 1.12640061024959, 
5.2658231448473, 0.823693706810592, 3.1472272736843, 5.83255719885127, 
2.48147139469508, 3.72073999653884, 0.93928141591142, 2.30168943467386, 
9.25856296647465, 1.18751253603951, 3.51125871531856, 4.48219632377795, 
1.5419388360937, 1.70288118189246, 22.2645534425949, 0.400876399009278, 
3.14136218080522, 0.461723188289441, 231.1355799489, 6.51521657297699, 
1.96652671116346, 2.1159003148958, 1.88488369672998, 11.0249293046685, 
4.57815308399582, 2.21380927473638, 4.98869794421397, 5.90102531758497, 
28.1723663055305), .Dim = c(100L, 3L)), Time_all = c(elapsed = 3.7960000000009, 
elapsed = 520.54400000001, elapsed = 535.302999999987))
