list(MSE_matrix = structure(c(11.4616665879705, 16.6557528769618, 
15.0547021824646, 11.5642513115911, 12.8630336417598, 11.0346112893726, 
12.1079600567676, 16.5668022946961, 19.0404434947588, 12.5371133354726, 
15.7885007305623, 11.0539043409225, 16.6008830171741, 8.50182553675861, 
19.8333821003259, 15.4120348736792, 9.4344021525178, 13.9052029795467, 
10.734659442931, 11.5463017513734, 11.5963171424963, 12.5315576112825, 
12.2920285266139, 15.1867811298357, 14.9495672963597, 15.6278443904737, 
10.1277176362722, 17.6585392132007, 16.4665931181289, 16.4047888106623, 
9.61833612509819, 19.6955948452521, 15.8467272985827, 21.4502483860538, 
15.1266088621388, 11.7968593270505, 16.2343081584392, 8.61207796601275, 
15.4469748842873, 13.1075188033141, 15.6109036670046, 12.6272013548592, 
11.7118318366101, 16.3163624077186, 15.119370225747, 16.2700326295606, 
12.586295004398, 21.49888092757, 11.3379056090412, 13.1994984847266, 
8.30852011173628, 11.3332030443347, 11.433259714378, 16.4071826776894, 
13.0649468922908, 15.5256137539634, 14.8077633385043, 17.8388130223186, 
15.0235529376674, 14.7340160065475, 11.2144465360493, 18.3035335755649, 
10.8330118408988, 15.1940421403783, 10.5644299825923, 13.5873683114413, 
13.0631384233916, 8.43956794112986, 17.5924539189156, 9.53537782726587, 
10.9153329325401, 19.4025390793173, 15.9751106161302, 12.9221325728339, 
14.3832346289922, 12.0634836154802, 16.4280941036424, 14.4232087793328, 
10.7387080537321, 19.0817075020518, 10.3236393496958, 15.9592812926726, 
17.2359673123799, 10.3955906740097, 17.8121433064018, 16.9328292922268, 
8.20112281910771, 15.2804661766973, 16.464395163362, 13.0517168738281, 
11.2316550044369, 12.5466370581032, 12.2281791789841, 16.17638995786, 
8.04785308941536, 13.8697901847167, 10.8087158007695, 8.22880781609102, 
15.0695401180397, 12.1108102387561, 11.6672153932741, 16.6102216791304, 
14.6139146181636, 11.7929206612863, 12.659195433503, 10.8359801610284, 
12.1218292581408, 16.3180699990675, 18.6863394543182, 12.6561172648492, 
16.0765036524062, 11.2973173020937, 16.8335069900961, 8.97945533276865, 
19.127343681973, 15.5136616704844, 9.4040816220979, 13.711454110769, 
10.7313149654526, 11.6048353390707, 11.8909024574806, 12.3470729985137, 
11.8556653869422, 15.5206743904591, 14.6439311117935, 15.563053977268, 
10.2095022642782, 17.5412831783682, 16.7376524333654, 16.244244296064, 
10.0629369448948, 19.2680063582758, 16.0745592787254, 20.3895737898931, 
14.5914515072532, 12.1019450930179, 16.1785241280989, 8.90632841224969, 
15.1058935486312, 13.3012398044314, 15.0525225480603, 13.4575815538838, 
11.9075267343082, 16.6636499319834, 15.4552206719073, 16.3956056772258, 
12.4655144537709, 21.5056144419906, 11.500129783844, 13.2718219108762, 
8.74804908433943, 11.524546010031, 11.1697581347342, 16.1041764640939, 
13.5067254686651, 16.2146630796869, 14.532005683008, 17.1784425531914, 
15.1327432792351, 15.0358685962049, 11.5683433982539, 18.2934840821805, 
10.5396808848358, 15.1833817098393, 10.733567976494, 13.4006203673761, 
13.2905242376648, 8.40809538159216, 17.65071001068, 9.36370274083621, 
11.167885317048, 19.672716147437, 16.0227913088029, 12.7557464860456, 
14.5124211841464, 11.9224548871432, 16.274545441081, 14.6204022119477, 
11.0047385019271, 19.2287773491739, 10.5859324979976, 15.8144556861632, 
16.7963413994786, 10.4358608535807, 17.6537030170633, 16.6465166640096, 
8.51972570627366, 15.3856565160689, 16.5372454676462, 13.2009314349973, 
11.479883630009, 12.4710360350268, 12.2986082999649, 15.1163579367933, 
8.45158854905371, 13.2758590667249, 11.3981620628917, 8.75527954477218, 
15.2514760935327, 12.0730218952552, 13.0602623242038, 17.6191950069011, 
14.5420948282562, 13.5941430318617, 13.8047432175843, 10.8750886841559, 
13.8345554039396, 16.3347888201376, 18.8248728490391, 13.9814725321378, 
17.8305094838588, 13.4494392258566, 17.8753110297427, 10.9615611131965, 
18.2045554652456, 16.7679818402195, 11.4199549680533, 14.3094246277165, 
12.1128090015353, 12.6301379292369, 13.6413758107351, 12.230523242176, 
12.8358328048487, 17.9435628351634, 15.6311029700808, 16.6255169503678, 
12.6542018143045, 18.1597694380718, 17.9987908444775, 17.4064664951704, 
12.2050626721156, 19.0665295758782, 17.6114614236652, 19.0161325774871, 
15.5784633943772, 13.7821308009582, 17.0007792022028, 10.8721749143843, 
16.2323740993025, 14.3678798579235, 15.2593272321753, 16.8024275259972, 
13.490927792552, 18.6819277049085, 17.4691998424133, 17.8216048298177, 
12.7017146888894, 23.0876118599272, 12.4107876455936, 14.5445905512735, 
11.629208848031, 12.9278440382742, 12.1512077042326, 15.4931624159844, 
15.3482560394432, 19.1702495415906, 15.2069227614917, 17.5057625031298, 
15.9747862629451, 16.7027822828971, 13.8747574050921, 18.7840119844743, 
11.3347167269696, 16.7456992786902, 12.3130076482618, 13.6491699357487, 
14.9840772691838, 9.85063263638888, 18.5955426216018, 11.2497493472496, 
12.7950627066499, 20.6759375427692, 16.7628565351152, 13.7071798549813, 
16.6231932081081, 12.3468483338638, 17.124365060323, 15.6860361966393, 
13.0760503457065, 20.3508560978957, 12.3913136526803, 17.3681405344632, 
17.5909369374797, 11.7261396574899, 18.0574956473314, 17.5447380626366, 
10.2587389935388, 16.9263119788303, 17.1930898307496, 14.8947728715028, 
13.3120301689357, 14.15189688516, 13.9801615085831, 15.0369122323548, 
11.4803568999532, 13.2305080290866, 13.983814344357, 11.3958214585441, 
16.8871098015428, 13.5307248499548), dim = c(100L, 3L)), variance = structure(c(3.33791495280105, 
0.57887658786615, 52.3519116737953, 0.857888264768342, 6.76858246797889, 
2.6421897170016, 2.47090226107745, 1.40842599974268, 7.85780324915232, 
3.73448885102036, 2.35695551704635, 4.38620085527995, 0.798220956088183, 
7.2735414944997, 2.1573214513631, 3.83136674615029, 2.32379592834309, 
8.15065357242368, 1.82172760331897, 0.619204526900116, 1.30936417975716, 
0.788238363004787, 1.66522036820234, 1.72935881544491, 45.7563969547972, 
3.62366670252292, 1.43728641621403, 2.50771517694149, 3.30960874300577, 
2.31679991174499, 11.1301794821818, 2.0717883890672, 1.19134227675118, 
0.65528110878606, 7.12804521305508, 0.654517797572214, 6.94262861769332, 
1.54520957809169, 3.98312520002934, 1.51449938277086, 3.96353721126333, 
7.13160894677306, 1.13293456103219, 0.631566526164396, 4.93185153821099, 
4.1922313467668, 0.77430328584389, 0.614300131099583, 1.3337384481185, 
3.56677424444608, 0.408111632741941, 3.42926278228198, 1.04591053894592, 
2.43233561024848, 3.72673278356825, 0.718124931945907, 3.53799075050354, 
1.4047658876477, 1.80224721881911, 1.76626080055493, 9.52521545546348, 
1.1799149295998, 0.71646266763213, 0.45867788720048, 2.47669106045432, 
0.485288435707073, 0.635973336299714, 2.79063414850381, 4.47786562483555, 
99.6504550651539, 1.15486603975764, 0.391271182903958, 1.58830206977247, 
1.92170376082043, 3.55097169165495, 2.79496201479159, 2.0746657478222, 
1.28193891680499, 1.36297502622643, 15.9858563570872, 2.54736116472604, 
1.95257881836295, 0.633230897636013, 1.15983336958801, 0.360109678948048, 
52.2475149851788, 0.726644817922683, 1.95214611551459, 0.630489737672975, 
18.0949838724478, 3.95180035330063, 3.57373829115201, 1.61829410999884, 
2.26330226044272, 2.91523118812979, 2.26651441928173, 2.27175386474286, 
1.66295935370314, 3.19139629366407, 2.16165575280877, 3.0163074837042, 
0.531962571083696, 46.0370707851479, 0.768014994071139, 5.98011754045239, 
2.3500176462135, 2.1363758864621, 1.23296686499728, 7.02948924933582, 
3.50571427647539, 2.19330734427542, 3.83228392277428, 0.775919698920761, 
7.20658320069926, 1.87936981494691, 3.2940696749137, 2.03609672289046, 
7.73415495090476, 1.574831056107, 0.607581948620528, 1.11341421013329, 
0.748575471370128, 1.52286374208189, 1.41174854199031, 37.5982414039461, 
3.00097666415743, 1.27023817808924, 2.20422429309635, 3.01126593109275, 
2.11771081776403, 9.71215498194951, 1.84694382006722, 1.05819805678819, 
0.614877591905763, 5.96208226395424, 0.597893771426725, 5.96814038723057, 
1.43046643668436, 3.52411729459413, 1.3331375126112, 3.33246701182983, 
6.05298320450241, 1.01497415807954, 0.574267062575871, 4.16286318529441, 
3.66642465669385, 0.69679113687815, 0.555439207585304, 1.19050022365008, 
3.00195851896004, 0.380959729292747, 2.78041511976582, 0.953618512859387, 
2.14698705592065, 3.38247164067158, 0.677775812195345, 3.01994719374829, 
1.28915587706472, 1.71127792685095, 1.65362916984924, 8.35531228356868, 
1.05006627663892, 0.658459631236258, 0.426270244221514, 2.31664115846701, 
0.446395152435113, 0.596340758205873, 2.5750674535907, 4.0016804589174, 
86.2363665877301, 1.04857763875635, 0.366296108943661, 1.39985864199475, 
1.62223663522389, 3.04882643523295, 2.26282791760433, 1.78756564984493, 
1.13074432139192, 1.24573634250721, 13.754475572202, 2.38564246670553, 
1.74996655108561, 0.608310310292909, 1.04939772037546, 0.32026679824551, 
44.437219949776, 0.655773430228658, 1.74360269229594, 0.574503873005396, 
15.1584734226753, 3.74255241372548, 3.12889675545057, 1.47029082923702, 
2.1193752514007, 2.54747539405996, 2.08685845965447, 1.79600685956392, 
1.39655463923851, 2.78612230621524, 1.68947257949506, 1.97958813826838, 
0.425492057958682, 29.5137125078387, 0.528288244719006, 4.48940946495885, 
1.71160986259318, 1.42989799074938, 0.949693504396871, 5.10626890866551, 
2.99783691121363, 1.74733790410113, 2.63016475807729, 0.680927583474708, 
6.80788451461322, 1.48555837136446, 2.53987553854185, 1.45361853587836, 
7.53706379008942, 1.06437428872152, 0.572960405170982, 0.771763829531267, 
0.648082766486727, 1.13782223796192, 0.983316855928934, 19.3765056181522, 
1.69481157996098, 0.903628425770305, 1.45333485596086, 2.13807529130941, 
1.57924797793689, 5.80620507094061, 1.45113734274331, 0.76840802811625, 
0.518191150033201, 3.02468464336322, 0.445637204889517, 3.48505347096874, 
1.08079223325883, 2.64309272974752, 0.937013690153444, 2.24759994080326, 
3.60994696805727, 0.727261313064085, 0.430106898201924, 2.56163200746726, 
2.64478211535505, 0.520894156522867, 0.463303990910231, 0.971862567275645, 
1.69404012419717, 0.344688881371325, 1.59439724998432, 0.735241413202278, 
1.68686178093555, 2.48332765772293, 0.55507114492353, 1.79771857876512, 
1.02727594162489, 1.54211813862547, 1.44304529908304, 5.211859448137, 
0.751621097416461, 0.51044155246366, 0.338533898726627, 1.77401275309787, 
0.373699936348583, 0.492306034550258, 1.96794585937242, 2.98748843070601, 
50.7127623406279, 0.787891182696006, 0.313323817559626, 1.06238280851213, 
1.17680116421365, 2.12930515430483, 1.19178539114949, 1.27067323333341, 
0.799104497252514, 1.00894057193361, 8.22915527698317, 1.91609000537248, 
1.23181012908668, 0.578270047213148, 0.78135573536323, 0.256593504245697, 
25.9142765356166, 0.504668636553154, 1.26684629139249, 0.463125585202771, 
7.77698671484773, 3.09324375285554, 2.24498104027912, 1.07485027307507, 
1.74109313328776, 1.73679579956727, 1.66832939461555, 1.13148321656918, 
0.906341237642, 1.85635288509305, 1.04140458783295), dim = c(100L, 
3L)), MSE = structure(c(4.80471942348067, 1.20549542280205, 83.9786624473125, 
1.65684972275017, 7.20210016546945, 3.87603108225051, 5.6650959597974, 
10.1517295135092, 9.1831809130001, 45.9316359709566, 8.6287673290529, 
4.68128015045726, 1.62611087297867, 9.0962474448725, 3.41588736185778, 
4.250201010721, 3.62694980625786, 19.4932558649316, 2.27697389991166, 
1.51415679786436, 1.74734140575183, 1.93597638921632, 2.02035677155604, 
1.86323365431967, 45.6260737444816, 4.84119967164058, 1.49009399755509, 
10.7278667487636, 5.41609947264337, 34.339480910645, 29.5604540453789, 
3.33115844042154, 1.31490872190131, 6.30315862257377, 127.44315410033, 
1.56608244113705, 44.9224230950169, 14.5481786149136, 23.4874878599778, 
1.73326874496294, 14.9315675050236, 25.0707256461744, 1.76930120347247, 
0.657165264983331, 8.02884699685367, 26.0427905711136, 3.09707469902794, 
0.709809998622038, 5.39717864619342, 8.22762937442001, 0.553804678637872, 
3.4350075386523, 2.07376535293107, 2.84764411214379, 4.69351951827935, 
3.18224939558623, 11.6924552117987, 1.39530488294069, 4.43097227098968, 
2.11122742885104, 20.6575538849975, 7.14470458132428, 1.96083587133899, 
1.60439794050141, 26.8582136553904, 11.5027091130159, 0.739667411001081, 
4.15717870380268, 6.76240505027729, 190.934344849619, 1.35062907966923, 
6.11930249843033, 2.32424465271148, 3.62885211564981, 14.6201529710903, 
3.01333919912586, 2.78944692381704, 1.32390503660417, 1.69531759120626, 
22.3250279520568, 2.86413365869683, 4.60119922368389, 5.99263906982554, 
1.50878851732813, 3.14069817244055, 63.1640194755218, 0.915957856139621, 
3.11454920816769, 0.734726484803093, 170.852224233771, 8.830304350419, 
4.59446485630909, 1.79685460977731, 2.28609598312871, 5.37250561273665, 
8.38179694920759, 9.89141218214025, 2.4283975553497, 7.81946545104365, 
16.2321988228272, 4.57006480326483, 1.16864807723864, 87.224030015738, 
1.53347362428319, 6.11218989772328, 3.46266016243156, 5.60664369659875, 
10.1609598812874, 8.43006791334539, 49.1759647075904, 8.52657816473749, 
4.17228796385308, 1.60572851209169, 8.45857376626235, 3.12176327830005, 
3.8978201215962, 3.48319573593415, 22.1746419452464, 2.18418527904454, 
1.48769990131023, 1.53412499325412, 1.77333848112846, 2.00742881281288, 
1.62601281545903, 37.3616570683787, 3.89204457990958, 1.28055474059171, 
11.6939319952115, 5.17520080589289, 35.2215555184936, 31.3790218504738, 
3.00864219956375, 1.14502004773723, 6.2861378684324, 131.509800167766, 
1.51525352423357, 48.249736461724, 13.8690816645672, 22.2606097628843, 
1.41989963843114, 14.7962929572073, 23.6940289391245, 1.61937686981443, 
0.585334296602308, 7.49780453516013, 28.0050231744356, 2.98351401046416, 
0.713700729825169, 5.08245218302724, 8.3117521184411, 0.490863098413905, 
2.80397211023821, 2.07890858070829, 2.69895245401896, 4.28045011670369, 
3.18389033475251, 11.1351268606929, 1.29577501591027, 4.57528167436479, 
2.1498161606484, 17.7735115636095, 6.75428017195915, 2.02586618670049, 
1.60211030291636, 27.0561538594721, 11.3100849760135, 0.695707504963717, 
4.17968085072974, 6.65714305737734, 203.233221435853, 1.32976736510399, 
5.88689926620918, 2.00424816085743, 3.33222750996614, 13.6336987735649, 
2.47275883360127, 2.70622332186339, 1.2121180718507, 1.6615171445184, 
19.9518321938778, 2.67945987094714, 4.36063638692634, 5.78027334530798, 
1.52795495683893, 3.02631568483619, 56.2174581309823, 0.816038137033298, 
2.92249857413477, 0.680855277312367, 178.220606218031, 8.93428603804853, 
4.16178308936949, 1.79526603448819, 2.11394355679345, 5.51321493977079, 
7.92610578687336, 8.95877685011442, 2.40454216634573, 7.63971419068817, 
16.4527915416003, 3.69617863753539, 1.11781848243975, 117.493583637781, 
1.11411313881456, 5.32507623608716, 2.48550509054955, 6.4643684885141, 
10.8945818618021, 7.16427110741843, 62.0897206119384, 7.55507115789714, 
3.03280007944306, 1.40662057152946, 6.74018511981363, 2.76513125469681, 
4.82023430894718, 3.31386043814012, 38.8358300285993, 2.19746497285263, 
1.18847991224007, 1.40160598689066, 1.28018440597655, 2.15160330173466, 
1.70762282312653, 19.6597889796051, 2.11711972274376, 0.91409333620479, 
15.4560877889309, 4.61885124855628, 37.0169891177522, 43.1229745553532, 
2.31135417048511, 0.765638498513512, 5.99756026411394, 146.129875891644, 
1.30558025369999, 62.1810761844683, 11.0972107757454, 17.729719769611, 
0.938801946721064, 17.0874138442041, 19.6510288733438, 1.25214671192449, 
0.430629583800943, 6.0816872404031, 34.4636305790582, 2.52737517290324, 
0.810068037689505, 4.67238590299648, 8.57379988055194, 0.360915781475736, 
1.59518752389472, 2.0515395992401, 2.56562359689863, 3.1719862023676, 
3.3683380048687, 9.793234305093, 1.10096543601344, 4.72000681912757, 
2.77208109175893, 9.73508758721286, 5.49299577765287, 2.45396562644715, 
1.51911908348494, 27.4885812737688, 10.5869749410925, 0.568571907709372, 
4.49849395787321, 7.23879997303887, 275.150370098193, 1.38911770561732, 
5.23724915579825, 1.18086180150436, 2.95023684230594, 10.1232371706386, 
1.61417960289353, 2.94337046832627, 0.981933062413726, 1.91282957875955, 
13.0721913721836, 2.08479039683623, 3.81624174291365, 5.38793462767425, 
1.72271692207497, 2.60630711677552, 37.1044601071105, 0.539852318331709, 
2.76187828207723, 0.562226529083106, 206.438040598523, 7.99248246905552, 
3.15092272209411, 2.10581864913619, 1.79786318431129, 6.93632592839235, 
7.13659353294545, 5.79801454514111, 2.98962979486715, 7.08651649837578, 
19.9326389598586), dim = c(100L, 3L)), Time_all = c(elapsed = 7.33599999999615, 
elapsed = 1644.90300000007, elapsed = 1659.30899999994))
