list(MSE_matrix = structure(c(12.9249651343826, 17.2854866229221, 
23.9953870900909, 21.7386302037336, 15.3883038558992, 18.7534341464552, 
16.655412023726, 14.971378918214, 18.0930771459192, 14.8472817737463, 
11.320742259787, 16.5429089597595, 14.5050715192505, 21.0744405723491, 
22.8531311337673, 29.389261514695, 19.3188346437745, 19.7711528874386, 
19.5374152125258, 20.8057375009891, 9.11430922056858, 17.0145494387282, 
23.1312714014334, 18.2572173643384, 19.0273567552039, 17.6319281776307, 
17.4706223149621, 18.6694722793417, 20.8115326532235, 21.3776250633845, 
23.9445911765811, 17.696873879794, 23.1782346358216, 18.0887669973418, 
14.0796715365393, 21.5118155314862, 13.0605529111214, 12.9828272960013, 
17.0688368895069, 18.1771682178652, 18.0446513537833, 12.2244162812967, 
18.5453975499485, 13.6792206305601, 17.1538315051195, 22.9733266020834, 
10.6147494790847, 14.221493331981, 18.6756473125971, 20.0871333276209, 
19.3307420458317, 22.8751073292075, 15.4054250829688, 17.1078754434704, 
21.4374361751746, 18.1227736134886, 14.9877113965907, 16.0841630350774, 
18.0854546354057, 17.1035103301714, 16.3683240569248, 20.4535660788959, 
21.5198721616922, 16.1125282410243, 25.5155317650968, 15.4008046419655, 
21.7083079349621, 19.1156764402496, 13.5724514331241, 11.0407270132579, 
22.2096647828227, 21.4005128759994, 23.6821672957363, 18.2260730862884, 
19.8019481866437, 18.0128162206174, 22.8969268607527, 22.7673655030854, 
22.651916868824, 17.1407208835878, 20.1791783784697, 14.4165271036817, 
21.1885809110405, 15.9776118997849, 16.6080732229232, 18.1232316358647, 
22.4469790243632, 19.9827637480732, 13.1082387822738, 19.9184819473174, 
13.4880289485615, 26.31094361378, 15.4070352790488, 19.2074021826977, 
14.2494916809297, 21.0570260753222, 15.5532475929599, 20.6408246564926, 
11.4731931297664, 16.3981951873742, 15.3636492719615, 19.8975208578911, 
22.0346416574915, 23.9042520564162, 18.2441673503621, 21.7115617684985, 
21.2216273810104, 20.9600953515364, 21.5398995481838, 16.9424106884057, 
17.0673292277663, 17.7425153866738, 17.9804109410278, 24.4925824607756, 
25.3682369750823, 30.5698661524972, 23.2581262548764, 21.5720795882074, 
22.2010599366587, 23.8979080737592, 13.8207538838888, 21.513725460426, 
25.6215200392156, 21.2886650607363, 22.5645132991042, 23.3643851483926, 
21.5592873162604, 21.6393060867236, 23.6810365697391, 22.0627121852609, 
20.798152076595, 19.3697838022459, 28.1237701642525, 20.2255707252887, 
19.3693682758791, 22.7494825660058, 17.9220661440175, 14.6481674615368, 
16.5795225824457, 20.7127196931987, 21.78857266815, 15.1830397937916, 
20.8014658025933, 17.2655137767027, 21.3952212209647, 23.2298569802951, 
16.8691155856856, 16.2551922116376, 20.5105101139445, 25.1774403182851, 
20.9887378024186, 22.8285493475292, 18.3968843677011, 20.6250686096868, 
23.4294483552333, 21.4169796190394, 18.069876051691, 18.8523820815018, 
20.2918046694303, 15.8147338139387, 22.6992317479291, 20.752027227552, 
24.2601072119074, 20.1252846297823, 28.0505377001432, 20.0704804905778, 
24.227197717464, 20.3781285390645, 16.9569869116146, 14.3719466863208, 
24.2351511484617, 23.9832353839937, 24.9660787051078, 22.7255274535354, 
21.8490106361337, 18.1505479034485, 25.0816077590547, 23.7554840770669, 
24.7005496007255, 19.8693631060109, 22.2065756133329, 18.9263622677748, 
22.9810263148302, 19.2091929591245, 19.774228303729, 21.2360150794597, 
23.7403353275017, 20.9906981873134, 15.9700883171999, 22.7467756843497, 
14.2286600317583, 29.0496219065577, 17.4606764371116, 20.5158248209315, 
14.8388624908197, 21.8119199347595, 19.0132499905021, 24.9058956231676, 
15.5293166368199, 20.9103881648139, 18.49358160416, 21.3414816795551, 
23.5134465386909, 27.2466579149456, 20.6674444912576, 23.5933032393407, 
23.2051711969024, 23.1184302967332, 22.8252104110112, 18.727880529682, 
20.6215232395938, 20.0331195076788, 21.1764976249803, 27.2823230546038, 
26.3390408848667, 32.7498282019705, 24.8455533153115, 23.4838719629594, 
23.3737843906539, 27.104033046584, 18.3635574632612, 25.6029646579364, 
27.07044180004, 23.4962014354092, 25.1044085824892, 26.4427340608927, 
23.8423887101452, 23.3916352985695, 24.7214999180179, 23.3418452743497, 
23.5173337138212, 21.1748080839766, 30.5803307784075, 21.7397132199685, 
20.8390214642177, 24.234107214133, 20.2363827090349, 18.0416348240679, 
18.1278765050726, 22.2021714521876, 24.0772920463411, 16.5279436978131, 
23.717077585023, 19.0128516801737, 24.0545948721701, 25.2117381635149, 
20.0906274806385, 18.5667345934438, 22.0525143863362, 27.9580395120894, 
22.748568884341, 25.0927575228033, 20.9736019829532, 23.0926195841685, 
24.2234196284935, 23.7526417505149, 20.3235669719592, 22.8887385535288, 
21.19990515302, 17.1498088507399, 25.7257686833066, 22.1459370594285, 
25.8928699830475, 23.5480898350771, 30.6584625722787, 21.7034856720233, 
25.9292181687035, 22.4952026343836, 19.870220412317, 15.8024217893814, 
26.7170915869197, 25.6535143171712, 25.8154501962361, 24.7325288405071, 
24.7416537169941, 19.694344714471, 26.2040717521827, 25.3914579572678, 
27.0470824963262, 21.9999130588463, 24.6669285673086, 21.900147940747, 
24.6579618070959, 20.9318032338421, 22.8174004178562, 21.8437054392636, 
24.9576639634546, 22.3642702040721, 18.4023205473183, 25.5059112083177, 
15.6123885024586, 31.0682394779725, 19.7906367948055, 23.2241904590187, 
16.9349681697107, 22.8194830254904, 20.8730834949815, 28.1548876404361, 
17.2469390529062, 22.7795335610828), dim = c(100L, 3L)), variance = structure(c(4.21791122448049, 
0.68155084458003, 51.5776238746988, 1.33794302711441, 8.7559381214991, 
3.73023970333448, 2.81271764188543, 3.22855187709596, 6.91847806458263, 
4.57164344263189, 2.60774599746634, 8.46135368250162, 1.37732623026486, 
18.8648868970121, 4.13261320614177, 4.36579655049937, 3.01481217169554, 
16.0002895003371, 2.26494849356209, 0.961491508093264, 3.71474228776603, 
1.23785052285285, 2.17909712869845, 4.61294041039392, 48.1192078621578, 
4.38985828505192, 1.67139431881412, 3.81983907928224, 5.55012570725886, 
3.50615643386321, 13.6993393290489, 2.99945677008979, 1.2516874170686, 
0.957024680427417, 6.86552581691229, 1.10948767822794, 8.70866253082859, 
2.66795479300733, 6.47531869019656, 2.22088232361113, 4.92980631607104, 
8.44963653362738, 1.46996616471764, 1.07500879728782, 6.78431076263128, 
4.72364690853534, 0.834692995215782, 1.46775825918457, 2.38083012490605, 
4.5846149419766, 1.01035420257844, 5.30913451755554, 1.43851468475772, 
4.77183496654196, 5.50334945848004, 1.18072069207327, 6.12731444585704, 
2.00024487739415, 4.24820995239619, 2.53343268672025, 7.45575730154551, 
1.47892581257785, 1.15627211333848, 0.815744449224566, 3.9236045522461, 
0.960399563299986, 0.918157806145536, 3.34358619005843, 5.16615460298282, 
121.978309450164, 1.66863768069466, 0.53248461937784, 1.93626715001313, 
2.86292700026833, 5.45292999937833, 2.76941716304752, 2.72580202580566, 
2.32556407562045, 2.29273610333608, 19.330510666923, 3.33803531760516, 
1.9482429584312, 0.949242585475941, 1.91146129342222, 0.508008793665755, 
65.0300657827568, 1.30102694432029, 2.21495575066978, 1.71866249711749, 
18.7574251624126, 8.09831103504129, 5.11709074130989, 2.28092311616111, 
2.97988434597086, 3.86759671524248, 3.07108794097298, 2.33860447184032, 
2.06276428654977, 3.18843333132318, 2.58543233925208, 1.8242532324468, 
0.405132798740423, 18.6872291039435, 0.691338169673623, 6.39691606826923, 
1.49427995873931, 1.50498233255553, 1.7043387873468, 1.94189129583643, 
3.14701452700864, 1.55500119194082, 3.73414800436689, 0.772466602111005, 
11.3262302595858, 2.28985065577011, 4.6620806196923, 1.37015389628732, 
12.4844110940346, 0.943010178563043, 0.681022218099802, 1.73294422237006, 
0.77520329538634, 0.978569902845185, 2.59004048144008, 16.5122763793858, 
1.72805246811915, 0.995087778227265, 1.62990556668371, 2.9949919060592, 
1.96186081893683, 5.81395576797017, 1.96248439337861, 0.848055661719923, 
0.538184909598271, 3.12656016078594, 0.742983236596391, 3.52850728620189, 
1.69467127249239, 3.71547288550064, 1.00025157727376, 3.97021111418784, 
4.12295161263556, 0.707214834351516, 0.718497512970628, 2.89463566139534, 
1.9237212390541, 0.479176926661111, 0.702471039583158, 1.68993668138466, 
1.79627407100739, 0.690328181145442, 3.35305659622536, 0.84475296314839, 
3.88223809270602, 3.08009863087677, 0.771945374289221, 3.52278145815533, 
0.956698953713995, 2.32541236861952, 1.90157309930522, 2.95716270708745, 
0.686764485982382, 0.733396273312252, 0.520072206986566, 2.54361658633746, 
0.606364606267967, 0.686723786242446, 1.90419540164435, 3.03178456202624, 
41.5495323455328, 0.769978326570835, 0.354562184179003, 1.32652170089099, 
1.607897055866, 3.71441466666796, 1.09440751913035, 1.09696595336863, 
1.16267613488099, 1.28215038397972, 7.74524653697551, 1.8772517685654, 
1.2184590096689, 0.632183828116528, 0.888695787659062, 0.317135025703585, 
23.8905076728048, 0.704135887485133, 1.34575487997663, 0.96591686514205, 
7.92259017499932, 5.24609741904965, 2.13806098272905, 1.00421952151665, 
1.7930049875226, 2.02006786000203, 2.35475303384059, 1.33050278359574, 
1.04452801226399, 1.23516520883687, 1.31192000320725, 1.43441464970424, 
0.378164156632971, 14.5163506906539, 0.64017338766735, 6.44869612982213, 
1.29742890567985, 1.36074956621864, 1.46661016724599, 1.46749984873239, 
2.89937763293104, 1.47518832298457, 2.99557885176675, 0.654046046498661, 
8.93638066643259, 2.05437848224834, 5.19069591108451, 1.12061237733561, 
12.8119352476811, 0.790847959483527, 0.602241196449169, 1.46995414841103, 
0.713973321481762, 0.786270714668598, 2.28844997842698, 11.8805114372779, 
1.40624358244572, 0.925679891400743, 1.21141837771671, 2.83606754380649, 
1.59038268739243, 4.85674414013854, 1.87410894272482, 0.836851147346309, 
0.479186546665388, 2.51557214799535, 0.635984770853696, 2.51053459349275, 
1.45051190977186, 3.21179035326886, 0.719792414197742, 4.17189666007446, 
4.18561337488157, 0.572112628143665, 0.653542716368604, 2.53774674892507, 
1.5592750604187, 0.439603978983488, 0.568635048196116, 1.90273143460976, 
1.41938480849005, 0.641667466960179, 3.05734010789786, 0.70124511506704, 
4.08475998449762, 2.6856546351518, 0.710304580533273, 3.54143590824412, 
0.798057682295933, 1.97147160346071, 1.77398573740052, 2.38805221114368, 
0.54045240340173, 0.640116937694323, 0.4643480673109, 2.48258933122707, 
0.543261415581922, 0.663764094064375, 1.56441230268843, 2.82573848282761, 
29.2629960043015, 0.620566150417497, 0.30232835156014, 1.1610805481174, 
1.52551544106616, 3.97852223039725, 0.917657581615714, 0.919765976173332, 
1.01773070131315, 1.08120746628829, 5.89797767874527, 1.59560183039127, 
1.23033530948729, 0.690114874516287, 0.701716025068873, 0.298302716641507, 
18.6894169650165, 0.624650326590936, 1.04568474309123, 0.818078481122677, 
5.41549994222874, 4.34354584536531, 1.86002576733314, 0.770732324808422, 
1.61358858194442, 1.76188348287365, 2.18332022615067, 1.1715475434836, 
0.887029205268588, 0.933563477643982, 1.14588015417672), dim = c(100L, 
3L)), MSE = structure(c(5.39816846991652, 1.26038162434977, 133.142056509773, 
1.97265352490833, 8.77203451315347, 4.21865900538631, 8.43069122629915, 
12.9850105474783, 7.37735679647019, 64.6595829790978, 9.4663345014344, 
8.72561031905925, 2.30094612728489, 18.6832016663859, 5.33840014056965, 
5.36588079821285, 5.28115926380454, 45.0609206562844, 3.60284589882006, 
1.95161657139471, 4.13747006664492, 2.18816952371609, 2.90141543472779, 
4.81776144446311, 47.86204166663, 4.82398641430682, 1.74222275745484, 
20.0783696959486, 8.13685286385937, 40.4375760197364, 44.7040926927379, 
4.00197089726002, 1.25157774705462, 7.22896732922344, 145.97483219198, 
1.96552347598351, 68.1608160389978, 12.4664051496002, 22.8013071340507, 
2.21820763230931, 18.6691946073219, 22.3902448300462, 1.82309097816507, 
1.06812332546845, 10.105872926476, 35.2438315889046, 2.71000962549046, 
2.1978758879805, 6.57985346257304, 10.938905008707, 1.00082072715518, 
5.26339126717262, 3.41238124377181, 6.34193099552753, 6.67907974370298, 
3.39721599521294, 13.513150459352, 2.54277565377236, 9.42957128714015, 
3.53071145467424, 12.7899474855463, 6.19007868182099, 3.35342396890828, 
1.91944522150744, 30.9894133435028, 10.5650294871514, 0.991026692073702, 
5.5774374281804, 8.92737561561811, 315.861303679996, 2.09116035811276, 
5.74058409173228, 1.93796770216275, 5.07297489889276, 12.961901837503, 
3.18510568699868, 4.46602997364147, 2.74574319817287, 3.70071568765137, 
25.4373317419002, 3.74990763799685, 4.36665147035606, 4.79280872540367, 
2.6079566286841, 2.4433925772486, 75.916842125026, 1.38448262960259, 
3.68499835696638, 1.75940204188779, 206.054337919623, 12.6834999396078, 
6.68775724980365, 3.01855850483156, 2.98152292067235, 10.2048819091971, 
7.29228606494082, 7.44170728959236, 4.62413459647481, 8.45466979673388, 
20.7753971029301, 4.09775753281927, 0.910831095447122, 215.180028047, 
1.15181803646345, 16.1177113169517, 1.93184839723851, 12.1581429932641, 
11.9373553831345, 2.45614566357419, 109.450310725247, 4.37254340020105, 
3.73472852090504, 1.37634792751251, 17.0060049989594, 3.58418130912424, 
15.6182773018552, 5.65323302128128, 98.01648222114, 4.60294413340391, 
1.17759490095457, 2.47433822915189, 1.1308638999577, 1.82911832298812, 
3.13561970904704, 24.4101912151128, 2.22987963256969, 1.73698061873388, 
23.831921809386, 10.6727396429057, 44.6784044696725, 66.0178320991574, 
2.33330145903689, 1.93702164708386, 6.04100671921854, 160.689977697534, 
1.38220738896486, 89.4489966243524, 6.6846030096147, 14.6131779612631, 
1.42628580913145, 34.6078304211177, 12.93167187375, 0.829800457135446, 
0.715026847746722, 3.6919504024359, 53.7059005320427, 1.57407496126559, 
2.60048153309438, 5.69224711369719, 8.53593809970776, 0.916865029206227, 
4.28297262303298, 2.67117157515628, 4.39609746221905, 6.15052565678501, 
4.09968021404222, 13.1590880479325, 1.89249471512534, 9.7443053623376, 
5.81866836485998, 4.09127844393268, 2.98702616123106, 4.38759993388025, 
1.56692978998796, 42.103626203807, 7.71212223425226, 0.68066713213674, 
5.91963516362663, 12.0998195110568, 427.375077668253, 1.2281399829824, 
5.32712429501377, 2.44295427700147, 4.79828540138976, 5.65441634086204, 
2.6889932968737, 6.05572125084067, 1.61116851376755, 3.69720824478345, 
9.69907652155334, 2.00706580505376, 3.90311143628859, 3.73358507060663, 
1.78833813974155, 1.12463077913202, 29.3720974877032, 0.897594178446401, 
4.46891747113412, 0.957523837383079, 234.695979326745, 7.21293419407493, 
3.3733759893441, 2.58599951494297, 2.75464399332542, 13.0786552449162, 
4.81989919591898, 2.426886382975, 7.50100271444782, 5.5714895380161, 
30.3728945367886, 4.18355978584849, 0.83704869305218, 252.506063598452, 
1.18027100690935, 24.5004081959995, 1.93172027423774, 13.3571739336259, 
11.5421809109407, 1.76080620736176, 129.960919517472, 2.77948271852002, 
3.00125613089509, 1.19268081933892, 18.6908044902822, 3.41623107370331, 
24.19652929701, 5.97243656436119, 129.881479022163, 5.37327861111465, 
0.933325783474098, 2.2048280336871, 0.974155912438912, 1.56112564238612, 
2.84454954930224, 24.8804024902524, 2.01538029774753, 1.92200443463444, 
25.1383380980835, 13.6211554837946, 44.8640422515712, 74.7491265776857, 
2.3099859400173, 2.84142437101652, 5.69873832850659, 165.121939367691, 
1.1630047148365, 97.0349263445066, 5.12352227479825, 12.7876585577109, 
1.29883661111026, 43.8474008315386, 9.64703553933002, 0.661478696129893, 
0.666166082730029, 2.6253957203904, 59.3977140563137, 1.1640503874194, 
2.76633946238186, 6.49847246295338, 7.99180395859394, 1.05681973408221, 
6.03371984369061, 1.90770247760241, 4.08122837206685, 6.924286304303, 
4.47734809917951, 15.9563601965152, 1.60236984386132, 10.2395047725265, 
7.48508484902933, 3.06802286795493, 2.32863465179655, 4.8576744483935, 
1.54934059336378, 47.7994285249407, 6.89047168825941, 0.675865090134614, 
6.49055270758237, 15.3837404886755, 478.033833561988, 1.01598152741965, 
5.32896892247683, 3.30343539788395, 5.58363201062343, 4.27216293435125, 
3.62911871714015, 7.16943699458121, 1.28985631894913, 3.84804277464537, 
6.61171072077878, 1.62768265476531, 4.40187821782345, 3.6842402306756, 
1.52143319845565, 0.728597089430791, 22.0749916130852, 1.14194916978321, 
5.27903831387732, 0.810352428732007, 245.667845847108, 5.45716075351157, 
3.56758027086574, 2.45700896164062, 3.45834213054697, 15.2883208072601, 
4.36164063468462, 1.36497854820724, 8.92390205405305, 5.01166613311473, 
36.5079285458155), dim = c(100L, 3L)), Time_all = c(elapsed = 2.59099999999995, 
elapsed = 42.7799999999991, elapsed = 43.5009999999991))
