list(MSE_matrix = structure(c(11.4616665879705, 17.4452175632237, 
9.61481742877077, 18.9990891549244, 14.9214367299568, 15.8655375269733, 
14.8327636004897, 11.9997573987002, 16.9333777357903, 17.5948281211642, 
9.82705626129103, 7.75979786780473, 10.8506578392484, 9.66300003662361, 
14.1774318083973, 15.0935335107095, 11.5430155263286, 16.7538947256159, 
15.2954172457504, 15.5776946881368, 14.601148038078, 16.9109930172118, 
18.0814192380996, 15.60706204506, 18.8552198415311, 16.9207301247208, 
13.8160924764564, 10.0794780863932, 9.74728551811579, 17.5931014389926, 
18.8205076315144, 8.37094434040821, 17.8477218086671, 11.9047019399637, 
15.5971480472636, 20.0143325548757, 15.2158937875978, 9.72135537421251, 
15.6224154284602, 15.0737635211904, 21.2311494652273, 10.442074812988, 
11.8098133105458, 15.1560171659356, 13.2100219208081, 16.4067948776392, 
7.26879202395887, 20.5916543888947, 16.2929586863128, 11.7897532192172, 
10.9497848302834, 6.99117955755585, 14.9566332393327, 15.5302584610169, 
13.4242536665308, 16.7602784999159, 13.5672909531761, 14.6431080462067, 
15.8015519853561, 11.2449207534382, 10.595507749197, 13.1018647685922, 
11.2847382312688, 18.5646398333955, 6.95829684850211, 14.4281027706944, 
9.62623242579188, 16.8620304477579, 13.5934856431253, 16.2349470463884, 
10.7305116994656, 14.5141620734059, 10.8102738057992, 12.3842867665324, 
14.624339222139, 11.0007937581871, 12.3944220745589, 14.6452615719069, 
16.5916546171572, 16.5447741682303, 13.6411849545758, 11.6925330610495, 
13.5534125536611, 17.2133016943624, 14.5805634081471, 18.1914931785109, 
13.5996619708618, 14.0086843019908, 19.2244432727146, 20.5660565618843, 
16.995669060997, 20.5488087695536, 15.7515486407716, 18.2475657397494, 
15.7310794741055, 13.6123548359048, 17.9871477753577, 13.0937732180641, 
14.6948912959023, 16.0539973373935, 11.8689789019418, 17.5886840434893, 
9.95315610340197, 18.7584317479198, 14.6127864618436, 16.0767197702847, 
14.7160967213398, 11.9207631346348, 17.0832550467918, 17.4143167600623, 
10.3498039482444, 7.66643108043891, 10.9407695732877, 9.15973908282226, 
14.0283407393264, 15.102216571859, 11.5601459196645, 16.8993256409107, 
15.2826594964828, 15.923811417699, 14.6774410527346, 16.3007042793606, 
18.2828949256414, 16.1302371005507, 19.0333971911005, 17.3680298634947, 
14.3311394918157, 10.1575045611705, 10.3837942828537, 17.5175613708989, 
19.0244120910535, 8.18076114076792, 18.2873744659334, 11.6292391050374, 
15.4372275881059, 19.8026725178823, 15.0091246460305, 9.17128810398546, 
15.5816393757854, 14.9528011246952, 20.8584249151297, 10.5025968914041, 
11.9202101747623, 15.2576689581852, 13.2642839446955, 15.4460309129246, 
7.56771959405326, 20.4044926395062, 16.5471487311736, 11.6344991373505, 
10.8635963368886, 7.31583545451699, 14.8925829007596, 15.3449901183421, 
13.6472532934129, 16.7875680627316, 13.8504416603471, 14.8400579316434, 
15.8428427391346, 11.0387916383622, 10.6704714673041, 12.9126841163398, 
11.3669054204707, 18.8664766475199, 7.16516238821004, 15.1604348016547, 
9.51718554467734, 16.696104167721, 13.4769797456025, 15.9281535140347, 
10.9918960808328, 14.6210536850026, 11.1437908447961, 13.1536277521442, 
14.0689283880655, 11.3853576395393, 11.9169022721804, 13.8929575722003, 
16.3561568741411, 16.7654844252815, 13.510640115922, 11.9485380463656, 
14.0214141602103, 17.0994641911264, 14.8743547282986, 18.4056698441705, 
13.5282425361215, 14.3803487102474, 19.1659787862299, 20.4266284761161, 
15.5114874469005, 20.6223288958575, 15.7274593638329, 18.2250907080877, 
16.0111859167805, 13.5761769610058, 17.9363379564258, 13.1866354444886, 
14.5888550439168, 16.0392623324124, 13.72018927007, 18.5547947661321, 
11.5584218324638, 17.9986203214133, 14.9473288892155, 17.7897267879056, 
14.3819013466066, 12.7178682733247, 16.4674834434165, 18.6335202437576, 
12.7269586717771, 9.9268381426407, 12.321349651186, 10.6989199792635, 
14.8098007188771, 17.1398229988762, 13.2996809866236, 18.4207589024764, 
16.3647871564726, 16.6490479157845, 15.9777052760094, 15.7264884704284, 
20.8123369542923, 18.1062757721752, 20.1988471417773, 18.3340780072534, 
16.5051632808001, 13.0862593956869, 12.7002493503219, 18.2124799198854, 
21.0531914439326, 9.93088516090564, 20.2331293989045, 12.3743881374564, 
16.1890287986435, 19.5523725090842, 15.1168923500133, 11.8969764047415, 
16.3727199696172, 15.7277353179023, 21.2464282358867, 13.1942304300084, 
13.6152440436994, 16.7929268084106, 15.2106837173992, 14.8177952194502, 
10.6324401000871, 21.3032386793011, 18.7842277445214, 12.7455924349573, 
11.3909655081025, 9.80774676325738, 16.8628681083024, 15.4446309059401, 
15.0653152530189, 17.623005799674, 15.2566858422424, 16.1721254092963, 
15.9193257577572, 12.0134306900149, 13.2039096754952, 13.7076070218443, 
11.7540039809028, 19.8967339948738, 8.75808412815414, 18.113634745986, 
11.5115337661822, 16.979560052373, 14.7358640611688, 15.8163727471748, 
13.3381423071129, 14.2289947699797, 14.0594966491032, 15.8574649709753, 
15.1640247972223, 13.0337282974805, 12.4459463320247, 13.9625401283878, 
16.5007158997686, 18.0168947820862, 14.3811918015801, 12.6537443360205, 
15.9861418219979, 17.8599126566264, 16.3679797144809, 19.1737063082477, 
14.6228885793546, 15.9164522110259, 19.1341978429259, 21.0117543955049, 
14.8258902024791, 21.5468612707732, 16.2456547410728, 19.3559558924508, 
17.5595423012809, 15.1343665509771, 18.2614151196333, 14.2944827709026, 
15.6535472306471, 16.5153401948905), dim = c(100L, 3L)), variance = structure(c(3.13881901035793, 
0.520582900798969, 45.0523553953348, 0.862275566732637, 4.9266825168905, 
2.18720215594152, 2.61991412683238, 2.25919531141495, 6.83915731067793, 
3.31623779697626, 1.33928632987235, 4.31397652012853, 0.692679982183492, 
10.4773262280189, 2.1600650937415, 2.69443584611671, 2.36024814353559, 
7.05227327406356, 1.91036850480099, 0.747586349847839, 2.49463273882357, 
0.715669166604045, 1.76609830759571, 2.75400751753328, 37.9456772735927, 
3.91733120115172, 1.40718117145871, 2.74184952681477, 4.06235108396593, 
2.49026592473557, 11.7468040772643, 1.46845764387433, 0.947088368148364, 
0.586858877582439, 5.78210644274523, 0.667939532744596, 6.47096200733606, 
1.70032338137898, 4.19589675870997, 1.27717115272251, 4.59962059758688, 
7.45487694727041, 0.979572584874639, 0.784540064780692, 5.65812938476245, 
3.36087403144704, 0.691575054094236, 1.29544785339627, 1.37822768914504, 
3.8088388128732, 0.500059895364151, 4.87865129717513, 1.30812695220311, 
4.29718528594238, 3.01622313501733, 0.756087976073843, 6.3756268928607, 
1.91986368040107, 3.15626186555506, 1.80320058043137, 6.93743849439831, 
0.830245887979587, 0.686179311386421, 0.482420206971736, 2.3798086783255, 
0.555646496054408, 0.561653916250295, 2.55282820320959, 4.63792050074764, 
116.537482833502, 1.19600135522153, 0.285701612559554, 1.54915498333574, 
1.94243713602371, 3.2292265625852, 3.24056509032601, 2.07430958072548, 
1.82202234249077, 1.41500696872883, 14.1434756570684, 2.34944849085973, 
1.87749096071944, 0.531908079183078, 1.13669015277328, 0.305784115200722, 
50.4165202944976, 0.853316483494911, 1.76900514632968, 0.828825227548641, 
19.0922934332453, 4.04135236529922, 3.04261733723356, 1.56907301529762, 
2.03499932754158, 3.1839243445796, 1.72293477397918, 1.48200315669231, 
1.50397294025734, 2.73963667538879, 1.43768832831801, 2.94638314019702, 
0.466365579446028, 39.6240867024574, 0.759441374906621, 4.73773404127295, 
1.95779664922837, 2.33254806191027, 1.90176952121099, 6.17717436634385, 
3.09101846127161, 1.19574904342796, 3.79046113098814, 0.657792989361293, 
9.8980621959725, 1.9603067634137, 2.52028515165923, 2.01463562330856, 
6.92975861662181, 1.65803096698787, 0.714088040218341, 1.98282962580834, 
0.689647778040874, 1.6352833483613, 2.1410968673217, 32.800154056746, 
3.27703822811813, 1.29731374648586, 2.42920183362026, 3.57365692569182, 
2.2839871933951, 10.2946505722086, 1.3229778459336, 0.883512581055142, 
0.570801775087934, 5.00856785161815, 0.618665083648651, 5.64074277427694, 
1.53253106974546, 3.82428270187027, 1.11594977129074, 3.97367969662608, 
6.38443228802966, 0.894064092046153, 0.702344386180288, 4.89158586429283, 
2.91188107931667, 0.63411185449652, 1.19116324681045, 1.24900560312713, 
3.22286600354718, 0.49129137222217, 4.09352006822984, 1.17386367268688, 
3.79157864546858, 2.69265134310887, 0.687940906637945, 5.46856476763483, 
1.72820484790323, 2.97159904176416, 1.68241449017069, 5.98766888816107, 
0.74496538789851, 0.626176770918614, 0.446678342773659, 2.12982612526973, 
0.528858697570953, 0.512330651937456, 2.29756126714324, 4.02055414830682, 
99.4680831278305, 1.10437161756876, 0.273062248055143, 1.38492012668319, 
1.71227128618199, 2.85780153612819, 2.67808230901097, 1.78037828865764, 
1.5614984432889, 1.29074441705809, 12.3081051175459, 2.14572225200654, 
1.58553587767945, 0.485760894964837, 1.0561919748825, 0.27759538956621, 
44.603616006051, 0.778713666593908, 1.56640851651303, 0.758393689454294, 
15.9700160404973, 3.56620124929148, 2.64141328465035, 1.4638355266262, 
1.84798832968854, 2.93981193178689, 1.57805078990145, 1.22772383619605, 
1.31418126473751, 2.33467575329082, 1.16100191421701, 2.18050248861843, 
0.374409761779729, 25.3394922678146, 0.458962852188577, 4.1766856859557, 
1.41101279179788, 1.72932292977818, 1.04425160482034, 4.8554076426645, 
2.82030967576311, 1.00309638748448, 2.84490210364044, 0.571903094192911, 
8.26754548151274, 1.50702803668441, 2.16679681855146, 1.40809623486817, 
7.40168658632562, 1.15980910023308, 0.659424824926355, 0.921720866826278, 
0.600903489281083, 1.19190983697237, 0.991085411531785, 18.9646957759814, 
1.95476057488559, 1.04069310813116, 1.57707613564925, 2.40035326951798, 
1.85145075322201, 6.05623610468486, 1.05031389627977, 0.747680958027737, 
0.502305787904095, 2.8809693432208, 0.485058040685645, 3.47130573426654, 
1.20026252725875, 2.88988064246686, 0.742026291876019, 2.88865769690088, 
4.10811250803098, 0.602638150559432, 0.54088201716577, 3.04043600161211, 
2.08409635068218, 0.523433425786, 0.932831819952833, 1.0014601412665, 
1.94063955837001, 0.454518606000339, 2.55059853434866, 0.919274088565135, 
2.43971489520296, 2.03089606409528, 0.506701804653275, 3.20275683734819, 
1.25029181175749, 2.2933934213998, 1.45268403306786, 3.81848677597036, 
0.519810245676455, 0.472443381879021, 0.387587688643605, 1.57519170606392, 
0.415394028582068, 0.381771144629989, 1.75591936666856, 2.98203717174673, 
56.0550160725878, 0.808726962847999, 0.243572180512532, 1.15779694641099, 
1.2414454454564, 1.78585812841826, 1.464133494446, 1.24825001635588, 
1.03844881685218, 1.00333499956363, 8.46556109184384, 1.77893799627249, 
1.0848092413342, 0.418274418263904, 0.801413732073094, 0.223161990463192, 
27.6343733359839, 0.544582894427251, 1.01554626433898, 0.659933999103484, 
8.45359684963823, 2.71093751714504, 1.94067813845101, 1.08768135031128, 
1.5548331085569, 2.35672991525374, 1.23331901279087, 0.815915028232622, 
0.973715499757086, 1.52088123987008, 0.718459861737131), dim = c(100L, 
3L)), MSE = structure(c(4.4374735666446, 1.04519394761214, 68.768022656535, 
1.91161507213267, 5.46666101014104, 3.15464982731444, 5.78675186089583, 
8.79762224615073, 8.50983326754099, 46.9472150679986, 6.43604656918174, 
4.47348667688043, 1.88899453509344, 11.858972869959, 3.59209415703248, 
2.77205298205106, 2.86078506670034, 14.2852206085039, 1.94604856670872, 
1.40634518682961, 2.49037362065308, 2.65008925893289, 1.97197055203362, 
2.72673100918534, 37.8295266852605, 5.73049908210817, 1.52136692156056, 
13.3246813850009, 5.37468052215729, 32.7860133813332, 29.708226125335, 
2.7469155467917, 1.11379397944347, 6.92784623392498, 134.954758091548, 
1.6021121282484, 51.7560561497895, 15.4964591032829, 24.1695673646685, 
1.564043341477, 18.5053082332029, 25.548819233956, 1.48095627374971, 
0.777247104462096, 9.94944843900029, 20.0376932793746, 3.32274652440075, 
1.31694103217187, 6.52997037571017, 7.48301362940847, 0.595771436497109, 
4.91222904274109, 2.54528480070194, 4.83008616740374, 3.16464946718719, 
3.03288398094902, 15.9587883166128, 1.95449872398909, 6.72698171524657, 
2.05155785410538, 19.9247511494521, 6.58496686359087, 2.42798402511054, 
1.9743733913549, 25.4609768610159, 10.8619475027095, 0.711663243501646, 
4.38336384599981, 8.14038277025315, 253.350190749099, 1.27462540083719, 
6.46162106057274, 2.10196916234003, 3.63597435271435, 14.2004977224765, 
3.65025813065664, 2.2551073679571, 2.18739492365289, 1.67847006839403, 
18.0441864361517, 2.76052044345641, 5.63285917420849, 5.901833420241, 
1.29908723921884, 3.27941138193468, 54.6059865231788, 1.02766276244236, 
3.54623539948112, 1.01928997850828, 181.171622210948, 9.38464597760831, 
3.98158244067199, 1.60047719895605, 2.03152969693178, 6.56326455888667, 
8.73572258958807, 9.13718798931377, 2.16528890628617, 7.42598004882314, 
15.0615272846408, 4.34819114653267, 0.995002542143187, 72.8131025077776, 
1.74908659541838, 4.94028680676097, 2.83455461592798, 5.76884715300429, 
8.9083133331871, 8.01178083434441, 50.138232690831, 6.45295049427793, 
3.99166444964663, 1.84267206895448, 10.7781860617274, 3.34968956712149, 
2.71124186744414, 2.64309979697384, 16.4442628849516, 1.77139015512621, 
1.39649272021005, 2.00783526394007, 2.44775546035492, 1.93541138241681, 
2.14405248671976, 32.8134104289303, 4.69553629955169, 1.34955841255577, 
14.2459087230215, 5.06202518382692, 33.82420795358, 31.4947781726338, 
2.48402604650052, 1.0193925977085, 6.961931990884, 138.277384830862, 
1.54111904956018, 55.0118404291731, 14.5702034084788, 23.027907671932, 
1.26485021833473, 18.2128544339835, 24.4083618468516, 1.35439669736441, 
0.695398994599439, 9.20043418376184, 21.93055216654, 3.20160826846048, 
1.24331276566416, 6.1035948021441, 7.51128002291882, 0.553496640788437, 
4.16597367436908, 2.57424525497991, 4.47704343850033, 2.88238057420045, 
2.99199206157879, 14.8339207733519, 1.80970057033026, 6.79689300699921, 
2.08147638802586, 16.4690440270283, 6.24595942680078, 2.50658120361812, 
1.94798554748426, 25.8392230155193, 10.6580927610194, 0.654048964063313, 
4.3752752311206, 7.91442295845978, 264.009563740263, 1.23724273085741, 
6.23302046920937, 1.85959868560956, 3.42895868970818, 13.4624886447282, 
3.04484555484929, 2.09047368046657, 2.03014280007469, 1.6619818732891, 
16.210106887627, 2.52477906641738, 5.25413096859065, 5.72073172062975, 
1.30376604283133, 3.14679657097353, 49.2426787133593, 0.925658784112545, 
3.3722694119547, 0.934294498165055, 186.978816949017, 8.99390226011981, 
3.54334167886878, 1.57107754061041, 1.87324217641646, 6.93010996594051, 
8.21850332332113, 8.40705141175463, 2.20189672641966, 7.19955558526198, 
15.5167643336027, 3.97613502931589, 0.957862462813487, 103.536150003609, 
1.24571018551866, 4.90695569058093, 1.96470841009003, 6.77195592085182, 
9.90926586495691, 7.61323155905821, 63.7388073860825, 5.84097216410116, 
3.1826996398491, 1.61408212265328, 8.26447958746563, 2.86099562041499, 
3.61414470412326, 2.52226139476771, 30.6648998460313, 1.69446322987814, 
1.18078468523235, 1.24163951992435, 1.78392751724951, 1.86267485929915, 
1.39038854270817, 20.6360657541877, 2.77825006585994, 1.03445220426948, 
17.9726859482115, 4.20612667191979, 36.4403818550593, 43.6011146651774, 
1.87108104110631, 0.762982777114517, 6.6597782493058, 150.212390686691, 
1.32255998345613, 69.2266631930812, 11.6107725579736, 18.0371926759691, 
0.735865176339691, 19.4174075939778, 20.899645070999, 0.959387933124736, 
0.537892731692226, 7.4003031198666, 29.1770420496871, 2.82359120680586, 
1.05585551237393, 5.26323233554411, 7.60567895128501, 0.452431825105179, 
2.56416297172417, 2.66065772514273, 3.37203644066729, 2.23957537983997, 
3.05115809224681, 11.8493373579872, 1.44119675463014, 6.33484481216442, 
2.68612117165938, 8.72315713839596, 5.06614324912306, 3.06602522378723, 
1.8460351637176, 26.0566227754696, 9.83092508667898, 0.509412468639398, 
4.79139561597187, 8.53876473079729, 329.957192307177, 1.14493885902772, 
5.71490424113932, 1.21116388792963, 3.03305808605477, 10.0544143788716, 
2.03306267059062, 2.20610685353023, 1.61769484888043, 1.86198996192125, 
11.7246728860663, 1.99627038373482, 4.50628596302224, 5.39729858945947, 
1.35441387499278, 2.76563962087995, 32.6594245902346, 0.571673001270937, 
3.27910888399444, 0.782753363819215, 211.327287913332, 7.59248570131, 
2.64410557694045, 1.63515613763733, 1.84031780877131, 8.64291782557704, 
7.25683184761364, 5.68243992210238, 3.12525593875933, 6.68313066822851, 
18.7506133263386), dim = c(100L, 3L)), Time_all = c(elapsed = 7.53600000000074, 
elapsed = 566.581999999999, elapsed = 573.604999999997))
