list(MSE_matrix = structure(c(9.33045031410698, 13.2317155543257, 
11.9451231768297, 15.1639028424566, 12.110698562952, 9.63975909987841, 
10.7939858236468, 7.76097640741659, 9.78408816574358, 10.5048483513835, 
13.7392479732885, 11.8456135087365, 12.8677851192065, 9.52836829780153, 
9.61869282045153, 10.2663200338113, 7.97064371419183, 11.318951583823, 
13.4399043730476, 17.2485145140488, 10.4540356866631, 10.8107821269928, 
10.0083136356468, 10.2885612384262, 12.9567992582939, 12.0873566450433, 
11.3772228562616, 10.292561422233, 16.4053405838716, 9.79044310948467, 
11.7245058087457, 9.5992867300352, 9.97591289089382, 8.2642598602789, 
9.53615584001398, 8.66534155598649, 11.0775822705706, 13.7347508097146, 
19.184475675685, 12.0488584902071, 7.30802640563527, 13.8274269684104, 
6.78825903842912, 20.1055700327595, 15.2789057802718, 10.1534675924401, 
10.0944218175962, 9.23592723481726, 7.11862366079964, 10.2554292012888, 
17.0740903085486, 12.2978864496478, 11.4644420725223, 10.8863836877609, 
9.18749158396863, 18.2030187749309, 7.36277895049271, 14.198096511516, 
5.82401498557084, 12.6600129623472, 14.0119054537011, 8.25114531539515, 
12.560840408046, 19.1482466072217, 10.9570613956818, 9.16421821103094, 
13.1608610919818, 18.5262375859415, 13.0813409470974, 9.53598651818788, 
14.4792703662267, 9.60796282252448, 13.760195910823, 12.5342960596469, 
8.64946784900689, 18.3466578313368, 9.80061075085273, 14.3981266963511, 
6.16552603227754, 8.52718878711993, 9.23381663787112, 12.0311179118106, 
11.7920945126339, 10.2724476319125, 7.52190313116743, 19.3736161492527, 
8.64990794314495, 9.71156094778862, 9.37985954360164, 12.8675199869056, 
6.59663130738513, 15.1053311505089, 7.7350661617297, 17.2495869999106, 
10.5723962994334, 9.87015053264822, 10.9218994863121, 13.9732921925922, 
14.1255397729586, 8.49573904049917, 12.1395840249081, 14.8313912977991, 
12.3343286841977, 15.4551509001661, 14.148963902782, 11.977469247802, 
11.3165635605984, 10.4297509997381, 11.5491635070646, 11.5169925523019, 
14.9265526616738, 14.2888376523596, 13.0232687364583, 12.1574629046589, 
13.143402567759, 11.6932252714173, 8.48861176516148, 11.8739702930994, 
14.1528358013709, 17.982162561177, 13.9355812965378, 12.8730490216659, 
11.5219891731307, 13.2334388329405, 15.5070642305918, 13.4623040444013, 
11.0031131326598, 12.4274900378879, 17.5047894308032, 13.550525094571, 
14.921072740385, 11.9337131350248, 11.3650672909726, 10.7250478666684, 
12.9863793743227, 11.6901463634253, 13.70108560136, 13.9779746280316, 
17.7347703819241, 15.0728603562048, 11.8341015461372, 16.9750253550164, 
10.4244636079032, 20.6457083521703, 16.6203655341306, 13.5395403844622, 
10.419656052864, 10.4322699040733, 9.75718680576579, 12.900623634489, 
17.8654909058314, 15.1929370437598, 13.4044589629143, 13.5825500943113, 
12.1759933802774, 19.2578044732929, 11.4502432721924, 14.8224764355309, 
9.08480728467481, 13.3190891706681, 14.089682860766, 11.5258427750319, 
14.4016133649366, 18.9495828286267, 13.3081413087496, 12.3120455598548, 
13.8222826484699, 19.2403385963206, 15.3598189030753, 10.6181260201264, 
15.7692072692083, 12.4169744884323, 16.4583805761599, 14.3639131755149, 
11.8981643787943, 18.4429291398377, 11.4538062752964, 16.4490452243564, 
10.973075082357, 11.0363635425056, 12.6730185110593, 15.17024314114, 
13.543043742835, 11.4628852984537, 11.6778511298732, 20.4086238845425, 
11.3134913427237, 12.6538811939159, 12.6974729035185, 15.6167815130509, 
9.35632467738916, 15.8848139263642, 12.4143321247486, 21.7794715909174, 
10.8915961411777, 11.7541782727477, 13.1272595105003, 13.9248417003441, 
16.3716029115744, 11.8308483382119, 12.927659012461, 16.7525535312533, 
14.1232276549371, 16.8040083830532, 15.0255589073967, 13.506928210918, 
13.0195420863544, 12.5288613811303, 12.4760256565885, 14.4110110384531, 
16.2799725067465, 15.0436236443329, 14.3536533503271, 14.5977202805034, 
14.4891192676316, 13.05768762406, 9.47253535315966, 13.1132318400414, 
15.2415265532344, 19.0085260476354, 15.6655609938119, 13.972222198996, 
12.9053145469045, 14.6321378596558, 17.1392162400814, 14.9157272692493, 
11.9525058137971, 14.2833843934719, 19.5230062481202, 16.2483121690178, 
15.78798283048, 14.0540027694247, 12.7696756973204, 12.112214673489, 
14.1041862896551, 13.3578716873296, 15.0703113988215, 15.1309334767076, 
18.3158440022301, 16.6565159355515, 12.9771336834472, 18.5488023704704, 
12.3616702273275, 21.8337616936866, 17.5218443262736, 13.9304417566512, 
11.5335762133359, 11.8146131926429, 12.1953106289599, 14.7749310225998, 
19.4116858141918, 16.5644842922193, 14.950726091995, 15.5039169812514, 
13.898654615574, 21.0009361479817, 13.6761450044412, 15.2696425843079, 
11.5308449751413, 15.4524401613425, 15.9390076825452, 13.2852152173164, 
15.9867943857756, 19.0047017364304, 15.1338889171867, 13.8140043637195, 
14.1915853566961, 19.8496802843219, 17.3396160374735, 12.7764103124756, 
16.4744245852015, 13.7696324752229, 18.2222025354488, 15.1845628427663, 
14.2104896000994, 19.5855047152575, 13.0610926160194, 18.2517598456642, 
12.8511480959257, 12.2542667575207, 14.0744286883888, 16.7924027999411, 
15.2387398516782, 14.3545337218852, 13.5713079581878, 21.1502339291199, 
12.8519741243889, 15.546900768415, 14.4558726864473, 16.740058300468, 
11.7772322590193, 16.4719103025322, 13.2712006468787, 22.5361371496599, 
12.2644853347676, 13.6375195604484, 14.089190844767, 15.859130740148, 
16.9849278369074, 13.4293224043153), dim = c(100L, 3L)), variance = structure(c(2.70537245351763, 
0.308914119557009, 41.1148688419074, 0.553696202651061, 5.85492330772505, 
1.58424637950378, 1.45427874817482, 1.63098756762667, 4.58377362042977, 
2.142968755158, 1.36753078710094, 2.60018495772193, 0.522256728436677, 
4.12391836169522, 1.56098820205745, 2.32395915090684, 2.27536777554788, 
4.45941072000826, 1.78087791406289, 0.408173342815445, 2.03307813150669, 
0.552928979983073, 1.28292532287702, 2.42961960820587, 48.739749402755, 
3.20148167279228, 1.2352188067113, 2.50763290370563, 2.54481012839136, 
1.70332947491998, 10.276635378488, 1.75378028139456, 0.866735951276245, 
0.437046321589744, 6.62510651341328, 0.551487126533179, 6.69706398175618, 
1.21010110069113, 2.39678038594579, 1.3569835181811, 4.11014710320815, 
6.81285924706423, 0.830007560628758, 0.608886641415233, 4.73427591206735, 
3.69968366969789, 0.546611670680956, 0.679898415068241, 0.736626497672904, 
3.15642003908807, 0.375429451306303, 5.58109779742766, 0.888461304109624, 
1.82125022146522, 3.27203474061975, 0.491459821744947, 4.9441223597899, 
0.752642312951004, 1.33359224429363, 0.923333568537676, 4.95524282474768, 
0.815650335124081, 0.320758202303581, 0.287316533225873, 1.5714507873023, 
0.367485072283426, 0.531370658557864, 1.89528579738142, 4.16043532688673, 
99.9028134516815, 0.895832963038568, 0.202693137898479, 1.02924553686197, 
1.23994653116957, 2.47399330322438, 3.53462211151793, 2.23505468485307, 
1.1832106012665, 1.19134386472529, 15.5336080077085, 1.38899888223154, 
1.4304193107576, 0.399513115188232, 0.868285801353518, 0.266549904672758, 
33.012272058798, 0.659905784475539, 1.36570975346232, 0.415617992910706, 
18.2814783299437, 2.49235585060086, 2.92205448289349, 1.22894517903261, 
1.61667590277184, 1.94908281843962, 1.07124283163459, 1.15380646454392, 
1.79307384886306, 2.89362103770553, 1.42107902237324, 1.60589680750719, 
0.222011386659974, 18.9541028212621, 0.264655741188079, 3.30338068110227, 
0.751135945853462, 0.892430031224565, 0.555203253581058, 2.99296332743504, 
1.67932618110589, 0.612270069377416, 1.68601378369504, 0.406464697510842, 
3.75605381424856, 0.808313743505811, 1.53894385370074, 0.807267804252098, 
4.83681781481631, 0.665349423455046, 0.342716459120692, 0.459017035752272, 
0.437511466505622, 0.807055719126189, 0.681952727861938, 13.2639837370266, 
1.50855261498155, 0.751105895759573, 1.12732978299954, 1.19448058930658, 
1.10284537064546, 4.53602036874237, 0.82174231034446, 0.466277118355913, 
0.305788884952045, 2.39591890630354, 0.295913804669664, 2.88720841057771, 
0.657838859010542, 1.67512767618981, 0.615473313801008, 1.3733478630286, 
3.05985306096557, 0.451088123856592, 0.292542271578265, 1.72339204287607, 
1.81215431298588, 0.310029913236017, 0.334642267733954, 0.533461411640766, 
1.53282570572935, 0.271362290134053, 2.09432794936329, 0.451938212020797, 
0.929767405818313, 1.41866567991149, 0.356628747007612, 2.09616065250259, 
0.521189381943646, 0.758100127010323, 0.807118289514021, 2.36005693171968, 
0.447711514318045, 0.200820925658001, 0.194892620969212, 0.86577116991177, 
0.256820785298856, 0.375531050370556, 1.05179449233154, 2.02591283075455, 
43.6335863992768, 0.535909971015917, 0.142978990287977, 0.516872395788013, 
0.625261278242516, 1.25824314445615, 0.997138747637726, 0.848284853774196, 
0.481336799604405, 0.659156578972706, 6.81009543371851, 0.911136363290391, 
0.71862986912043, 0.261692520664335, 0.470529226715654, 0.14377484426877, 
14.489242124708, 0.360701315233405, 0.618449878983346, 0.30772550794596, 
6.64043905478507, 1.67784773099825, 1.42580175096202, 0.726042347009225, 
1.14515737915571, 0.922054335078353, 0.682249208604232, 0.592542352330213, 
0.611942044060524, 1.25380598731067, 0.595247189415268, 1.25885113900921, 
0.21256677255633, 14.2616505991928, 0.234531234883061, 3.09679868439864, 
0.719978194328829, 0.711943774659971, 0.481310491431597, 2.54051849809292, 
1.64355185995975, 0.578092205294324, 1.81082236742639, 0.35864785271805, 
3.45582868659826, 0.722546733312944, 1.37549734060733, 0.666115997946779, 
4.73531843699637, 0.505214012866404, 0.339972413023752, 0.406160318862767, 
0.421595486905999, 0.768438585504672, 0.637290987982761, 10.1883053904916, 
1.15735270627505, 0.640773607030946, 0.926885348272179, 1.06479306684986, 
1.01376711202949, 3.54986968030734, 0.664825770093416, 0.445720444831012, 
0.271740966574235, 1.86271383773048, 0.256299926802413, 2.30825303612629, 
0.582967280280547, 1.54297879433766, 0.485736051358844, 1.33317723399282, 
2.48596710695375, 0.391872432236257, 0.254488778290497, 1.37918512928112, 
1.47735964701996, 0.27591284228361, 0.339470738247697, 0.482124488259244, 
1.21422954860529, 0.254706127878794, 1.7103068944012, 0.371468615436832, 
0.772597684014916, 1.26316489632321, 0.317348016809071, 1.68940291897881, 
0.507517164297419, 0.804200836759353, 0.83866295792674, 1.94584162023791, 
0.366332451682042, 0.206144114120638, 0.18614916895588, 0.803580304392822, 
0.247217257831697, 0.351920382059446, 0.864148631707354, 1.59011317081694, 
28.5914936395918, 0.513725421297004, 0.136914737224922, 0.504664832436324, 
0.610814232525332, 1.19903239099769, 0.734780704923483, 0.661561834072671, 
0.365056288785986, 0.611266575707394, 6.18434001694017, 0.815498716474066, 
0.590592653015824, 0.236610222180733, 0.453999448068236, 0.13335441123589, 
10.7333543778479, 0.321740181511166, 0.521333394786497, 0.30406841904735, 
5.05974074863821, 1.58418003079682, 1.1841772653792, 0.684232081448909, 
0.986006269284879, 0.762351088355426, 0.642127448506051, 0.611559289343815, 
0.510228297765688, 1.03106028180284, 0.596468737701873), dim = c(100L, 
3L)), MSE = structure(c(3.16814004058418, 0.920494430822535, 
49.0361098953784, 1.56606361865217, 7.65765362371978, 4.01812741270659, 
3.68868761413247, 8.64691062188125, 5.11114412776993, 34.4497129442212, 
6.24465951019828, 2.65470615200459, 1.46713292376758, 8.69395945398939, 
3.26577403427642, 2.33471838521476, 3.30928948171083, 8.08004088446084, 
1.84072723228109, 1.01099849976215, 2.19189521813388, 2.38241507119176, 
1.34328107445577, 2.44970352980353, 49.2393059183691, 5.53724970283103, 
1.90452965614717, 9.91855794370503, 4.91546214958028, 29.4774025857981, 
20.6219455230819, 3.23990979298807, 1.12429214643317, 6.1815194354722, 
115.914411734462, 1.82209197998697, 39.7503266609782, 16.7052882599668, 
19.6507546108541, 3.0130951027383, 10.4274600401975, 19.5596959000937, 
1.55060992555718, 0.686071741987203, 5.80678679332562, 16.6418882793698, 
2.33943865526695, 0.722618385461913, 5.29845181027156, 5.89216854983537, 
0.529466465921217, 5.58963273026637, 1.67296009287904, 1.91267098907667, 
4.43953604006798, 2.66905928637848, 13.7056246424286, 0.779838882863957, 
2.89693783518769, 0.939534085615971, 25.7968265596727, 7.02501229194488, 
1.6841243953788, 1.25443867978632, 25.4521893103855, 11.2594446550106, 
0.625871493134942, 2.6326346957522, 5.09464174269549, 158.956182343891, 
0.893097901810654, 7.09115132078237, 1.58483853863956, 2.95862547419397, 
12.2133367474157, 4.57018692785404, 2.44131674804128, 1.17672179151774, 
1.41642402200763, 21.020109247646, 1.97200431129318, 3.93428715009278, 
6.54801038143806, 0.887027742813312, 3.05903921393413, 37.3459540083972, 
0.883677986732971, 3.08121304525631, 0.775778055195201, 145.995487790491, 
6.04295411353483, 3.85850153507697, 1.2241684334954, 1.75521796793046, 
3.38165154024404, 8.5614583209625, 8.21863139340835, 2.0364259506181, 
6.45394234188328, 16.0914884455437, 2.87337510203922, 0.883007483991033, 
94.5939672343761, 1.03505726991157, 3.39155123552522, 1.90828582174018, 
5.50408438680842, 9.92827351645954, 4.38869843139768, 57.4106679627605, 
6.13744079364862, 2.18112936744438, 1.36434709221063, 3.82059981666667, 
2.56641908194439, 2.68269332728383, 2.79423773398873, 26.6108604200519, 
1.65861274686615, 1.0423901100232, 0.814589119469295, 1.38891896812121, 
1.55003772590402, 1.02021925979182, 13.4673474141446, 1.88107140375286, 
0.745694856641433, 16.2009653664673, 4.21712670765814, 36.2904221504858, 
35.9998758913346, 1.80139406797801, 0.482137668789902, 6.0571394993793, 
141.006518760165, 1.42004753208606, 61.5066856384253, 12.1266146591524, 
16.1869466139649, 0.623603477828389, 13.7035506178596, 16.3307272589324, 
0.948774285226476, 0.289728745247655, 4.43236667155279, 31.3963720752309, 
2.24041197035308, 0.714528945249905, 3.76733253674178, 8.44802305838445, 
0.279232809590092, 2.07497644568394, 2.02557287034671, 2.18985788557935, 
2.30600991798467, 2.82936607111915, 11.3487344574795, 0.608235198480104, 
3.87627242029848, 1.59927963681469, 8.14770549079396, 5.4571742434142, 
2.37222290083264, 1.36555126770849, 28.0939619278966, 10.2723326322021, 
0.457245392057407, 3.12375313851466, 5.65191061653185, 270.456718311964, 
0.937253221543316, 5.43663948070575, 0.677583010595639, 2.18583663750639, 
9.46265249761866, 1.55796247562165, 2.33054130924788, 0.721674879141933, 
1.51662354783141, 12.3800071934131, 1.32822325737209, 3.2175717711489, 
4.91996608822827, 1.11581799994707, 2.55127957101568, 20.6412730566838, 
0.460494396048731, 2.4232425139743, 0.515602384711034, 191.021457413813, 
6.2215476844722, 2.27446703963667, 1.34668556543431, 1.1578341281109, 
6.0825900114179, 6.57111308647157, 4.81779980396192, 2.37906211802184, 
6.39483325356171, 20.6852180859692, 2.69337987162673, 0.903305546478802, 
124.312976149592, 0.851134538186295, 4.66842162839333, 1.68451100632023, 
6.33804671553544, 10.4548456248797, 4.17268817305191, 68.4335500087671, 
5.48249480091282, 2.30953663122594, 1.19126990318515, 3.72093919881181, 
2.45895718105315, 4.09153685995465, 2.93663993158194, 39.6153102175072, 
1.88417046082841, 0.932516206107514, 0.953032850943868, 1.14315196314896, 
1.78606043548644, 1.25181316305136, 11.4599148192452, 1.44610798925432, 
0.686412704312054, 17.9387464632926, 4.64743027078291, 37.1231127125086, 
44.8695847151943, 1.43882568468817, 0.443414224285287, 5.95605573163646, 
148.471345621639, 1.27485720855502, 69.1851845487671, 10.1649554757046, 
14.4449827298856, 0.491146352284809, 17.3164802389384, 14.9129946732625, 
0.805864687571517, 0.25194479579587, 3.88067404445355, 36.0788847893701, 
2.13144451994377, 0.812517494015512, 3.60370890427357, 8.69848980415574, 
0.253195336593301, 1.71581940115818, 2.14351559251118, 1.91808254087202, 
2.2361332927736, 2.95620518400537, 11.0556854493934, 0.67396233587092, 
4.11993006800299, 2.32364637233685, 5.5480205458361, 4.7174200855042, 
2.75603190333823, 1.32125771153503, 29.5236692489038, 9.75482485758915, 
0.423529483022792, 3.56681957121561, 6.50068355118498, 327.137998363436, 
1.0747425667628, 5.22846140230257, 0.515992688617858, 2.34884160020855, 
7.55910339077519, 1.50194693756059, 2.66969735994441, 0.653303316827198, 
1.87263342261215, 11.1036626613987, 1.10993201242648, 3.07986833015808, 
4.61523640103911, 1.33095361273937, 2.30951083583296, 15.7400823640016, 
0.349133858578431, 2.566263936855, 0.440182629691096, 205.67696765343, 
5.3708135646938, 1.92928815350186, 1.71367920102368, 1.15604537064748, 
7.80667927006037, 6.17537280902034, 3.58375328919576, 3.19141581405673, 
6.29552143498041, 23.4440718251319), dim = c(100L, 3L)), Time_all = c(elapsed = 18.3500000000001, 
elapsed = 248.816999999999, elapsed = 252.684999999999))
