list(MSE_matrix = structure(c(9.33045031410664, 7.11822959056953, 
8.8424790977502, 10.783744083563, 11.0687873909867, 10.7541691431329, 
15.0807706808453, 7.45395583201886, 15.8058338760545, 11.6452564143801, 
9.8043672289966, 9.22672348705961, 9.03684295558674, 12.5454895456871, 
8.06181613911152, 7.41962948431506, 17.1628715928235, 13.4036724077549, 
14.131626643579, 11.5487303683807, 7.76509556505328, 13.6483215210363, 
13.1954686443599, 10.8215293644771, 12.4110391634516, 7.10529855466287, 
11.2875673749057, 5.6118790702719, 10.8135517896695, 13.1917408928775, 
8.68421893981396, 15.6762658343654, 13.167950372477, 8.20677127354222, 
10.0925881684065, 9.40492955285846, 10.8824644230759, 10.1205415296821, 
12.5016791336537, 11.0043381420456, 9.77719158883971, 9.02156493237157, 
7.65346009320918, 9.63451652509311, 15.4863924977961, 16.0171319789632, 
7.56228013706892, 16.8118302236171, 10.569845374138, 8.65053452613671, 
9.11549334165595, 15.0746630036189, 7.57835743301901, 15.1401889621356, 
12.4047291716338, 8.63937550108905, 6.76696613724913, 18.3962047835567, 
10.2245460365902, 10.01443743211, 10.9703355181451, 14.7621694678218, 
6.72150350326309, 7.94897240344561, 14.278378859271, 9.45545665562925, 
13.9077525574975, 8.51173537492308, 8.22614374425268, 12.7062064782517, 
12.4591710361435, 10.7699979460575, 12.6501084994804, 8.94009416844176, 
12.8890861184186, 9.80609410723959, 11.1000791683188, 8.8568776746046, 
8.67012092414835, 9.19595452086073, 8.754764796497, 9.32439542542427, 
6.56921739062052, 13.319622734555, 14.3844602947551, 11.120791065235, 
11.0446921333477, 9.54304457828684, 11.4220253353555, 14.5362672368596, 
6.42411622008259, 11.9809314004032, 11.1429692677424, 6.53220715186728, 
13.6179562843316, 8.19523141888452, 11.3419032324123, 13.0624535896151, 
12.4527611707648, 15.0505950886926, 9.54218325356504, 7.28481692540569, 
9.09223679568946, 10.2307477622815, 10.9762792121294, 10.8449199340734, 
14.6816189069018, 8.14259586913326, 15.6550424254276, 11.3764881426265, 
9.53265293586373, 9.4711704511097, 8.96667369427803, 11.8607474891555, 
8.0340466506645, 7.6703351942752, 16.9527728113707, 13.4956409568318, 
14.1430290375474, 11.6471301698026, 8.05623486096305, 13.2911381706984, 
13.3459730442954, 10.9623333107689, 12.2077065125413, 7.30880812331495, 
11.6764007495444, 5.64170293026652, 11.0124416077926, 12.4725008483696, 
8.85073793042987, 15.6037894896146, 13.1647189877028, 8.59601723520424, 
10.1277730863128, 9.63641634892913, 11.312352873166, 9.99440474969767, 
12.2604479243887, 11.0657600373586, 9.82871504723393, 9.19231941234679, 
7.83926043230692, 9.50013290239855, 15.6667835395756, 16.1909291852004, 
7.30844043750817, 16.8417372900523, 10.5667489581764, 8.3761853774834, 
9.00630566313251, 14.4081605248723, 7.7855876989092, 15.14476730548, 
12.197084790369, 8.75053665940998, 6.88296971292444, 18.3287709347446, 
10.3867510186818, 9.78841670265734, 10.8086075065431, 14.6825817709728, 
6.9132133878754, 8.42197799252791, 13.7779477128428, 9.4660728493236, 
14.0272429727078, 8.75970974912037, 8.65057203945923, 12.3854702367595, 
12.4035632443104, 10.7209174808053, 12.7620292652234, 9.07505105389728, 
12.648897727309, 10.0162010656388, 10.6686555261503, 8.72800125108514, 
8.48864179525105, 9.06320563486372, 8.43209178887051, 9.28209894360849, 
6.74891846418349, 13.6058757342514, 14.571368651271, 11.1149293892171, 
10.6356635905333, 9.30525010711587, 11.4082552128725, 14.7554005277904, 
6.71703392857549, 12.253859171607, 11.6423427422898, 7.00786732239038, 
13.2984101010381, 8.55899561296185, 10.9873017282317, 13.2263162114995, 
12.0258328338628, 14.822746242546, 10.8494309631574, 8.9405508120933, 
11.3236418492032, 10.5485898321161, 12.1934330270061, 12.33391527363, 
14.9280110160343, 10.8152706407146, 16.5816205778418, 12.2468173787592, 
9.47014758586158, 11.3551675285591, 9.57781984539458, 11.1885983830317, 
9.74767430605856, 9.09410501022202, 17.0284840295447, 14.7072196282009, 
14.7452185401011, 12.6527394785944, 10.395440566737, 13.5421769907885, 
14.479487684702, 12.4733390388491, 12.5265088226372, 9.47288659796973, 
13.4094357283612, 7.7068123100184, 12.8336285638486, 12.1680330791299, 
9.89933054685158, 16.2806142727303, 14.2617707190342, 10.6363436379087, 
11.860173226673, 11.8684924114016, 13.0081298437889, 11.568104479007, 
12.4303146800677, 12.5904726283056, 10.557150515091, 10.4567604456737, 
10.3217330571581, 11.0372781332957, 16.8956988623145, 17.3925824941389, 
8.49151431534695, 17.3927856244457, 12.3929895158924, 8.93034176964005, 
9.26300629126899, 13.8842801566694, 9.69785673327899, 15.6263810181178, 
13.0976289876325, 10.4252858858525, 8.05009863945119, 18.8063765255228, 
12.1075453598011, 10.4860133253663, 10.8736136218967, 15.6971312989426, 
8.50221836007971, 10.7916981276303, 13.5348351146797, 10.5883957954503, 
13.9822326155785, 10.4398956840068, 10.8636214253946, 11.800733858036, 
13.3861530515834, 11.7285958527357, 13.9201098782836, 10.2872675991796, 
13.2366335540906, 11.9986767269253, 11.0168897675335, 9.92052522463992, 
9.51260174332258, 10.1028564696237, 9.95002350037645, 10.2727967654653, 
8.09129009185913, 14.9333497002454, 15.9791026988724, 12.3774293762217, 
10.8303497871642, 9.91752142374203, 12.4041587714133, 16.3797069875894, 
9.34278862097695, 13.4165884745312, 13.9371151842332, 9.28880460322326, 
13.3048535214483, 10.1322453508744, 11.3638349358381, 14.3214811679698, 
11.8231790223633, 14.864609894491), .Dim = c(100L, 3L)), variance = structure(c(2.74130830567251, 
0.439955386911152, 32.4234214860941, 0.899260875695716, 5.87958827181064, 
1.64305929545452, 1.62053778258496, 1.73012748714166, 4.09182523534121, 
1.88370945951795, 1.42715109607717, 3.51785786406703, 0.397002570229777, 
3.33389723397825, 2.40252907262825, 1.64134987394615, 1.74927917490295, 
4.7146943791446, 1.34636207718624, 0.467686182987694, 2.04723415984399, 
0.456410128192828, 1.62685375907519, 2.72371631184283, 44.8560272952834, 
2.89211320918173, 1.50472458030775, 1.85744829680641, 3.17468984176799, 
1.65140327900897, 11.369672979548, 1.96161608564267, 0.840846977209558, 
0.433179449965744, 5.69120962000046, 0.464773635015672, 5.15735246734338, 
1.18427542527791, 2.24398870264589, 1.49500006480738, 4.44100675198703, 
6.58611386739644, 0.92477479526565, 0.711686881386292, 4.92548573224933, 
3.17358523075032, 0.476798613807253, 0.594326369829656, 0.571793256425397, 
2.5847834773814, 0.295575666445291, 3.07446077823195, 0.83648471548312, 
1.62909852146478, 2.44453942060119, 0.536674673026889, 4.37223701494259, 
1.3851631779071, 1.36530116819716, 1.32252008604817, 4.16486780032712, 
0.798640324758083, 0.414760258245296, 0.273549850240128, 2.08048048912707, 
0.333060330690498, 0.309332943645558, 1.74347719897619, 3.38874764835298, 
82.3018499127076, 1.15438742781085, 0.238197328471986, 1.01124356177994, 
1.17599521134612, 2.38921611818351, 2.88130574715735, 1.62059398137953, 
1.19746076703721, 0.764261346230573, 14.7981734802804, 1.73117280761488, 
1.19761654710265, 0.333147988455572, 1.03076689048338, 0.269268627844494, 
30.4654707290348, 0.530737248150663, 1.25252223641475, 0.599751162590267, 
17.6291495992714, 3.23009277122742, 2.43825712943659, 1.44399182437559, 
1.4332272156645, 1.73275631899629, 1.68889438697322, 0.970428180968193, 
1.74030886245847, 3.17109734225212, 1.43302935912325, 2.5554975953379, 
0.394987505084541, 29.0900518195896, 0.813670552514641, 5.01464270734594, 
1.49329430634766, 1.46343576074318, 1.39781179199727, 3.83794585613752, 
1.86369281279075, 1.27511526957862, 3.23282850961762, 0.391094912838265, 
2.95356190281129, 2.13548494409587, 1.45413570597968, 1.51944783204966, 
4.69710278770686, 1.17542246889675, 0.434917969620548, 1.56753675446024, 
0.436436140073269, 1.50781083042129, 2.12635387548408, 37.1064249936163, 
2.46242441571816, 1.37844050214092, 1.68540395664567, 2.85661093588152, 
1.55503678418647, 9.92815686406523, 1.71771402888018, 0.770859069390929, 
0.417051270842759, 4.79790283994914, 0.416724144971849, 4.4842458566599, 
1.08504259440027, 2.10112185276826, 1.33059497285341, 3.6090281203528, 
5.85580706233923, 0.841054259533937, 0.630599946467491, 4.28206334190139, 
2.84341722209153, 0.448891394420907, 0.517786808337084, 0.521105344130044, 
2.27071393295623, 0.284856451562085, 2.53309949996944, 0.753320588829698, 
1.37728067652612, 2.20251614474784, 0.502336238783735, 3.90929841808075, 
1.23304738505853, 1.3115729384829, 1.23598338706702, 3.63828672879642, 
0.717358150362925, 0.376637886260321, 0.261776693605794, 1.94424427696588, 
0.321938814541165, 0.294772500958197, 1.61938505839981, 3.02820438871645, 
71.0768352769279, 1.06896660250784, 0.219598739041682, 0.86601117245331, 
1.0821475585484, 2.15238671317532, 2.36643976709602, 1.40598045268027, 
1.09842959923672, 0.712914835601993, 13.3200772856414, 1.63625421876938, 
1.08619470087719, 0.321054462188305, 0.957060202152003, 0.24675365037686, 
26.0295276368193, 0.502328140841766, 1.10387613503011, 0.553588749725829, 
14.7861422121946, 2.88558128636415, 2.14795805754761, 1.3468589272324, 
1.35849849420418, 1.52816868939353, 1.52066170869121, 0.762807942187659, 
1.44553668700292, 2.79582738328972, 1.11284965859096, 1.94322749269788, 
0.303369334210862, 19.0713723879396, 0.573907171646966, 3.32620864806649, 
0.975972467311196, 1.11915742381152, 0.785258959181331, 3.47886335529455, 
1.85035747855741, 0.957533277671085, 2.39941570187676, 0.368999167536282, 
2.49049725173681, 1.53250350707667, 1.09280835688739, 1.02528810769286, 
4.92835567615411, 0.827114374669595, 0.348359629162706, 0.703274255640083, 
0.397017506014233, 1.23252036547538, 1.01003600238542, 19.3665687265379, 
1.56394757111617, 1.0913406394797, 1.24955991958267, 1.95639003757559, 
1.28915351715856, 5.9428316499023, 1.23728762189583, 0.634473989177011, 
0.386262175045751, 2.62144140526455, 0.314252733532717, 2.81677002854416, 
0.888455389107375, 1.75660957429178, 0.949849439664178, 1.85644391803049, 
3.72732207016856, 0.614338809267719, 0.487270289745835, 2.72260773179915, 
2.02183969174849, 0.38637093777632, 0.408236618235268, 0.415592305412438, 
1.52069057214319, 0.268169149023855, 1.48791101491992, 0.561375116724487, 
0.97885538512324, 1.61639947587252, 0.43058536497339, 2.60768599243784, 
0.867456891985255, 1.18841443148371, 1.12922945962378, 2.38754354689052, 
0.509195371370666, 0.30600054222647, 0.246493614100869, 1.49961895345574, 
0.288016431570879, 0.273849836610423, 1.32538584446459, 2.25107671821986, 
42.4217397266712, 0.881907169397863, 0.18349557818492, 0.594979223325974, 
0.885710074340573, 1.54991504463516, 1.27161903440271, 0.974144853428014, 
0.855460179920509, 0.593451831195093, 9.16576923209607, 1.39758877871301, 
0.856939811594005, 0.323029946443142, 0.803461039522437, 0.21187285286344, 
14.6963391436443, 0.408340980997462, 0.782945378441773, 0.455894274841062, 
7.78747604103798, 1.94951145494529, 1.63633903353021, 1.12800047354554, 
1.17628511718849, 1.17428803728386, 1.15755407863102, 0.437674985018416, 
0.878114788235217, 1.91726951457841, 0.605566197790749), .Dim = c(100L, 
3L)), MSE = structure(c(3.30110841231926, 1.05535949826811, 38.0008485420176, 
2.09847160906859, 8.27701762969825, 3.54820010639162, 4.73306027345694, 
8.64576310972328, 5.10458082592567, 33.867109493948, 6.60273318986965, 
3.54743092754687, 1.27453457278902, 10.1896288720203, 3.39719877134807, 
1.64362936899855, 2.62727091896117, 8.26137161034257, 1.35030728185999, 
1.07847604427046, 2.14130327343033, 2.57756432789427, 1.6715485687836, 
2.7727667350298, 44.4162475331869, 6.00692998091811, 2.00525056070959, 
8.1138186971756, 4.7752262894535, 24.7063958319836, 21.3471307516776, 
3.12176642730153, 1.00241699535073, 6.64885092651322, 119.449776341714, 
1.49144645293772, 33.2589307907549, 15.8491408559896, 23.5084743131924, 
3.19289371103046, 12.2866421225404, 24.0251574880901, 1.5937074104264, 
0.899199510630185, 7.45217514760884, 15.1417011400883, 2.44148410103889, 
0.615364416362526, 5.5494009750977, 4.72312957483492, 0.584518806309469, 
3.23791094878168, 1.62999681957981, 1.72937359706698, 3.22465389659833, 
2.64363965645852, 11.2805721542913, 1.44771042571672, 3.80849521462866, 
1.33019190087259, 27.1650197071631, 7.13977450319803, 1.72556060487569, 
1.30060368907686, 25.290687378587, 11.6100504104378, 0.371263402324662, 
2.40658082309728, 3.67636042359512, 112.838156201166, 1.15113554006285, 
7.51646994350877, 1.63449562758534, 2.74572958722849, 14.7259061620389, 
3.62407495908768, 1.77983112355404, 1.18853477098593, 0.870766754780452, 
19.2636321714806, 2.24407477383993, 3.12268592445187, 6.31018298093025, 
1.05634023836956, 2.97477342212685, 38.987558927606, 0.897961355434126, 
2.46090779471579, 1.04128822915063, 144.519841122542, 8.96112609368933, 
3.18824704435926, 1.45182048314959, 1.91277460449955, 2.84135780702152, 
7.87905401523297, 8.60914602432324, 1.8426443305254, 6.62993549471307, 
15.7416796278405, 3.23541023155763, 1.01396053801092, 39.8889149230733, 
2.02076729666806, 6.73955696782702, 3.26441763026763, 4.85421655680881, 
8.60562106307352, 4.97573217224345, 36.6807174196456, 6.72133087675146, 
3.31410378760055, 1.27805999437676, 8.65108810137784, 3.110473502632, 
1.48103146485753, 2.49177549920223, 9.46193320541901, 1.22721334925939, 
1.12298586242319, 1.65332475015415, 2.41052378561393, 1.63014329214006, 
2.12889520121725, 36.7591058157512, 4.72118720878023, 1.7047578050587, 
9.19153662641809, 4.52696407987827, 25.6161357612632, 22.2668322586814, 
2.80904555285964, 0.905707156889938, 6.67102249023468, 123.773777458093, 
1.4427414499342, 36.6734760207645, 15.2814760313215, 23.036254262197, 
2.52290493814854, 11.8172751126419, 23.368867974098, 1.48926872198205, 
0.765785005580504, 7.10222121715025, 16.7589357936233, 2.47493424659814, 
0.560626789520509, 5.15948189233013, 5.17381687062595, 0.540882091027184, 
2.62799843568549, 1.62692318200886, 1.58680889598939, 2.94688479868959, 
2.61702363192503, 11.1208811881663, 1.25232661166384, 3.99360381006377, 
1.28284364858867, 23.0121072197072, 6.96645583270721, 1.74433547715769, 
1.31566944399866, 25.5167931302013, 11.5533348861249, 0.36333034305517, 
2.43726611197438, 3.50402098658789, 119.583621155893, 1.10117062454055, 
7.14719764107066, 1.50645293673001, 2.65050040209643, 14.4151187082562, 
2.97008726170898, 1.66247914451932, 1.1068412250154, 0.871140392981452, 
18.4090819826209, 2.1249487288757, 3.01036969839576, 6.05980848031557, 
1.04713908206628, 2.95323912135548, 35.3958304521633, 0.85831548701244, 
2.35923946999683, 0.989172470912829, 152.662216774562, 8.90840533175929, 
2.92232081083244, 1.33358583913959, 1.74431725673191, 2.97992250819849, 
7.52172038335513, 8.10459987883628, 1.61601538484527, 6.62570380728667, 
15.8621214203162, 2.93112866981711, 0.989463107620587, 63.8690777821087, 
1.61229708800524, 3.32873946136845, 2.22215507544402, 5.72179756117729, 
9.42481309900367, 5.66510014846597, 47.2385889168738, 6.88449766044176, 
2.69443270407418, 1.16660334147643, 3.9038897336115, 2.43667285078779, 
1.48912123525072, 2.06113428818116, 17.7677070048536, 1.05124985672804, 
1.00940366948336, 0.927555371219447, 1.81104950685623, 1.84036204508232, 
1.16397489410988, 19.5490332962363, 2.37477066055612, 1.13402153553754, 
13.1350893432163, 3.71642314073683, 27.3641952344991, 31.034568757774, 
1.98962649738363, 0.69396984390293, 6.49113987661616, 138.979577120726, 
1.286117469033, 50.8879929786286, 12.9746370954081, 19.8500722690607, 
1.23540452895086, 11.9501513608228, 21.2729857554684, 1.23712824356633, 
0.531983188146507, 6.23166527078294, 21.2879915633533, 2.47882575586442, 
0.485776678163024, 4.16148025785306, 6.82831355981481, 0.40347223646045, 
1.51137726602888, 1.65498895055265, 1.79939067054454, 2.11534887232291, 
2.68134600699823, 10.2427438517347, 0.859574893091926, 4.21251900377335, 
1.46275809715858, 11.664669510852, 6.24079124457168, 2.09022877953063, 
1.35630195392468, 25.2965315491418, 11.3117454383403, 0.386678183241647, 
2.8376940401176, 3.69132201167362, 186.159948684423, 1.18938383911375, 
6.16021551037701, 1.03568407821529, 2.51160794697752, 12.2956637570107, 
1.76615721122186, 1.50230027447685, 0.957553188310117, 1.11567826534447, 
15.0440671628117, 1.72627867660117, 2.86722101391933, 5.45374324857658, 
1.27933383776318, 2.8880797814401, 25.4361052768802, 0.639252571481634, 
2.30324572450347, 0.843961925485126, 184.417895072389, 8.1240101403315, 
2.24687763061523, 1.41995263552283, 1.23165637027015, 4.2189570501203, 
7.00958081474572, 6.09565750723712, 1.48215415480187, 6.64524350471794, 
17.9084690695168), .Dim = c(100L, 3L)), Time_all = c(elapsed = 6.20800000000781, 
elapsed = 2433.81700000061, elapsed = 2510.41099999997))
