list(MSE_matrix = structure(c(9.33045031410664, 13.5626591684329, 
13.8856735533738, 8.23892608852205, 14.7316217039729, 11.4941724504604, 
9.56488201872993, 14.1550806826474, 8.80825244607625, 10.0136445511547, 
10.0336412308179, 16.7719490251665, 14.0512706040542, 14.1088369351051, 
8.56881953088558, 11.8986634067551, 7.46877515125839, 9.15859719516492, 
8.92756658284511, 12.5957638669302, 10.1179478629905, 13.5101672035064, 
11.0676476026352, 7.66530927312862, 10.6790065902687, 10.680944092617, 
10.5973294676139, 8.30358941514071, 9.99502643866037, 12.5877570519723, 
17.1225516874098, 7.71563173873095, 12.8740870052575, 15.3892086180365, 
9.08573690331073, 8.26089149341469, 6.06639858190759, 15.6119598769007, 
14.3858785343165, 12.41174434366, 14.1769360790274, 9.07158833211172, 
10.6530308810427, 9.19152680257758, 9.84700866417976, 15.8983734196702, 
13.6490094568207, 17.7403505171581, 10.4119408955134, 12.6197513396535, 
9.65787220267079, 9.89697980406886, 12.1441694014492, 14.2787202299383, 
7.92005130011763, 15.8786725464224, 6.13317468637658, 6.14152434705719, 
9.71964829326676, 18.6653128931057, 6.98296682993611, 9.00936703247197, 
8.85537005167151, 7.8542545645838, 9.37441504057055, 8.65116901047672, 
13.7823264279148, 16.7379559625242, 11.6483122654727, 10.4332898427577, 
9.91681294880309, 16.4951576884117, 12.0826563127448, 9.30926407348394, 
8.17298899708561, 9.83541287277616, 7.80059895043184, 15.5952264723794, 
10.5065435335902, 6.18937363909549, 9.83821011071423, 8.29613658350911, 
11.1837190613856, 7.52645563467804, 8.55230118049566, 8.28578308542788, 
14.9922385367532, 16.5569586252376, 10.1906540263046, 14.2894523569037, 
11.5635196482734, 8.4047304085244, 10.2947862740709, 10.9583253740868, 
10.7573595544568, 16.8619863092768, 14.6279698546558, 9.30837825198425, 
10.4634528364379, 16.3581259604985, 9.53268538751251, 13.3807851722842, 
13.9486194659309, 8.43274993273994, 14.2608429594946, 11.2959224970191, 
9.4161569839109, 13.9962407162677, 8.81705979705333, 9.97724273192275, 
9.99658846709491, 15.5121898879268, 14.540649377577, 14.2378120190807, 
8.97326183781338, 12.2666698547322, 7.40840356948171, 9.08328511151255, 
9.27439876457099, 12.6412204023673, 10.6574653660748, 13.410378992847, 
11.7384489573417, 7.79890066748926, 10.8362975269666, 10.7869767260273, 
10.5517715052959, 8.07988609884782, 10.0874074435394, 12.3420244523031, 
16.7726720319267, 8.00121249628792, 12.9067401602301, 14.8310131248919, 
9.08853030072018, 8.10733855245498, 6.26965800119409, 15.87780832916, 
14.7988248210132, 12.2377016695542, 14.0604210271675, 9.26041249562472, 
10.5256629683944, 9.18113463672013, 10.2444135267137, 16.2531121576218, 
13.195632274635, 16.7425442654271, 10.5602238953017, 12.7688889438747, 
9.71581773298156, 10.2249701593199, 12.4771304396322, 14.2825343896249, 
7.78230444667219, 15.7796907961161, 6.31931462474923, 6.17491397552645, 
9.37852572073975, 18.0252272567496, 7.10982514247961, 9.11736694853857, 
8.8269115471659, 7.72893195200493, 9.44465023993855, 8.94799630356716, 
13.7632739489767, 16.3349399800301, 11.7992135906461, 10.7504826932776, 
9.96072542552516, 16.445046567694, 11.7903524780694, 9.82448768845628, 
8.3312073070586, 10.1365174624283, 8.05612996500792, 15.5254063058898, 
10.6102976192235, 6.39469896060069, 9.84823401679746, 8.09407538664675, 
11.3577645128505, 7.63995004449897, 9.021517129327, 8.32919526920494, 
15.1820636019386, 16.3822213157976, 10.4489470840448, 13.6245712792592, 
11.1655820542791, 8.22714913619466, 10.8169949863451, 10.8772811559449, 
10.7975671450624, 16.9469714129966, 14.5698452847907, 9.52051046670038, 
10.4427785299412, 15.3474794487915, 10.7826378048318, 13.2925287853173, 
15.2081561269022, 10.9708449252494, 14.1133308654351, 12.1503190905324, 
10.6805267144314, 14.3040221128204, 10.7132464477085, 11.1006496767421, 
11.0208376850317, 13.5762290239268, 16.4704678352006, 15.403967292981, 
10.8645241730606, 13.9846995122492, 9.47300468424388, 10.3749111985739, 
11.3507823642589, 13.7301731062303, 12.7386232042031, 14.31359354511, 
14.1549357036156, 9.32885220931154, 12.16801138678, 12.2827686067859, 
11.615110263458, 8.47865877061249, 11.4140141767464, 13.690664420159, 
17.1249596714585, 10.1853298893975, 14.2303401487635, 14.484719063172, 
9.97876175623469, 9.5128081100692, 8.06711361019055, 17.3013265491038, 
16.6108626814366, 13.6716445028682, 14.5292568788066, 11.1212575151678, 
11.7688067255016, 10.4121727826681, 11.9426606962511, 17.6246612605317, 
13.2846628517763, 16.4466738547099, 12.2403060448882, 13.8893815835091, 
11.2590881859085, 12.1638916405959, 14.282967972889, 15.1868816999075, 
9.10006846317647, 16.8282700735967, 8.12037457034887, 8.63601919503596, 
9.93221939606837, 16.6544521497322, 9.01038492467803, 10.9722903615073, 
9.97490749946294, 8.69484698359627, 10.5569748472436, 10.7543136218345, 
15.2121207913186, 15.9941897183346, 13.1194228016897, 12.4251022960974, 
11.2816714599207, 17.2016294620118, 12.0964757564006, 12.2124411623315, 
9.70595823242303, 11.8188089169286, 9.28147735762506, 15.3537063861267, 
11.8944513235232, 8.02351467026713, 10.457584005603, 9.30556162154733, 
12.7064270400595, 9.09344784875071, 11.2526610369944, 9.93317110505308, 
15.781574166198, 16.4053943028171, 12.8469335394362, 13.5904795056133, 
12.2805979514883, 9.46227443566523, 13.1115352605417, 11.5548221830298, 
12.0559636461856, 17.9686763987921, 15.046141418873, 11.0015054451285, 
11.3519128659898, 13.4599566716789), .Dim = c(100L, 3L)), variance = structure(c(2.88855723859996, 
0.270690888920424, 42.6725951498259, 0.617049899663207, 4.20037067017367, 
1.52750176443458, 1.73531355530245, 1.41554150862813, 5.88691450373644, 
1.59895810914671, 1.66001376390939, 3.05499634891752, 0.469008093955799, 
3.13051288458291, 1.46266483539566, 2.18828366218786, 1.86196496944851, 
3.1853250910668, 1.5085816313601, 0.476181956050536, 1.59031975596679, 
0.585322919506059, 1.09006530419765, 1.46057399273295, 50.7181315001427, 
3.8838394378612, 0.812963288355562, 1.57628595944375, 2.38800095625439, 
1.92466117468558, 8.12326403962908, 1.58412660647008, 0.896158477527005, 
0.439135376366885, 5.11324183433805, 0.463367876572529, 5.31787269362443, 
0.746477905017858, 2.18372041164423, 1.18443956051509, 3.92339363387572, 
7.38448333918623, 0.730766730551851, 0.367517899913216, 3.72480705330069, 
3.93018636623186, 0.512196166897433, 0.546456062670587, 0.66670769195394, 
3.54005818950152, 0.253080911809099, 4.18497734905909, 0.956742345531987, 
2.10402187738333, 2.67120536240728, 0.389791829803758, 3.83212192014595, 
1.5054053362959, 1.82552644925297, 1.09322516273731, 6.07240462890833, 
0.835717329147021, 0.513020875728507, 0.288221147597591, 1.49582192706856, 
0.25164061615353, 0.395779541139498, 1.56526999222065, 3.69763336722814, 
86.7551003099845, 0.715125665254812, 0.225212380895447, 1.14215958767873, 
1.04941921537707, 2.42599291001107, 2.95141882865314, 1.73667953566672, 
1.61490038444266, 0.941952111676438, 14.0294470615785, 1.1300983418599, 
1.44210459475084, 0.388431544409252, 0.626801315514029, 0.287999174829102, 
42.5953169093877, 0.55502870721368, 1.76903300365862, 0.438103076206354, 
17.6064056228545, 2.32917044878206, 2.69006730608494, 0.935331618342119, 
1.55910722853387, 1.62553907192301, 1.25554431310777, 0.694582438168455, 
1.62718990363655, 2.45503976452143, 0.978636506431551, 2.70032693472979, 
0.242157873636743, 38.4419625618379, 0.546430352828696, 3.63814304317034, 
1.37995511878454, 1.54715811050919, 1.11864110552674, 5.52753313181835, 
1.57651466588887, 1.47345654084282, 2.63309141493089, 0.46114737041813, 
2.96552177833281, 1.31407853630745, 1.89866642646799, 1.6525339676657, 
3.13589538529327, 1.33435016900378, 0.453793123433366, 1.19195829790705, 
0.552400417882868, 1.02391058841574, 1.17384969517695, 41.1143332082896, 
3.3569626286813, 0.755994787902548, 1.5169304910625, 2.07771759776623, 
1.83135589645571, 7.18442624160421, 1.41678111208852, 0.816601973675793, 
0.416821001992796, 4.36412595652663, 0.417103868662948, 4.93020947078739, 
0.688916275702132, 1.97117172869715, 1.0434572368521, 3.10232753244561, 
6.47540436709326, 0.670086686776769, 0.327427908441422, 3.10827296180036, 
3.49718732703598, 0.473951492335874, 0.478226692420595, 0.611250914889875, 
3.1524182501976, 0.234806282531324, 3.5955043589414, 0.834414816599568, 
1.87722511197251, 2.36924515310753, 0.365134466783986, 3.39185108293937, 
1.34455549137035, 1.69658401219587, 1.01746532006368, 5.6422387064761, 
0.757819268992638, 0.478153739978838, 0.278908303921665, 1.37725411511206, 
0.238316745163158, 0.3700520160854, 1.44502329521242, 3.37227655680267, 
76.1711570823454, 0.671472218450627, 0.205742063102007, 1.00341597464514, 
0.951273450804725, 2.14380193407371, 2.48394977573284, 1.55804840946346, 
1.42296259951883, 0.845029168594513, 11.8331847470208, 1.06381393251009, 
1.30233233711948, 0.368993387411984, 0.584540693533541, 0.269574711501958, 
36.1248482206736, 0.510451421742229, 1.59077815976396, 0.414862289922349, 
14.7155457023893, 2.17552257733395, 2.39265344918161, 0.878855798720598, 
1.50734652829967, 1.52666872158001, 1.14712426067364, 0.585249951064636, 
1.4036991617272, 2.19967998402915, 0.77407247016018, 2.17911815668578, 
0.184266784167673, 25.992315785938, 0.358353185614446, 2.32413411257202, 
1.03058213404435, 1.06008333325872, 0.608170187547882, 4.81087399644974, 
1.59183776845391, 1.10628354807771, 1.85857275820434, 0.431186348992661, 
2.93326515962637, 1.02672457816589, 1.2672114964543, 1.1973047586549, 
3.66148503487366, 0.993373722977304, 0.415572047122938, 0.519605447320918, 
0.487149712230246, 0.829666350989294, 0.7003832755581, 19.8775489402903, 
2.07376783609769, 0.631594043740327, 1.31345343695688, 1.45441334609295, 
1.60347094724628, 4.41472099307266, 1.07501299989077, 0.657946147882375, 
0.368938576076898, 2.39930441331825, 0.311567708102659, 3.55489167997543, 
0.576827062414083, 1.60052810308, 0.736734299533433, 1.63540092166066, 
3.83276586329713, 0.501522207268027, 0.264009559084704, 1.96220086700692, 
2.59338149508637, 0.402110974426678, 0.373965398414446, 0.502621532109999, 
2.05445081376726, 0.21186008984647, 2.32361042396215, 0.588361865561769, 
1.26170950174733, 1.68932653566358, 0.304595293921991, 2.17790409430893, 
0.971443588639043, 1.46767742847698, 0.935684768745264, 3.9886413827303, 
0.555077754639034, 0.38782658429906, 0.262473514837625, 1.13546431189845, 
0.211631374745689, 0.329328709522913, 1.12595063327672, 2.5748778477374, 
47.2403791920387, 0.544887250565686, 0.163231998811667, 0.751510428473999, 
0.731766017143532, 1.41317968230304, 1.34147739313251, 1.19383709480381, 
1.00344750209202, 0.648338480686271, 7.56423277932295, 0.937863596803707, 
0.994767965304668, 0.330674417337457, 0.472002506231522, 0.232141976517745, 
20.3033668828525, 0.382990133511386, 1.1882981992717, 0.344017110189966, 
7.34822106913634, 1.90090618925444, 1.82863503757118, 0.722881625513304, 
1.29758111493322, 1.32049164853795, 0.934566338772978, 0.435848974640323, 
0.905906537312025, 1.5584755437838, 0.482151782671282), .Dim = c(100L, 
3L)), MSE = structure(c(3.36378966392311, 1.00196727207236, 51.4157121403054, 
1.56947928205438, 6.63171135314201, 2.37455759711912, 4.32095688548684, 
7.84558905376665, 7.73012857178593, 31.8270391544422, 6.89150599655082, 
3.50388261746907, 1.48961118153055, 8.36595920614424, 2.64280246900999, 
2.18288735580242, 2.26048570364081, 5.69970377841473, 1.50089186052593, 
1.10219255166213, 1.67212392926714, 2.75776295489555, 1.0792914893738, 
1.47169611789363, 50.8466871700087, 7.04524988898474, 1.63179102609902, 
8.00427934859097, 3.98032433372728, 28.3985318052739, 15.1346227632154, 
2.8233398555693, 1.04639825410817, 6.65765618529435, 112.729426467206, 
1.42938388843961, 40.3430339754193, 15.570242376852, 22.6979255549249, 
4.00321056776815, 12.3793721998097, 21.9441841020001, 1.45002280272472, 
0.439236709491261, 5.5236668956511, 14.8335288003693, 2.51018691546137, 
0.559675984240762, 6.67134920684114, 5.93967479800733, 0.565324067686741, 
4.33928521833058, 1.93770842255829, 2.40534520513903, 3.26126356728677, 
2.34077372883239, 11.3051506755181, 1.5921550476709, 4.13769844270023, 
1.11619366355929, 24.2723151185378, 7.47824599415182, 1.93637463912827, 
1.34924168316187, 23.3608708870921, 11.6449102584154, 0.479089287893213, 
2.38641667275652, 4.85274073815221, 135.987384177512, 0.737819918527225, 
7.6426585840509, 1.58420590425683, 2.64059809075443, 13.3336687280563, 
3.99525973522156, 1.73583318826005, 1.60270910377685, 1.10887871208995, 
19.6797348148862, 1.71943580649818, 4.6480086760399, 6.59731015380122, 
0.625572323160233, 2.91539889582974, 51.521606543121, 0.865062901768378, 
3.70065730661644, 0.628600206589711, 142.138442524961, 5.45732447567896, 
3.20537487988131, 1.11393994570488, 1.56375378629436, 3.36367540873425, 
8.8196568201728, 8.2832341050349, 1.73629676665639, 4.30800740901755, 
14.4217652971423, 3.3290026498332, 0.969317642301054, 53.2208764416687, 
1.49344676556479, 5.31595514146974, 2.16078984980657, 4.38100205580386, 
7.88522675226729, 7.56262173369233, 34.2215455382775, 7.0979895358715, 
3.20594306276557, 1.50486817004474, 7.32612868631647, 2.46362288078141, 
1.93069924465597, 2.16324282924086, 6.77266121853916, 1.32558371981672, 
1.12431088111674, 1.26976481593602, 2.55894585215773, 1.02604016417, 
1.16489695369642, 41.1800078208954, 5.76470839770303, 1.35212941295964, 
9.22758081337417, 3.72508846253801, 29.5151379103781, 16.5917355838879, 
2.56976476908058, 0.954171811991493, 6.63073950517105, 117.550782626388, 
1.38598883843227, 44.1067044257452, 14.9845660732389, 22.1446039098514, 
3.13581595663353, 12.0587611838402, 21.4045132955183, 1.36846492677759, 
0.374197414178821, 5.24626260809258, 16.5323112967075, 2.51472460290535, 
0.513174110088486, 6.20667420688964, 6.19917759633828, 0.507155627417652, 
3.70624280728547, 1.87685281220083, 2.32411206101425, 2.93364967301643, 
2.34035776251746, 11.1318086836838, 1.38297991274812, 4.24366983854122, 
1.09128163070206, 20.8780407879299, 7.30122592911647, 1.97533601985911, 
1.37785301711545, 23.6005961386336, 11.5542071103098, 0.464949042032885, 
2.43546048839713, 4.82700421213836, 144.493616125413, 0.667875010140014, 
7.26352377356026, 1.46243396661107, 2.53453008690279, 13.0306275305023, 
3.31899863700075, 1.61647205201177, 1.42789422861445, 1.07670831862101, 
18.1013037692444, 1.62273504104131, 4.48196661491147, 6.36919090200775, 
0.581135068590183, 2.90881665142157, 46.0920301889117, 0.806649974855217, 
3.53506916117527, 0.60138632971644, 150.161601788943, 5.6141554636786, 
2.91370204829177, 0.94373380969376, 1.50087830131769, 3.70238905035584, 
8.4307932286451, 7.6941459918341, 1.59432406301098, 4.39757148283373, 
15.0545669221272, 3.21904534846711, 0.967510350632235, 75.8165416010489, 
1.15198425357546, 2.31927262229553, 1.57303352245545, 5.03101042182921, 
9.07898876785492, 8.42500660937704, 43.3207046883387, 7.36381979922032, 
2.82139788698617, 1.42696032565409, 3.94978509994911, 2.05066206279041, 
1.74257390684954, 1.90430061545203, 15.1583684407605, 1.13715807036233, 
0.986410321096523, 0.741921487149828, 1.9357863303596, 1.11057185062683, 
0.880573147669814, 19.6860596164782, 3.10384272687302, 0.807745242270035, 
13.8625281411882, 3.15797712670976, 31.6506860798305, 26.9330984504196, 
1.8616721800926, 0.739261482413997, 6.34996971271041, 134.907565467523, 
1.20680654892021, 59.5959030533356, 12.5749887001061, 18.9496363665783, 
1.45459510922232, 12.552813813939, 20.1124611567704, 1.16681603160704, 
0.275049480270642, 4.99704793203813, 21.4989419324558, 2.41553470513751, 
0.461817308246311, 5.15277053849346, 7.14912161539654, 0.342504979450183, 
2.42707051929202, 1.73913808112073, 2.31786352317569, 2.04350973939933, 
2.44029666080902, 9.87932674187503, 0.963341424147436, 4.34877917622445, 
1.37117380297094, 11.200129283812, 6.53293703004998, 2.33960888491678, 
1.45138769671585, 23.6984741654309, 11.2030786130316, 0.478738835404239, 
2.8227496778233, 5.45870613823831, 211.232729045182, 0.63661098562735, 
6.2508668144195, 1.05029125057549, 2.34878977645464, 11.2533362617531, 
1.93477045691531, 1.53809967967805, 1.09855820830856, 1.29883986930814, 
14.2857840248072, 1.35232216384387, 4.21157021494554, 5.86311378713444, 
0.648981158202913, 2.85538479330794, 31.3319082953991, 0.559564292289273, 
3.4286029726737, 0.508058141603072, 183.456635455563, 5.94788351582198, 
2.18741839436581, 0.787406189403086, 1.3488236841879, 5.47736189801577, 
7.79235495129018, 5.53973439047503, 1.61151867369602, 4.72725501847772, 
18.232852871599), .Dim = c(100L, 3L)), Time_all = c(elapsed = 6.12799999999197, 
elapsed = 1467.70400000003, elapsed = 1515.40099999999))
