list(MSE_matrix = structure(c(12.9249651343826, 13.9144702498937, 
20.5531486195572, 18.1353732342796, 16.0412460740949, 21.0999297402742, 
20.9603074969563, 16.7968675825907, 17.2790814018169, 18.8586652023877, 
15.3344021715063, 18.7557768063037, 12.698848415305, 15.169918742262, 
10.0273573390077, 16.1505532393691, 16.3961595897706, 19.7145013061565, 
18.2488580406655, 15.4652830696381, 16.7212577724091, 14.4385110138741, 
22.7047620030601, 9.44513981541357, 25.0753119662672, 21.9664653459289, 
14.8299224076138, 18.1333419688743, 17.7544287298615, 20.7136580863203, 
17.1021556454686, 26.5978725911876, 19.7517185470403, 13.0867738005317, 
11.0891625036895, 13.8263521549731, 11.5019109227525, 13.6267063758087, 
12.3400196537503, 16.5817466191152, 16.4516323016315, 20.1667811899349, 
13.9512807101047, 12.6466529680272, 16.6195880797391, 23.5815212304035, 
20.8626010770986, 16.9307505102473, 16.2547154473821, 11.2685280808445, 
13.1830619714601, 17.0217996563317, 21.9541695819624, 19.5165902425465, 
17.0761875956178, 20.913431859123, 14.4875342421775, 15.270352216987, 
20.9069071138653, 17.6169840368183, 19.5757579667117, 21.6565740294086, 
24.500672180092, 13.4500483165558, 16.0959660194186, 19.0153104733139, 
19.3426590120088, 14.9825919021582, 15.9270147709254, 21.6802490088259, 
16.6297824045329, 23.5344867071129, 18.121594212049, 23.1174264430866, 
14.8997763413549, 21.2056549489613, 17.6976730532888, 20.1627225859922, 
15.5500496833782, 23.0480041157169, 22.5620944725193, 24.5885023466419, 
18.4641838339162, 23.9235190166514, 12.9467389060773, 20.3637119759876, 
18.8395779850087, 14.8626082360284, 15.0409704460469, 21.6371551906368, 
23.372376952599, 16.3910261590884, 14.7993078301203, 15.1027956230064, 
12.898047142502, 12.331232810584, 12.7087217247715, 17.027836415453, 
15.7353597072211, 11.3911224578585, 12.8340847407571, 14.3811066114526, 
20.4205078337659, 18.324665457878, 16.0325518387474, 21.2156921763783, 
21.4738785676025, 16.4745369822685, 17.0924282565582, 19.061159833198, 
15.8325379358658, 18.6019278759185, 12.3890652156888, 15.9455441861663, 
10.5947490656063, 15.4015155447916, 16.6638675351102, 19.5323969044642, 
18.5444069063116, 15.8175202084401, 16.9484815736739, 14.5154029540486, 
22.5181406036243, 9.9350495856467, 25.1811218509918, 22.0616291927642, 
15.0234683412683, 17.554229354695, 18.3523533497973, 20.7321699203889, 
16.9419558465126, 26.2375411923781, 19.8326386180321, 12.5146183633175, 
11.3349454078344, 13.8076731847653, 11.5839688136535, 13.5484122603131, 
12.3809873194693, 16.6996209406796, 16.6886369582939, 19.9545236886791, 
14.0963387533594, 12.9755778312761, 16.4834634627727, 23.4974113988721, 
20.8076560035002, 16.8216978831836, 15.7900767004829, 11.3444720697964, 
13.6399838791598, 17.4410955673507, 21.4743197865602, 19.8426767874767, 
17.2336155076414, 20.9915010232226, 14.2091734000453, 15.2157112818629, 
20.6385427217526, 17.6098860812018, 19.0916656240283, 21.5713456198952, 
24.7673858069837, 14.1561193220573, 16.1544673308746, 19.6849061685939, 
19.4525513273394, 14.2197437286835, 16.2361665397903, 21.686516579186, 
16.1015976117038, 23.1508514998684, 18.6195616518576, 23.2098509892298, 
15.3017072654971, 21.1732114657813, 17.8488362668719, 20.8161086065684, 
15.6164730287264, 22.1959386953719, 22.2270148716299, 24.3148879460315, 
18.6347987605005, 23.8700706290455, 13.5414749147854, 20.5396108465262, 
18.797389006195, 14.4711290051655, 14.7824308317737, 21.4194867621723, 
22.8729511102721, 16.0515277460055, 14.6583775684647, 15.3255119015707, 
13.0435249467183, 12.2184237049048, 12.9285989413316, 17.1053337088074, 
16.3785510262351, 11.7282388947896, 15.0516213304423, 18.0998423653254, 
22.0018606898784, 20.953760605299, 15.8403851288204, 21.3440087717964, 
23.0819099779912, 17.1772503711797, 17.085606664152, 21.181704033963, 
17.920776293796, 19.7019267478873, 13.188989138429, 19.4046698987308, 
13.4287597396192, 15.6352659712934, 19.0579686658659, 20.0560176036082, 
20.1883658940992, 17.1745012461335, 19.7587587175802, 18.0582064294704, 
22.7804425162279, 12.3012898721575, 26.5739966264117, 23.3233033939835, 
17.1305202425066, 18.4022555759858, 20.4446880525519, 22.4474630450446, 
17.9692301502368, 26.1486012387646, 21.9647779238536, 14.1704470491685, 
13.1653009712365, 15.3797771121362, 14.5871543521221, 15.2303692749829, 
12.9657676860761, 19.0431587301454, 18.8563417699532, 21.4555016552022, 
15.7287756556284, 14.6121591794456, 18.1175158402745, 24.294150449853, 
21.8865418415192, 18.3018562872385, 17.117520210489, 13.3360271215926, 
17.037303703954, 19.224402949203, 21.5331230150933, 21.7003656050158, 
18.8448205556689, 22.0707488485137, 14.9835898908053, 16.7477629543115, 
22.091122854141, 19.4005773272157, 20.2071704842251, 21.9408883854081, 
27.3030491040339, 16.2617744478355, 17.6445136292997, 22.2076178592446, 
20.4458851009484, 14.5559698244408, 20.6452501704127, 22.538658349688, 
17.4939353984718, 23.1926733992805, 21.397002740027, 24.1431937463608, 
17.2908545272247, 21.8037907781943, 20.9053452093717, 23.3821268372684, 
16.650386038806, 22.4481742697415, 23.0120481119196, 24.9704803674417, 
20.1483042114224, 24.8459640666805, 16.0222232762316, 22.1781965322134, 
20.1916874064305, 15.1855511636019, 16.3661619668471, 22.142364882304, 
24.7424989838608, 17.6423493873735, 16.3105984671406, 17.0585832648195, 
14.477797794956, 14.0792079034995, 14.7508674009076, 19.2565891951355, 
19.6609657197875, 14.2876649496114), dim = c(100L, 3L)), variance = structure(c(3.24132706882703, 
0.863131917713817, 53.5284486148902, 1.42495624458414, 8.54477890484577, 
3.12642373066408, 3.12133272372019, 2.86371378929964, 7.34341115178332, 
5.25570945168708, 3.07774985525434, 6.152796718872, 0.922169440966224, 
13.5946594000732, 3.29967375630879, 4.73671948061114, 2.43169058563358, 
14.4657327118014, 1.89067264886086, 1.38177922224255, 2.29838374193066, 
0.954491315380142, 1.96953081514332, 3.32699727440303, 36.1658139805407, 
4.78812704085028, 2.28591018660186, 2.7385328443139, 6.41350891308787, 
2.64561893392991, 12.6008323760137, 2.42266431078196, 1.44258134352191, 
0.965357958777069, 6.45044317125769, 0.911327770588736, 7.2750258763611, 
1.77896849995566, 5.65759947316776, 2.06969594352389, 5.06317710089596, 
9.3003626432135, 1.18188618916005, 0.743376535884693, 7.63043616637241, 
4.56188398197553, 0.895116086797992, 1.89210512578841, 2.44787377419452, 
5.23475077787135, 0.749906393549367, 4.8677796355402, 1.53401425633428, 
3.661083003278, 5.62325549693777, 0.982966725767868, 4.49288725831668, 
2.66409905781564, 3.86954016730386, 2.3197984172933, 6.88059453169492, 
1.30419291141607, 1.64164809657352, 0.548700225959529, 4.70204639077743, 
0.688304487720161, 0.860503735760723, 3.21757135137011, 4.57208058798049, 
114.703522551398, 1.55306374590007, 0.531533962869925, 2.2959064276571, 
2.35449025437511, 4.32914364737957, 3.62796691287649, 2.26667802784664, 
2.06460466951215, 1.76269582270616, 19.4919873469669, 3.08413191321503, 
1.88313658750824, 1.11299508902593, 1.71002454052384, 0.463766952971764, 
63.5064585645294, 1.19474387103522, 2.6575548727, 1.25195981135276, 
19.7723158098445, 8.78055449358261, 3.25066818051929, 1.89738689255989, 
3.06556202267806, 4.39109075533115, 3.46843647180133, 2.672590010911, 
2.29681263250426, 2.99306539457831, 2.78289452699458, 2.90922983443664, 
0.787686811513397, 45.656200503032, 1.23147564539469, 8.03339727385615, 
2.72334995002575, 2.78487596949613, 2.29125197021307, 6.09373486724097, 
4.97193750303571, 2.7573439968127, 5.57911223706676, 0.849344287577814, 
12.7414312261969, 2.85012478983962, 4.44782988796578, 2.16002786309013, 
13.5937322046944, 1.60014110346525, 1.31712298234867, 1.76216267151717, 
0.862591316786665, 1.74547944202786, 2.73008826717814, 29.8554016698395, 
3.97985571681997, 2.06699268920013, 2.48785964261242, 5.73177000510956, 
2.45221558951646, 11.1477401071599, 2.13988109340444, 1.31231080388334, 
0.885221841251375, 5.62021538077837, 0.827896002498835, 6.52278083085091, 
1.65398086028325, 5.03789895937232, 1.81707218184973, 4.63271014537655, 
8.02444206967503, 1.07525461712032, 0.671976840520357, 6.55986581111052, 
3.9560858365065, 0.784788964561991, 1.65184700699947, 2.20008672507116, 
4.33581833108008, 0.714462853452755, 4.17593321983778, 1.38588735691343, 
3.27213198869787, 4.88166067184188, 0.901373268118099, 3.99580301501206, 
2.30172124732951, 3.54431300098027, 2.2134225618186, 5.98407356634041, 
1.18745578284916, 1.4570477686673, 0.502605683787014, 4.33201365107266, 
0.645811102234776, 0.815776491065826, 2.95024525937465, 3.98839911636846, 
95.4912393935485, 1.37821558141263, 0.495071816422718, 2.08649049359269, 
2.07980575803367, 3.97141674752037, 2.95630973978791, 1.94900220599765, 
1.80280640528892, 1.57795639835785, 17.1122074210881, 2.89996109059834, 
1.65813940867768, 1.01140527622465, 1.52259697707906, 0.414463992607228, 
54.0978050239814, 1.08935569612565, 2.30530540447817, 1.09993617888647, 
17.0421922043134, 7.80242479529875, 2.78063081023384, 1.66703971719798, 
2.77504663063568, 3.84079369752825, 3.16265995780347, 2.4474995969017, 
2.04536233689147, 2.5913086578204, 2.49755017323641, 1.99559824998858, 
0.666588368383166, 28.5188236753254, 0.840971386066077, 7.2006654971699, 
1.94297506000508, 2.02575259458747, 1.36402497617369, 3.34711760820686, 
4.10208587001887, 2.03957305612948, 4.14599735088367, 0.731963983777928, 
9.37814291742897, 2.01621927619077, 4.58688752812946, 1.53229380524107, 
11.8282540826714, 1.01728475067532, 1.03782071625915, 1.00217133441092, 
0.695131670628593, 1.18583458812429, 1.6382306162024, 16.3438508725393, 
2.39572284327126, 1.63646218092278, 1.70418972784173, 4.0573471576502, 
1.92939318029648, 6.67419189964665, 1.74606394685343, 1.14354807935852, 
0.711169576685189, 3.13558706640954, 0.618483323596844, 4.10719637052412, 
1.34575409042296, 3.94532313836835, 1.18806612974761, 4.42463991060128, 
5.10505966592625, 0.825797013366861, 0.545150041509955, 4.1304642819536, 
2.6544639698381, 0.537634239206028, 1.23276122038815, 1.80749419362147, 
2.5771439231765, 0.683953544090676, 3.54008078884674, 1.02737721052888, 
2.85589767553703, 3.28608501346006, 0.726295087759939, 3.12096158575845, 
1.50653749113711, 2.80258071169812, 1.9765852250032, 3.65388307210097, 
0.912996101599458, 1.03904754966794, 0.384952197033197, 3.29268720265769, 
0.610778410656277, 0.658492071366175, 2.17745873811722, 2.78793568681703, 
47.7277708098338, 0.947888181079937, 0.387272267435043, 1.753074366411, 
1.52220005227474, 3.63714652506987, 1.55602913209217, 1.31465444774464, 
1.20643241214924, 1.16064355814176, 11.0243861798125, 2.29968283610063, 
1.22127729094358, 0.811257058933575, 1.02814421359403, 0.308384617374727, 
27.915408710597, 0.869658708668031, 1.63595075522676, 0.794655149674404, 
8.84413968446398, 4.83059798171992, 2.02811274600231, 1.11314917713837, 
2.04264311862537, 2.51057677531604, 2.35507705467133, 2.19139755241621, 
1.49035385877535, 1.66202852745302, 2.09595954189422), dim = c(100L, 
3L)), MSE = structure(c(4.91741419085173, 1.29121968748538, 104.485452468166, 
2.13976310065134, 8.63327492790813, 4.16507207810961, 9.52299152290392, 
12.7620844482685, 8.07130188474643, 70.6984724271746, 6.80488418489338, 
6.5927756825, 1.7344725783325, 13.6854272525823, 5.12905132965273, 
6.08373519552094, 4.93218228112392, 33.1783744089231, 3.25060959493904, 
2.09751365540327, 2.80270571701907, 1.68108460395828, 2.99945671514483, 
3.74303830272774, 37.395052005957, 4.82058003572611, 2.3534436613265, 
16.1905269186808, 8.94057073066001, 38.5962458145517, 42.140401212496, 
3.15600451187386, 1.43970867012049, 7.13102218263808, 144.014081004521, 
1.802968374843, 63.6863493374438, 11.4709697825105, 20.224256223414, 
2.05804519276878, 18.3284248111201, 22.8865509877518, 1.36869513317531, 
0.769365327972395, 11.2316200124165, 42.682309017668, 2.79882424139876, 
2.20500525996166, 6.15650416434169, 13.7091630206549, 0.743275838521325, 
4.89649628094103, 3.6863850775441, 4.98179173126165, 6.69457623025119, 
4.04019796718526, 12.2276738841621, 2.7999295967792, 7.54666489655333, 
3.55498997463278, 15.4161103918387, 4.95069960302272, 3.84774755243273, 
1.6948741198249, 31.808962794319, 9.96276707242684, 0.853158106033042, 
6.30040724100812, 6.57298547249237, 303.420690923654, 2.12682486048517, 
5.09905364584103, 2.4037619340247, 4.01037697298172, 12.2847066451607, 
3.9947319943481, 4.55494221915768, 2.55475158511664, 2.43580433211058, 
26.3273266752726, 3.21364498215572, 3.89120080848115, 6.13606844568465, 
2.72327363363325, 2.61388215282946, 74.9426661517283, 1.27063864640045, 
4.08359965068627, 1.45890036671701, 206.21654586395, 15.1953970705141, 
3.97106539240619, 2.93027273486256, 3.03930670969234, 10.6239327868002, 
8.67381983985597, 6.88140618340155, 4.14628878049692, 8.13423580149776, 
22.7770474039164, 4.5988294455667, 1.23335737085696, 111.80880791133, 
1.85858223428347, 8.64333213083863, 3.66795095832922, 9.78636971395942, 
12.4753540535989, 6.89554111600381, 75.2513328489999, 6.41208902829056, 
6.03444566212514, 1.6138470726099, 12.6290259583616, 4.6499372446612, 
6.48803537612442, 4.88788939483377, 37.7598526872348, 3.21519021240042, 
2.00474631120138, 2.35519009187769, 1.47674007122171, 2.89642859884024, 
3.26659485102412, 31.9695430564037, 4.00801605334437, 2.202916161378, 
17.0403495917542, 8.61851037045628, 39.3665292075134, 45.0435199408563, 
2.76918296418619, 1.29960797372205, 6.97306211531485, 146.783636500578, 
1.73947587048181, 67.0735370657097, 10.781691506553, 18.7543072498933, 
1.85043032221475, 19.3720153008481, 21.1585060505131, 1.25265341323224, 
0.686681440903404, 9.92741905887444, 45.0364111777394, 2.59638789046366, 
2.10465131514743, 5.88438556812961, 13.1671674339727, 0.715517497335577, 
4.20190702388107, 3.5413112708978, 4.67406519964145, 6.0182741317491, 
4.05028136960277, 11.9485722252203, 2.50330792008409, 7.29107624930588, 
3.76145366823929, 13.0565092982298, 4.57449244344938, 3.81184696577981, 
1.65336090355909, 32.4042551260608, 9.6907070370942, 0.807802571967573, 
6.2599077660001, 6.51075685060407, 316.426726237818, 2.02929346950669, 
4.95952084952153, 2.10193779655037, 3.81545156286383, 11.0746231509167, 
3.4368252535329, 4.60258002272209, 2.31790243580048, 2.41157511485281, 
23.5172175351159, 3.01004740834327, 3.67005254973115, 5.86985746516244, 
2.6559747836415, 2.40839378245281, 65.1337026521495, 1.12180472621865, 
3.8484069349788, 1.29113277274388, 210.56996372516, 13.8242863700249, 
3.44790632578863, 2.93614222104408, 2.75150104980466, 10.8942027363903, 
8.13138450518266, 6.0349814635566, 4.34733431640785, 7.77967092760368, 
23.7933807801012, 3.88894949728286, 1.17500245212094, 155.688390548508, 
1.30014022416582, 14.0369256364096, 2.77326673041293, 11.7803747284512, 
12.1137039247604, 4.30204920818258, 94.3580969590416, 4.67718344264117, 
4.33970888684247, 1.33435993495438, 11.1932470778259, 3.69135168141057, 
12.0212608097887, 5.07981164537381, 64.0014355890627, 3.58470184665229, 
1.49361203858474, 1.88787569762454, 0.9994109873618, 2.6490131792037, 
2.55071403078838, 23.4020787199286, 2.47150147590729, 2.05977504533478, 
20.4336639213483, 8.55093074161609, 41.4480396205709, 59.7480845067032, 
2.23176540627118, 1.40632066162713, 6.3998201985186, 158.460564720033, 
1.4754112069517, 81.781401143026, 8.2635846113725, 14.6831736409863, 
1.47327950778623, 26.8555449093547, 15.5013246909927, 0.984549966226449, 
0.55526681132338, 6.33009015035779, 53.0669680481518, 1.97029504759205, 
2.12605568003652, 5.64825091354555, 11.5883120722386, 0.790690858569191, 
4.00858266813768, 2.87999696709524, 3.8175550170479, 4.71979389349824, 
4.37032519664363, 12.1093198986266, 1.8302954960811, 6.8824213674537, 
4.94441907839681, 7.41508198037979, 3.48637096620407, 4.18245570281957, 
1.50948663945546, 34.979399158763, 8.69462361529217, 0.65699571712509, 
6.41936398286968, 7.61160183505245, 387.997863915086, 1.76006046233527, 
4.78231509195087, 1.98274877605889, 3.6702124576245, 7.11713345142088, 
2.81652995549903, 5.40140715244654, 1.61683292979986, 2.56078271840559, 
14.7831167133378, 2.33719537442087, 3.28699784119378, 5.20520456324714, 
2.38077047035082, 1.75655368259198, 35.1292868301702, 0.886357262356413, 
4.21782003004129, 0.918541542296154, 231.33828269867, 8.40732205046552, 
2.81966125445995, 3.09072430176479, 2.31946242579679, 13.3259697860468, 
6.63667526146323, 3.29195149400039, 5.65587402957004, 6.80074199921069, 
31.1094564296933), dim = c(100L, 3L)), Time_all = c(elapsed = 2.44000000000034, 
elapsed = 181.959000000004, elapsed = 184.882000000007))
