list(MSE_matrix = structure(c(11.4616665879705, 16.8196938010149, 
16.3457733849404, 9.42220014285639, 15.4663569485144, 10.1779059257321, 
15.5202860053805, 18.0505291935019, 18.1492223845247, 11.1403776652959, 
16.662918579382, 15.9205128339663, 17.1174748440914, 15.6795938678373, 
10.0348860966935, 18.1363766377631, 14.8292780965573, 21.4939703206393, 
11.991504611998, 11.6834182741211, 10.3679799903065, 14.8702211631331, 
12.7139385852314, 15.1929664356359, 16.1471301527345, 15.6307709003255, 
21.7998599796869, 12.954960579996, 12.3414492793113, 10.3961323676815, 
18.481811311837, 10.4331632005928, 12.6713840978172, 14.793088190289, 
10.9661785263201, 12.2983757652612, 12.4578053269791, 15.387459152373, 
14.7543429487425, 12.8951307595273, 10.4134765198656, 20.6668795092983, 
12.0140668712584, 14.9871920719607, 13.2463436702836, 10.0544748126339, 
16.0770709950975, 20.1776470332116, 15.1392825539396, 12.9510876819872, 
14.0002874921703, 11.7200021502805, 16.6028918169956, 10.1691585589626, 
19.2163073056422, 12.2703780376861, 14.3297846244327, 16.1129595190042, 
18.3862037813047, 13.7092197359474, 8.34580923319933, 17.7757511435447, 
7.63979206789643, 13.6989625403523, 15.5946810251099, 9.19123296792545, 
12.0469355865097, 15.5246328575696, 12.6386160651522, 8.05014015569894, 
12.8040949223647, 23.262318889518, 9.34283574179945, 10.8682812554487, 
13.5169271093651, 17.1420725149071, 12.4498745942106, 20.1185516122282, 
14.7993385724217, 17.420120036365, 13.0645998853024, 14.3082541720673, 
13.2738263152193, 13.8193670520375, 15.8951374300695, 13.6409061955211, 
14.7980151272687, 8.81398366313908, 17.8871756659511, 14.4550843284772, 
9.69185722341458, 18.957438744059, 9.40610153771084, 13.0817799625406, 
17.2344231381654, 17.9292286134345, 15.7355375980227, 13.6210774047081, 
12.8728825776236, 16.364454896252, 12.5379018280048, 17.275503150524, 
16.5090048445045, 11.5950123397356, 15.4506400014205, 10.4428373696444, 
16.4263919099338, 17.788993584395, 17.1640292640423, 11.6911136007024, 
17.5770761138831, 17.5808764592292, 17.2550392182101, 15.8156057391067, 
11.0222304720984, 18.4314129470288, 15.4615648851172, 21.898756885077, 
12.8546054055847, 12.9444528426122, 12.0658621628198, 14.2887945140167, 
14.8204032504629, 13.8612530018036, 17.6835439605641, 13.8978949787759, 
22.5461936452965, 14.0410928127622, 13.5058380814689, 11.9369636589543, 
18.4695613712362, 11.5125596607282, 12.5036744832293, 16.5899381624641, 
12.3285091891348, 13.8466073569862, 12.6206790545644, 14.330552265051, 
15.4496852576108, 14.471691157364, 12.7096035966528, 21.8678479023203, 
13.0520423942108, 16.9164161512422, 12.7999273207094, 12.7540583054323, 
16.8328737632682, 20.6302808520856, 15.46176659486, 14.126179386057, 
14.6619132467811, 12.3954945943182, 18.5120562217176, 12.7648469582642, 
18.6947945575542, 14.1438760140832, 15.735595318665, 16.4178107479958, 
17.205491297612, 15.8615347836634, 10.3897131375477, 18.8891960596706, 
9.06187798505417, 13.7756829965719, 15.986887995136, 10.6460255478717, 
12.1192253290529, 17.1786317946217, 13.3732575165001, 10.0855853641877, 
12.6597417783236, 22.5905857795384, 11.0302009593548, 11.686534809714, 
14.0165055415801, 17.5346994487104, 13.8660136204264, 18.2624731365029, 
13.8974537439357, 17.6886539189565, 13.6856267796722, 15.6647268956724, 
13.2106532570083, 14.484721329965, 14.6944675896278, 14.0374803105308, 
16.2806719199242, 10.276140718009, 19.2240448545834, 14.4944810609005, 
10.7520796202351, 17.3531073631286, 11.1785602874082, 14.3557206886308, 
17.8249617098827, 19.5209435325524, 16.6001992605063, 14.2285956571264, 
13.4868169598502, 17.7784934893405, 13.6439160486586, 18.2861918106243, 
17.7760219670348, 13.8328264965713, 16.7615755432182, 12.2809538028867, 
18.5920772309034, 18.1088531120459, 17.3246962623882, 13.085232291345, 
18.6244930051078, 19.5545222004859, 18.3684653753978, 16.7913466868207, 
12.1823566912788, 19.5178832838232, 16.9328054868775, 22.7489259672276, 
15.1461005685357, 15.8172529041166, 15.0482246302076, 15.0384147058761, 
17.4536190813858, 14.253991598208, 19.3087224954655, 13.6693171242402, 
24.6276392580365, 16.2555464125644, 15.4171058931162, 13.9451600558242, 
19.3082888188815, 13.6418097500236, 13.57085811401, 18.8580357359067, 
15.1037210816858, 15.5403780481382, 14.3161361714057, 15.5227441903743, 
16.6672252710274, 16.3508858592081, 14.6759877593096, 23.3364478209034, 
15.1711387434869, 18.5209919113374, 13.5822661468062, 14.6836438235303, 
17.9731715566115, 21.8007964617934, 16.393262090804, 15.1837131475042, 
16.285716125553, 14.3768627110805, 20.4641176655651, 15.1074923140779, 
19.1840098524997, 16.1277337691322, 17.3487017113044, 17.3680171941217, 
18.7605251337378, 17.8220523676112, 13.1359611235018, 20.3999120980966, 
11.3466173703647, 14.3227493694688, 17.8778234448724, 12.0456678697958, 
13.6191458343475, 19.1989365943023, 15.4526962887154, 13.3128941409434, 
15.2306146611127, 23.7747546346566, 13.8044753589083, 13.5251301641154, 
14.8000199606046, 18.5654614276561, 15.7214299372488, 18.9322192676627, 
15.8917719861466, 18.6662266333536, 15.4648535331242, 17.7837536392467, 
14.5643470156481, 16.080693463115, 15.7890490759074, 15.101795389029, 
17.8067670478587, 12.4320705765054, 20.424136254989, 15.7842497660444, 
13.0430182103878, 17.7440729926694, 13.497835270995, 16.7104428206593, 
20.1497096064941, 20.8604411926628, 18.3554265819564, 15.7036639929785, 
15.2907710810597, 20.1126361666864), dim = c(100L, 3L)), variance = structure(c(3.11311385367779, 
0.596304611553053, 49.1124262025828, 0.629864282621542, 5.63309087845624, 
1.78326072424441, 3.12202731606758, 2.62009650928542, 4.2628459939983, 
4.33330967340387, 1.88461212753534, 3.68260998297393, 0.740521129600175, 
9.2246724724958, 1.49330293819178, 2.30762758232137, 2.42609898358571, 
10.8629928036694, 2.07681025777041, 1.07664877381109, 2.84064842328073, 
0.786548578683078, 1.25678278172738, 2.76996771634826, 46.1068847142307, 
4.59591691378668, 1.82785270779323, 2.65522447530569, 3.9431152467564, 
1.95958566967866, 10.2941198821536, 1.22987323091709, 0.969023809046939, 
0.816137808747206, 6.09620775069726, 0.599050863398786, 7.0322743435693, 
1.43719152979172, 3.42392642768775, 1.37386751542272, 4.71024556154722, 
8.54002935234815, 0.865896537582451, 0.762824865853371, 5.91508388687228, 
5.46060057387193, 0.924852069321631, 0.824037781032412, 1.60368367456495, 
4.14888260570878, 0.480643691604424, 5.01715162501695, 1.21749103637167, 
3.10010571966443, 4.31877114675865, 0.831120375467867, 3.90496376407037, 
1.71340882768221, 2.1667711933923, 1.42373164663062, 7.91559495227196, 
0.924813879589132, 0.798440553009563, 0.404152004243516, 2.57678465518968, 
0.519994266085959, 0.675645886428779, 2.70777644494001, 5.29130490715258, 
107.667907876886, 0.901776704035939, 0.260703816424387, 1.31631235315127, 
1.75266115097589, 3.68864994342821, 3.73681860673128, 2.50332064228111, 
1.64506122601909, 1.38542994582727, 13.645355121846, 2.27249994455048, 
1.83309561283394, 0.752620609203653, 1.02442762915289, 0.501653017146372, 
40.070692508591, 0.849774782269425, 1.84448894150034, 0.774108428212163, 
15.4362091934415, 4.47330560265192, 2.30187740203854, 1.31878405631685, 
2.34402332650409, 2.66026587158153, 2.17732001649822, 2.62915588388195, 
2.06761003897139, 2.70857644489057, 2.9912057762189, 2.16522771304888, 
0.453085431096742, 30.5155772460941, 0.425925428780412, 4.66420968412068, 
1.30545230168661, 2.12672137517342, 1.44856535445859, 3.23613028519797, 
3.86652246537165, 1.32504714139104, 2.85579259301651, 0.624625979638532, 
8.02532881570052, 1.15900540222643, 2.08477439107564, 1.72475237888887, 
9.78689298853781, 1.41772245965506, 0.900548957783811, 1.4069572022866, 
0.71611182810978, 0.99073367049809, 1.49398413349403, 25.8533380553509, 
2.63221715353653, 1.3428537742151, 1.88323556810086, 2.5953894446074, 
1.47112939976293, 6.49439813530769, 0.880913982092226, 0.740456872956673, 
0.644940980575543, 3.69359459363181, 0.425535220650088, 4.57129546002798, 
1.1868833137087, 2.76922232341262, 0.946941296320646, 2.69298286777062, 
5.40494894366072, 0.622640044861736, 0.573476133611133, 3.4414535562844, 
3.82076932398256, 0.679421810464041, 0.54876655423081, 1.23791840403026, 
2.41736602007408, 0.409797067869502, 3.32737182845344, 0.907190446391989, 
2.39695606441894, 2.7198348809346, 0.704893647560534, 2.47643288922896, 
1.18074510396887, 1.89910949528919, 1.26752579079629, 4.90480231498597, 
0.645674839959225, 0.560227090045516, 0.328345923460723, 1.88163500821389, 
0.407103860383333, 0.553165848119144, 2.04568245831998, 3.67263351349572, 
66.7930481496608, 0.681563841896973, 0.24594908293862, 1.1105567936882, 
1.19049179415203, 2.75620209039343, 1.92801972124864, 1.75309192421673, 
1.15391812655767, 1.07042452396154, 9.18333866965448, 1.87818084019039, 
1.23343016086716, 0.55743640582957, 0.749708995620004, 0.375970731080021, 
24.4289317452315, 0.57856484038965, 1.35949533883833, 0.574684899566406, 
9.01264353511054, 3.315801451357, 1.61492121363337, 1.01192707524645, 
1.8176257320651, 1.61777468125552, 1.66239564963946, 1.4921011474059, 
1.45208432515013, 1.62406320474214, 1.58313300847813, 1.66883844485497, 
0.393007855877188, 21.3029843662044, 0.322172751379792, 4.13424016487123, 
1.03144019059684, 1.65282546058454, 0.97945771527655, 2.52309719017552, 
3.56055375717263, 1.03814165968389, 2.18188244656245, 0.528997407055103, 
7.12009787392693, 1.0895299099864, 2.20631415706989, 1.30922285432312, 
9.18798168856132, 1.05644922621743, 0.779140976456427, 0.821751439263576, 
0.640851618374416, 0.813632852369397, 1.15756813583049, 16.3563558566992, 
1.72638957851073, 1.10506788577068, 1.38292286031141, 1.84735013398415, 
1.15569913599368, 4.40220572633145, 0.795641590319601, 0.662533599657784, 
0.553694214758224, 2.44718669009874, 0.380854546043454, 3.18807636792546, 
1.06841370467972, 2.45390461870425, 0.712356795690347, 2.06520016528125, 
3.78977677662174, 0.490288730051494, 0.505790009783454, 2.37383922631202, 
2.85305031570023, 0.550667763136454, 0.468484194597992, 1.06973653884113, 
1.60067359038118, 0.387632982930947, 2.52655167962467, 0.766559110649314, 
2.14692787784209, 1.84225593581089, 0.612112561990785, 1.8278923078064, 
0.883381309200913, 1.58807624229807, 1.27194397480184, 3.33766462040784, 
0.488027727238759, 0.461846153045926, 0.276068718840413, 1.40289609756383, 
0.358414366878099, 0.480451740332661, 1.64603363172901, 2.85591938183622, 
42.8521092260093, 0.565793552116077, 0.235368949090857, 1.16348082725023, 
0.978770129798713, 2.3561320396113, 1.16110384408804, 1.3224053724108, 
0.895405915054368, 0.896391139030728, 5.9191141856423, 1.64186874403882, 
0.972943017955632, 0.481496401049729, 0.618574691634755, 0.296033228778112, 
16.430951780512, 0.449444379106079, 1.12478071930701, 0.52293842875928, 
5.92242344030431, 2.92722805176465, 1.27700575185831, 0.812406444967177, 
1.55498281347686, 1.186687853963, 1.43241560010354, 1.27184899702883, 
1.22379970822696, 1.14324407964067, 1.27749680802131), dim = c(100L, 
3L)), MSE = structure(c(3.97331800783588, 0.994524789977655, 
102.075676052499, 1.2248383920182, 6.22584414262922, 3.46509794663115, 
7.3275193013295, 9.17237453210158, 5.43687289126118, 47.0802772555372, 
8.85014718879774, 3.76186928906788, 1.93835129806972, 11.0865967135682, 
2.69358781419459, 2.48736482287332, 3.15259542759815, 24.2369780022898, 
2.21317158232823, 2.37290944723092, 2.83830539878493, 2.96856738626246, 
1.70660682587516, 2.74226820415989, 45.7743571770074, 5.74488691070022, 
1.85621679961149, 13.4750159486415, 6.55530291492126, 33.229581894922, 
28.0717905596322, 2.45906295146982, 0.993492431705558, 8.15920442222541, 
134.501894953646, 1.50827486726906, 51.4319052926796, 13.3943699116893, 
22.9052728389569, 1.57320401522655, 16.0542661300043, 21.5294748125712, 
1.23891444943191, 0.812764330970768, 7.83364995602986, 24.7699940268757, 
3.20973087229072, 1.01436138043654, 5.45407473821303, 8.74482106441148, 
0.675201172642223, 4.96934584041933, 2.02527470786744, 4.17448918169566, 
5.50484821960408, 2.78147198273285, 12.6475658861441, 1.71176176795769, 
5.5795506829316, 1.78407840136375, 15.8743443266559, 6.1875943659674, 
2.34965378169515, 1.67925405866042, 29.4990772414302, 11.4578812161188, 
0.758396385185318, 4.27404662714462, 7.41610925114227, 194.74096549103, 
1.20520412260981, 6.0656138244877, 1.62990669070476, 3.95300081795639, 
12.0274388717599, 4.49476034736821, 2.90064835112416, 1.73727438940557, 
1.85096378247743, 17.0995751909347, 2.64065655581455, 4.68224450751905, 
5.76070862039469, 1.61011911297859, 3.04924282000633, 47.3084160080932, 
1.37270013851729, 3.25871724266674, 0.982334027436153, 189.816041236119, 
10.7496059097259, 3.46835702599636, 1.52409110144348, 2.3392311325789, 
5.58430224199698, 7.41984193694551, 7.59408184176392, 2.74935501502019, 
8.08231573530854, 21.6157025290924, 3.44560663820098, 0.868102067690664, 
126.343788924283, 0.914786569557406, 4.70534746446465, 2.43827213116227, 
7.46686993059944, 9.49043975295764, 4.56884848098339, 59.4000223710447, 
8.03317236921436, 3.07607767943209, 1.7884301273264, 8.19021611140504, 
2.38736254148237, 3.07910073947445, 3.04540362948389, 36.9701326738184, 
2.06013382523463, 2.14348107533516, 1.53999860240373, 2.31254581483754, 
1.82439021213506, 1.73678892066051, 25.6294315224938, 3.23512481513856, 
1.34110905167334, 17.2108647064124, 5.89485142465912, 36.8299965101522, 
37.6480845521569, 1.79726595362247, 0.733526046048069, 7.7984765647161, 
146.202592445318, 1.35219666492567, 64.295421707668, 11.517581148828, 
19.7405699235562, 0.940996462561091, 16.9905207607853, 18.1847714057861, 
0.918958507039759, 0.573580902834983, 5.7336006331468, 31.7288784203467, 
2.84905300565736, 0.91727128001924, 4.42761003668005, 8.49125008161496, 
0.46330419546619, 3.30987097339282, 2.22259297205628, 4.10646546922364, 
3.96894432404137, 2.85239137315296, 11.4106992354587, 1.32940291099063, 
6.17863594716046, 2.16002672575156, 8.52384379305633, 5.13805983689789, 
2.67631484057274, 1.70317369761749, 30.733209184855, 10.6352032965473, 
0.619823381096304, 4.20625651489027, 7.23085334862874, 243.658861780638, 
1.25656317068507, 5.36488168592612, 1.20850333676604, 3.34139749349374, 
10.0106021386852, 2.60988643444725, 2.86694055601452, 1.47253080265808, 
2.00577667265404, 13.1532855082989, 2.25312785835581, 3.94548401460434, 
4.97829119946655, 1.76026750535417, 2.57496537992506, 31.4094938387019, 
0.854379109375014, 2.87487078052433, 0.721158531095411, 210.242887054562, 
9.83128157079567, 2.71892743223452, 1.75106718407545, 1.83077276294764, 
6.57890683596723, 6.20571416726594, 5.53712449699883, 3.09726694032565, 
7.37667779171587, 22.1363273990091, 3.11135643286607, 0.848488147337657, 
161.297251044901, 0.702491476556636, 6.38746474651477, 1.92964310786349, 
8.4373607312307, 10.5831406098147, 4.22809164074197, 73.1730052206679, 
6.51179005616737, 2.35139925440887, 1.58434856812708, 7.40873135195886, 
2.2900012959148, 5.36176966078391, 3.12581673482207, 55.9372009089738, 
2.21689835465054, 1.75888936458835, 1.30448978472519, 1.79976864805276, 
2.04031797502584, 1.90486359980216, 17.2885714970789, 2.21353609140607, 
1.1878393100598, 19.9163590343335, 5.73003442717065, 38.6774321623081, 
49.3487381454138, 1.47094020951551, 0.695893092612732, 7.47397859849697, 
154.821147922973, 1.28703961282294, 76.0002682620131, 9.60042336340888, 
16.5773397575079, 0.812566839583611, 21.1715598115243, 16.0684831236883, 
0.744251270724074, 0.502441128907899, 4.6105993966242, 37.3663435600814, 
2.54270441558791, 0.958141875088626, 4.1204230368727, 8.26132468189435, 
0.384995637762505, 2.50938196707225, 2.33444954746807, 3.61237518930792, 
3.06930914419284, 2.96703234766922, 10.6643259707036, 1.17941634612103, 
6.28263528612489, 2.96152861561123, 5.20448335567172, 4.23474818346525, 
3.19190865672746, 1.62914759767144, 31.6685928065753, 9.84935719586346, 
0.535563833525335, 4.41507343931279, 8.26510948075484, 311.187132833182, 
1.36236651833033, 5.01681123689795, 1.15499763696463, 3.20876234302686, 
7.79075135533808, 2.14468919433326, 3.15438919987867, 1.29771731575992, 
2.41010455818501, 8.75852016790541, 1.94021758179868, 3.70368460805204, 
4.54167850930679, 1.9276588467121, 2.13438072680947, 22.6217218759027, 
0.516464247597182, 3.15600122266286, 0.609565434513773, 227.193177360146, 
8.39753876570633, 2.27245839756831, 2.15381047704404, 1.81983230574771, 
8.59031292769071, 5.57838151971347, 3.74609591226249, 4.07487473153329, 
6.99225389930216, 25.6064655259266), dim = c(100L, 3L)), Time_all = c(elapsed = 7.42299999999977, 
elapsed = 828.382999999953, elapsed = 838.194999999992))
