list(MSE_matrix = structure(c(9.33045031410664, 11.8905751995554, 
13.0101957144232, 14.6262224608638, 7.17747298025333, 8.89988359187807, 
10.8371910154803, 9.85305827996101, 9.4474375260281, 13.6643820901822, 
9.88671346566109, 8.27002874233613, 7.19684153654181, 9.43016393207824, 
8.91188770868404, 6.78581711897761, 8.21947098007847, 10.3174686738722, 
10.5900519594899, 10.6409753087812, 14.7664095101536, 7.85791472970379, 
12.2713546265707, 14.6676807705411, 9.98172659239408, 7.06669521790173, 
9.83967248672811, 10.7728391117164, 12.5885958306609, 11.0919697354378, 
12.2702020659446, 7.29669974538044, 12.335427550826, 12.948198933361, 
11.1257476724186, 9.20433765058202, 17.3434531764086, 9.35284772728284, 
9.64545617199317, 10.0162293355031, 9.59858195160502, 8.6860102832371, 
6.78793023460825, 10.2372294690002, 8.28483268049294, 7.89774663155819, 
8.76549928791666, 13.3853140490238, 10.8427069248639, 12.3228122876977, 
12.6819559782598, 12.3833501384911, 8.96292802884698, 11.4136414573506, 
7.42398675975972, 14.0705689942977, 14.3472047976363, 12.6130349002592, 
9.79673956131624, 10.7319885031633, 9.16726094195894, 11.5764468990776, 
10.9914227920501, 12.2736315423558, 6.70488971317368, 14.9472468942094, 
17.2602593364232, 12.8454471559668, 7.63113939914483, 8.89059343708696, 
9.36614694762719, 6.65927115068353, 9.50587108977732, 8.8740601046524, 
12.2809924663596, 9.65438729713398, 16.8774873471351, 8.05171324917839, 
10.4613220489349, 10.7875769374004, 10.9281587976169, 15.891329526882, 
7.75202645282362, 9.20156142296313, 8.89271726380766, 18.6095321691016, 
9.87061153230236, 6.97452755943739, 12.0546935048213, 12.7299646252038, 
6.9207656760746, 16.3101272207265, 7.66364828890583, 14.0954352214488, 
7.77401252180665, 10.809967774908, 14.0322369001112, 9.77608327943268, 
11.5101191854064, 12.4606755253398, 10.3782115729065, 13.4686845279221, 
13.4183934563391, 14.8503855184188, 8.15855427806716, 9.18544504410256, 
11.5322199684769, 10.7553987725443, 10.3115518595907, 13.4800362050306, 
10.6167021268933, 9.44463896150083, 8.43396651442785, 10.6706025516996, 
10.2669497587925, 8.08261170952858, 9.01587996732178, 11.2226793294118, 
11.3321504596656, 11.1206492976303, 15.6759223989033, 8.08974813523586, 
12.6170577907877, 15.9338624437964, 11.7379969640948, 8.8309580777234, 
11.1711908107191, 12.2429495916037, 13.4337548849641, 12.7353193667262, 
13.6165311315451, 8.04077376533025, 13.2155961347481, 11.9717642664722, 
12.2464020305212, 9.5863279453339, 14.7627033368734, 10.8706195703441, 
10.7823780552628, 11.2151456131559, 9.96913400003237, 10.2878328171072, 
7.85527320317341, 10.9589106231686, 9.50103858293078, 8.54565153839873, 
9.49564501512603, 13.9016745467012, 11.7071467317406, 13.9553409284439, 
14.1601552873772, 12.3975793979118, 9.6337164908322, 11.3399213644338, 
8.16938132874202, 14.7261827681453, 12.680780509175, 13.7528639442629, 
11.1193424813702, 11.8678260914245, 10.1455470233229, 12.4545794319934, 
12.682557092117, 12.1534566431251, 7.3572259877594, 15.3848059346318, 
17.7097546685527, 13.9950151901026, 8.70580291932446, 9.08802547262846, 
10.300965248218, 8.16613010251804, 11.9508506459639, 9.67768526607339, 
12.9979298932069, 11.1196598000025, 16.2330054167557, 8.88427963484237, 
11.7048194139073, 11.8664592267294, 11.3607949505647, 16.2764371254735, 
8.33533898917171, 10.4280517213582, 9.65310850824205, 18.0784173320257, 
10.9994152729908, 8.79616796707434, 12.9916915755497, 14.0721441468408, 
8.24608924249605, 15.1814081092243, 8.43294606840438, 14.0624666401146, 
7.98543787637152, 11.3369503686198, 13.4458286775344, 10.3379081584645, 
12.9334803110282, 13.9367463782827, 11.554070671503, 16.2048322559485, 
14.993835187076, 15.5916422145285, 9.7330089445232, 10.3399700694941, 
13.1903210028532, 12.0467107498578, 11.9819834554655, 14.175651052133, 
12.1465222012824, 11.9526950872583, 10.3662931190128, 12.5743815106181, 
12.1010312416235, 10.0760799125745, 10.7352579114553, 12.7609766667355, 
12.9162096940051, 12.6257983681228, 16.6484221233451, 9.64889059565168, 
14.4432563190839, 17.0208170181602, 14.3731450904124, 10.8103110799302, 
12.7129106516656, 13.507655704614, 14.6868087501663, 14.1253046910846, 
14.9336073608163, 9.44681421242698, 14.7244443544767, 12.3133132225207, 
13.7536462451821, 11.1679844271553, 14.541985427286, 12.7404522520094, 
12.7553652381728, 12.7020786544587, 11.8980617255063, 12.5166899377182, 
9.5027598179751, 12.470779789127, 10.9389114913861, 10.0267082764677, 
10.9254695953662, 15.5884468666575, 13.1543510473818, 15.8461824579191, 
15.8926679290773, 13.8158873282196, 11.081340921759, 12.216757023612, 
9.63721848966139, 16.270185988093, 13.5497876920351, 15.1207026041126, 
12.8257077173374, 13.1750762969027, 12.013591899945, 13.9615568842383, 
14.4849929528487, 12.7581622741949, 9.19762184601406, 16.2719672255605, 
18.9490194482599, 15.4851863165743, 10.607444330131, 11.0444573546482, 
11.8914050465573, 10.1712883654093, 14.3989771604047, 11.0348550522269, 
14.6557676050262, 12.9745430934968, 16.6990126697654, 10.1971994756326, 
13.651040584151, 13.2905063078253, 12.6740163281612, 17.5326840520948, 
10.0192710493305, 12.0645569001211, 11.4415619397882, 18.4647224550695, 
12.8987382284876, 11.1265160244345, 14.1756641497661, 15.7947820188672, 
10.8771686008528, 15.4047107816572, 10.2516154475618, 14.3971320202667, 
10.0839646062257, 13.4294678793826, 14.2790803117551, 11.7229444006752, 
14.2681136730398, 15.4819802298752), .Dim = c(100L, 3L)), variance = structure(c(2.49845957434409, 
0.317277229485825, 30.0242582874722, 0.671369566453596, 4.94764180999388, 
1.60240619678652, 2.34409779113625, 1.35988585753411, 4.5997957585027, 
2.21790932554583, 1.18634015531474, 3.4247373384382, 0.360706255552008, 
3.32289702849803, 1.55489085756115, 2.31249265138594, 1.83089875596526, 
4.55383346265106, 1.64791656747784, 0.480888715211273, 1.76919427076335, 
0.490490490899295, 0.93168142106158, 2.0406523721473, 34.8770272435938, 
2.14767839988015, 1.03384873454275, 2.14897812567713, 2.49679864840557, 
1.42156136121783, 9.98538775999751, 1.83956561008013, 0.787030022387976, 
0.252111408473367, 5.95405220093426, 0.586249018286371, 5.95417230641835, 
1.11728615248874, 2.37042041906206, 1.44482658631483, 3.19318311723763, 
7.04425164229177, 0.701355349676305, 0.465584968502676, 4.49257934366552, 
3.7826914135945, 0.598660702422431, 0.631560804585392, 1.13054298885904, 
1.70726842448481, 0.281448432677451, 3.74148736301439, 0.956487125796018, 
2.39972302403312, 3.45692296551198, 0.358712492604749, 3.06989209841365, 
0.952924253202883, 1.70304609851242, 1.20003620601446, 4.55066965606791, 
0.682416741900132, 0.423417704430753, 0.255855121511525, 1.37441403172344, 
0.268827319317961, 0.308049498905102, 1.62818456616407, 4.38601223484051, 
83.7351795453834, 0.756585871162285, 0.2203803731178, 1.05827713653818, 
0.85549607460464, 1.97391772449561, 3.30228697158246, 2.03431717426088, 
1.73195146110841, 0.867018973195973, 13.4057133366013, 1.56731064981962, 
1.6743469746698, 0.347739449609529, 0.815628709617895, 0.307403778714621, 
28.4713919179877, 0.617213665263594, 1.70128318853659, 0.55450159504744, 
15.8276118489054, 3.18594502371854, 3.21551964807857, 1.00841848756021, 
1.38390581538026, 2.17727992322502, 1.17760463630883, 1.60764191252298, 
1.58290188745365, 2.88550279896261, 2.06733428498333, 1.87890643643156, 
0.224905881260257, 21.4419756016144, 0.449335719615496, 3.41787974319447, 
1.14000708560904, 1.58718386996031, 0.753982284952954, 3.66479026909584, 
1.88272803967806, 0.807285289816393, 2.59021848035972, 0.350904105969933, 
3.18401763629735, 1.13399498956893, 1.71112839114018, 1.21421333592562, 
4.48699075897311, 1.10696075075392, 0.417599828927352, 0.796704797328385, 
0.420776067409143, 0.680248131761863, 1.05254030841664, 20.3893912617276, 
1.39240179945245, 0.803669527218936, 1.4800205889943, 1.60477626342924, 
1.18439834662474, 6.01499959813748, 1.30280737274057, 0.597491026838876, 
0.227061317450311, 3.46122423883848, 0.432642915164131, 3.91854438583744, 
0.800291653617067, 1.75763108921802, 0.912441017233636, 1.67913092279324, 
4.43011509176142, 0.479405893515541, 0.323027495409786, 2.51785460479781, 
2.5262052002875, 0.458679434325926, 0.395446216789691, 0.857857672621581, 
1.24805487594305, 0.245232400697869, 2.11178304524992, 0.697676553479099, 
1.55890713099832, 2.09801394584804, 0.270706833500206, 1.8625261644913, 
0.652505917373367, 1.33910783101389, 1.01391141492954, 3.06658441283133, 
0.460181485819362, 0.356960337668875, 0.209197530655795, 1.02099018221044, 
0.215335297219156, 0.244468425554305, 1.2679833428742, 2.96015406446752, 
55.3303954906019, 0.535748542700911, 0.174382822446485, 0.762181349622629, 
0.59169691243618, 1.40769532883743, 1.82051991472337, 1.32014846426396, 
1.14217434471081, 0.588774097994141, 8.38614525837047, 1.30554948716268, 
1.19365922929056, 0.278439147324232, 0.577428992008689, 0.213487837930041, 
20.3619813997197, 0.466983335446927, 1.09472309564954, 0.447339046580905, 
8.86403010862453, 2.20650875333954, 2.24398157743789, 0.722360956381512, 
1.11060518892879, 1.5558909183228, 0.898263196765673, 0.788830166783991, 
1.07300609760204, 1.76121189882005, 0.951268779926403, 1.47427342781228, 
0.186140579966747, 15.9411173441299, 0.33113889672603, 2.75364873239673, 
0.890816815407732, 1.26847156226185, 0.584771088039345, 3.17081969682663, 
1.80948987665669, 0.648594600977783, 2.06763356164205, 0.319137221679519, 
3.18455450130783, 0.92339843945327, 1.54354111099041, 0.935211466826696, 
4.57106104089234, 0.83588995378338, 0.408369213969682, 0.50570826508385, 
0.362996363828115, 0.551750059071368, 0.744350368028997, 13.0702815324039, 
1.03266552618135, 0.682734979283678, 1.06936181833199, 1.19734047612926, 
0.986680705542186, 3.86363133285545, 1.03480095688615, 0.523042052503245, 
0.213751579004613, 2.15868180992034, 0.352240158627001, 2.62240863659345, 
0.669578881207363, 1.52195704172623, 0.687624807828361, 1.23682996190593, 
3.03787851891411, 0.354589454296289, 0.271375526916856, 1.6743951597974, 
1.9362957041701, 0.392024824456216, 0.343344698147907, 0.716407366389278, 
0.984128426602452, 0.225152424506087, 1.47663516797843, 0.576323454929896, 
1.31085642827664, 1.49979359976884, 0.223204185696456, 1.28623025051328, 
0.513927248654354, 1.22034225930188, 0.939809559226881, 2.16023409774039, 
0.348138156433722, 0.317270933705702, 0.181005384338099, 0.838617041000707, 
0.186990923304886, 0.215279071577951, 1.02529210957259, 2.29738500580832, 
37.2501093243414, 0.429009261727304, 0.152609128018563, 0.691874336101739, 
0.472811396209937, 1.13916717105571, 1.15720208017739, 1.00713507563138, 
0.864432343601935, 0.462305260545735, 6.07943662973993, 1.13020112773435, 
0.971473909040423, 0.251250374560428, 0.461982884740978, 0.170944605670399, 
14.5068525932513, 0.370376289261771, 0.828426464569937, 0.389038565833307, 
5.5396702509645, 1.73994722114922, 1.76896706406613, 0.579520213589972, 
0.980742299192244, 1.27339146182571, 0.772121276857729, 0.587809884651147, 
0.83434691665505, 1.2899074132256, 0.679298034133157), .Dim = c(100L, 
3L)), MSE = structure(c(3.4881359824325, 0.914956567227847, 35.8347480029395, 
1.54917576264499, 7.20907836778593, 2.90238175218759, 5.29638037244109, 
8.22424890448139, 5.34069936216723, 33.663078509178, 6.11882715296447, 
3.83070833720411, 1.39783541954779, 7.31709582826383, 2.93515379642037, 
2.44266156989441, 2.10450638968623, 8.8933157294563, 1.63808594956645, 
1.17315569410067, 1.93786333671416, 2.39586738123934, 0.936728382718891, 
2.02024588925025, 34.5991032914774, 5.82536404448876, 1.56213070211121, 
8.40459421029425, 4.02841138624599, 29.684895427957, 19.9761419789058, 
3.72031131724604, 0.994027478339222, 6.16436707621754, 111.963997461139, 
1.31389034541917, 35.609861304714, 15.2605636309433, 24.4754333522109, 
3.03359204658925, 12.3294821844899, 21.672546506505, 1.25920284881784, 
0.576678471918287, 6.7437231236188, 14.9677461651419, 3.01194355523505, 
0.660284482437865, 5.32115134982805, 3.34591414731837, 0.423895842378066, 
3.80800612376017, 1.72557471319784, 2.42210085608223, 4.13587440550923, 
2.81327112834024, 11.6384580446424, 1.04744468107234, 3.70397146257237, 
1.25387047756982, 26.8303275426781, 6.51789121119878, 1.8021878251776, 
1.46255102856722, 23.7457692679304, 10.7516134730042, 0.411391461053037, 
2.87495820881816, 5.99121124464472, 126.432946882212, 0.749261469196218, 
7.01690659965979, 1.27386149442656, 2.40398991116892, 13.4776675592917, 
3.81815970510796, 2.02385885234652, 1.71624821714855, 0.934201221046509, 
20.3262956736638, 2.0081732065365, 4.48313131063346, 6.2701508422226, 
0.834163247970498, 3.56132750751077, 31.8163781149197, 0.810637756237313, 
2.81475626635052, 0.672566252565733, 137.247636572688, 7.95126125328793, 
4.24975637934319, 1.04193750634993, 1.40310956112988, 4.25568951279281, 
8.4017942541509, 7.33077060006668, 1.89913527607346, 5.89095873443799, 
19.1817782907195, 3.5197747356698, 0.824381352237975, 51.9429297317748, 
1.31765050925536, 4.00169878612303, 2.09166504016906, 5.26245186916539, 
8.6659435727528, 4.89958321549289, 43.3605072160227, 6.65677707235566, 
3.38968086639065, 1.42882936060236, 4.54794773675309, 2.48844135900795, 
2.08978391501733, 1.75613361344743, 15.5783285382782, 1.19579730053906, 
1.30631511381743, 0.961253038149842, 1.93002794306919, 0.91462624130627, 
1.12727479492685, 20.1961519944226, 2.77147926271332, 0.887300914303313, 
11.8362180546863, 3.40753423141435, 33.373988873519, 24.6704794900657, 
2.73354384027536, 0.724675460570714, 6.33556025336747, 127.803274834328, 
1.17810529451714, 47.1127218532675, 13.2128992709199, 21.9648833967931, 
1.25927483630693, 12.2723807330778, 20.3341734407295, 0.969282292133067, 
0.345330572659705, 5.86461001287748, 20.4050897307011, 2.9651956354954, 
0.513255729865166, 4.26336962089714, 5.28854675603815, 0.307174361519793, 
2.14989465830543, 1.87256191811465, 2.02238940304882, 2.68677528244858, 
2.74641519297172, 10.678808013662, 0.646018569439009, 4.21785733149451, 
1.43965441449281, 14.5977368925342, 5.96878570863026, 1.94976517582514, 
1.51779364538506, 24.6540533690467, 10.4157941734052, 0.356227482208231, 
3.23673168835506, 6.00451547386753, 172.726769210318, 0.656093723320342, 
6.00661622693068, 1.00671109044161, 2.06468091342079, 12.489502800428, 
2.12720612864479, 1.53220400027013, 1.21236130806038, 0.901303244262087, 
16.7391289163659, 1.63981871660532, 4.05777014432596, 5.5839935631889, 
0.841695218117936, 3.26527455315356, 25.8639986093728, 0.601216437799906, 
2.25982685219922, 0.549698037025929, 167.168052518547, 8.274612505017, 
3.21011651146134, 0.802646591279832, 1.10582574797573, 5.48448944250776, 
7.39270552834892, 6.15370699268634, 2.02041915472849, 5.67982116231215, 
19.1831483643753, 3.369852233507, 0.830390073761586, 82.014122836311, 
1.05623189845309, 2.76622316030984, 1.60302153978442, 6.0167141129867, 
9.75690477932076, 5.25426255448246, 53.7460476078301, 6.39186053066081, 
2.99494473642969, 1.31428678710193, 3.20073416982114, 2.24461678372677, 
2.58626979557227, 1.68367864131122, 27.0647481977577, 1.12599883178675, 
1.18789083381917, 0.869388734063366, 1.50154178549488, 1.1584979889524, 
1.17973436676518, 13.1615005430737, 1.74646544001251, 0.677073233018466, 
14.8968815806378, 3.18634020191845, 35.1273085850098, 33.5790600166882, 
2.09674210097936, 0.565319737401526, 6.22132227234039, 139.641577396977, 
1.06896326859478, 58.734019663552, 11.2503880271769, 18.8985153259435, 
0.719259938834274, 14.1056840409484, 19.3131595401919, 0.817479309492464, 
0.274858613778116, 5.42297407816189, 25.059112556008, 2.82046213881846, 
0.503646599773357, 3.77820425198535, 6.66636536420192, 0.234561916257732, 
1.52944358886348, 1.99862245390995, 2.17862163685665, 1.97009302641258, 
2.81824236764151, 9.74369986407804, 0.53700463522876, 4.54337725834116, 
1.98972074107797, 8.24939552099777, 5.38920431729587, 2.35782005858289, 
1.51307244364129, 25.1153611500923, 10.0197490751221, 0.341558014748984, 
3.6660668656373, 6.82019121339769, 241.347800373697, 0.773170175258123, 
5.42680831333121, 0.772594799459115, 1.97569106853285, 10.8630197174415, 
1.5760208334236, 1.52809790780847, 1.0447190242249, 1.16961436483072, 
13.4497822491146, 1.35729053695538, 3.8489383704074, 5.25068063175602, 
1.03676745079836, 2.99692782680103, 20.2012336865991, 0.420864355402683, 
2.25586518962023, 0.472085874229453, 190.914534210563, 7.78508834777444, 
2.52960163704749, 1.03999500531079, 1.12272803647778, 7.09045035080836, 
6.93594553850908, 4.81462137921174, 2.64597387030101, 5.78902664803071, 
21.0030739938897), .Dim = c(100L, 3L)), Time_all = c(elapsed = 5.99500000000626, 
elapsed = 1462.38000000007, elapsed = 1511.9820000002))
