list(MSE_matrix = structure(c(25.0130578523915, 26.6885668217724, 
35.9466505254675, 29.661516361455, 27.2796027097268, 27.4370102674146, 
37.4838291968879, 25.6311270040594, 20.0576776360926, 29.7698373667025, 
22.7021412592466, 33.8243652380854, 22.2806196327155, 22.6915717999173, 
25.5902438737043, 33.3829626223822, 26.6640170206713, 24.0905355955527, 
19.3207529538205, 34.2438643541521, 24.6482924253146, 30.3314668216833, 
28.0495010541719, 23.8944895066484, 19.6408009307626, 24.4032581801027, 
22.8812142799601, 19.975966143605, 25.7280049445888, 25.039781835473, 
24.8326287941293, 24.4234016720187, 23.9689294175524, 29.2440416535078, 
34.0956409597874, 42.8817413317619, 21.3127734742309, 21.819838911907, 
24.3524676471152, 21.7657346485045, 37.4117357302905, 26.5071365854099, 
25.0364237646894, 24.4796111859483, 25.1239069035285, 31.184365727933, 
21.7388683200475, 23.9901476945332, 32.9041001550456, 24.501324003579, 
26.1258568941383, 28.3363271829573, 26.880634994506, 61.8460168981949, 
28.7341157217222, 26.8343558664853, 24.5330994582719, 26.6910379192423, 
19.8482734996158, 25.77272795565, 25.6911581685546, 12.2241091247206, 
24.2067758332869, 19.2118521517358, 26.8926257787528, 23.2107166085429, 
22.7717540619007, 16.6321408774836, 22.7573794143719, 24.3184659599056, 
27.5307773469607, 25.7075440829806, 15.3206123977318, 30.8094832361315, 
25.6497100312293, 28.9405063362822, 19.6172430558473, 22.7350408735474, 
25.894683279173, 23.5036280629522, 24.6516981294143, 34.928913881672, 
25.8629237302505, 27.3679223799617, 19.8475451652344, 29.0862499573795, 
23.7752557215218, 27.0315528783272, 25.8396020747404, 23.3626047050677, 
26.7865543299175, 28.5600900894645, 29.8089597279219, 22.2021475367625, 
25.198462318733, 27.2507448635415, 23.6031026630031, 29.2435526338278, 
25.7227334562209, 22.9531115576444, 29.6752077802443, 31.669689808466, 
38.934560540983, 35.0757227401314, 32.8993590047702, 33.2198574774062, 
40.5416442510726, 28.9380795762765, 25.3593979311542, 35.4233224180631, 
29.8470703950577, 36.2882565082496, 30.6107561859222, 34.3107569709258, 
32.320457381148, 36.8204742371482, 33.1189155143675, 27.2009655077774, 
25.2452899485866, 39.0393536060609, 29.0110743392085, 35.1744232444081, 
29.6961208325018, 27.7439281092092, 27.2110745801857, 29.1004277151911, 
27.8376966771291, 24.3238395142767, 34.3470608575213, 28.0795355018222, 
29.0388695708424, 30.8844224549511, 29.0443385704778, 30.5815034894585, 
37.0106842659556, 44.0865096948175, 30.320510085705, 25.9780518158799, 
28.9393576978156, 24.4796434637251, 41.1212394493809, 33.5218285671317, 
28.566607963633, 24.317968838211, 30.7793228822761, 35.6923955081299, 
28.9393681225495, 26.5763868867425, 36.4921530565153, 30.7038971716054, 
29.7385339956945, 32.6932650385031, 29.2941485597037, 56.3268059755191, 
35.5391396272252, 32.8859291622128, 27.6931047850845, 30.6253199491881, 
27.2321664317476, 27.8769248221343, 31.0174882751413, 21.7749517048298, 
32.6351543464799, 25.6667999188039, 29.1151618990238, 31.5048060331639, 
29.3110323093449, 19.0728793062753, 28.0318456809741, 29.2880078338232, 
34.560380778434, 32.832518093135, 18.4736784986388, 33.702530515838, 
35.2937267252826, 32.934912024775, 22.4744777539783, 25.1369252493822, 
27.9438443469532, 29.6761966495774, 28.0700164573496, 37.4093839863349, 
29.7157005669006, 27.9609047713581, 23.7039457346513, 32.7018579793521, 
27.5126108901564, 39.2573238499158, 29.5337892141974, 31.0529204136167, 
35.5614549031346, 31.101817274813, 36.2371629749298, 24.6065581649012, 
31.7125255085464, 30.983211637477, 27.3006090249478, 32.243848942364, 
29.2574383052569, 30.0205903723397, 32.3870481175165, 35.20803398377, 
40.9785842786472, 39.3390660382504, 35.8708229976566, 35.8044563227645, 
42.308040128915, 31.8311581171308, 28.387387236506, 38.73890538934, 
33.9022764091907, 38.6163674746912, 35.5336750171283, 38.2709818013982, 
34.7841441838756, 38.5455040061798, 36.2313009975608, 30.9627956913508, 
27.4544561250274, 42.4106174764953, 31.9961916822933, 38.1529189586876, 
32.5302242799862, 29.3419852753613, 30.968692819383, 32.2655092680953, 
30.8182762337956, 28.5208190641762, 38.3530945349263, 29.7639312422777, 
32.4052053017433, 34.7188653785278, 31.3461577577487, 33.5907804843142, 
39.5572584831644, 46.0906214258546, 35.1141286241622, 28.7168056372134, 
32.9192180085482, 28.117565002823, 43.6523597947028, 37.6118976682925, 
31.6007160647885, 25.829101670861, 33.5152736620279, 38.9529223371625, 
34.7074148696032, 29.6806975719189, 39.262329284083, 34.5973182832076, 
32.3304548460576, 35.7269249506572, 31.8399646274703, 55.2813539076237, 
38.1774654241725, 36.5118094226785, 31.2152194384785, 34.8320552076654, 
30.8132293010791, 30.2289216863062, 34.1555404075868, 25.2521787185062, 
35.9737122099536, 29.4104980485197, 30.3266203127781, 36.1644340226085, 
32.0051165101287, 22.759129910557, 31.0191686156004, 32.6374464519258, 
38.8337191071837, 35.6583423950238, 21.3956150242114, 35.7392662765754, 
38.6723213219906, 34.9127178182246, 24.9827369199547, 28.2846086818145, 
31.6796792692067, 33.9208567068773, 31.2126678420013, 40.4026755443863, 
31.7227861718194, 30.8986234947966, 28.1211429571965, 36.5345869561651, 
30.7349327188161, 45.3099857653954, 32.8997765494165, 34.3964074470291, 
39.7684246424029, 35.9504297177549, 41.559665469452, 27.4863153715614, 
35.3655873992679, 35.8722663814065, 30.9656952078067, 34.7680243229776, 
33.1924636190734, 33.564958620821), dim = c(100L, 3L)), variance = structure(c(4.1040386193148, 
1.38711909752811, 39.9788071381305, 1.86554158675311, 12.4527923091488, 
5.35011435097787, 4.27109796217776, 3.76637967065687, 7.82943180097125, 
9.60978129633077, 6.27166345492023, 9.70380835508174, 1.3530085428268, 
23.1875908440413, 8.00834933809978, 10.8565495812456, 2.82751050009231, 
36.9756756906503, 1.70815249316867, 1.88856159899395, 3.37018257452582, 
1.9206855183085, 2.5233540665547, 5.53576020440882, 41.9990037382219, 
8.23380525807499, 2.32665475964853, 3.60952731601286, 12.8243130466304, 
3.66010857480646, 12.4282818582317, 7.37083547415127, 2.01878405183133, 
1.36863988664315, 5.80308319106256, 2.12825149205416, 6.33860611363442, 
4.38489279188545, 9.32052851777651, 1.878081303399, 14.2038506230836, 
11.7454941286958, 1.87088707452673, 1.59598200380439, 11.3998543781869, 
3.86716486980699, 0.905584475965001, 2.84126504326192, 5.01439648865165, 
8.67472097049103, 1.75847584293473, 8.34746961485592, 1.94361702797033, 
13.8285193730324, 9.88580077201109, 1.55946123630295, 8.25798972555779, 
2.97705414166125, 8.97925995000315, 3.87352249446363, 9.95559612913736, 
1.74163143985042, 2.06163864589499, 0.855442532686105, 11.5932476833688, 
1.48275839561736, 1.49568576488229, 4.60093025317605, 7.29862341306222, 
91.6512755576046, 1.97667681514303, 1.21374887083287, 4.27801099010896, 
5.74566831605958, 8.65213028778276, 3.4820862686015, 2.07181879260989, 
3.15603837021297, 3.11672539838799, 18.5545952097084, 3.74813127237268, 
3.32613630922436, 1.98496513430203, 2.11021276984254, 0.666355371695861, 
59.5126335620041, 1.58687678802096, 3.53144617775699, 2.14898466419555, 
13.2816492665194, 11.0979339813505, 6.29045908788748, 2.31495486922732, 
4.50099798969214, 4.87648574176316, 8.41867442882543, 5.52337874862527, 
3.94297411334342, 2.70058141432502, 5.54139339783189, 2.17509945570239, 
0.882184459421751, 17.233033310375, 1.23094377673632, 7.81714878121818, 
3.57460891841591, 2.94859303024191, 2.48896133545642, 2.80513370028123, 
8.2308501527655, 4.6838754297917, 5.38666109207041, 0.762800041292311, 
11.0825946472562, 4.73454740610518, 8.30083738969748, 1.382644149591, 
24.0746982634829, 0.726487272780603, 0.808093599583862, 2.46159695545896, 
0.99911580499666, 1.37989764728189, 4.16821558579392, 12.9938040956424, 
3.56580907793997, 1.8866414875026, 1.72302834444248, 7.36157409293462, 
2.6077724809687, 5.42820337859842, 5.53485007793308, 1.50086311749168, 
0.679974680615027, 3.64669329940984, 1.26861884027191, 2.75389649202342, 
2.48165220102661, 6.13860540121198, 0.997984631537809, 8.31696258490974, 
6.77493620285862, 1.15027761857876, 0.846541843189531, 6.34597908189716, 
1.42219183152368, 0.517690302527184, 1.27189904434213, 4.17074627061699, 
3.76745427875798, 1.18475281764527, 6.48720471866425, 0.994548104107799, 
10.0666851564334, 6.00558652191724, 0.777958544010885, 5.3275447963589, 
1.31374221781087, 6.0697282876214, 3.30611468735541, 4.55629398128739, 
0.989366660356801, 1.18779584558054, 0.506656792688414, 7.49591370369697, 
1.09768674254985, 0.702203197969944, 2.62041717223937, 6.14575177190292, 
34.8790689029713, 1.14874774229602, 0.727298428735851, 2.2054688203085, 
4.08755472263142, 6.1930598862045, 1.5808400541597, 0.875281116095619, 
1.49654975967499, 1.62522762669641, 8.35010401207342, 2.31845564594142, 
3.01474961729824, 1.39468822914184, 1.13763304054453, 0.450449088716131, 
23.3310563852924, 1.00501001597609, 1.56169202955643, 1.22075817087674, 
5.57027790936313, 7.39515619502586, 4.96148496636316, 1.25271461187836, 
3.64391220308017, 2.87870025090682, 5.71390214691309, 3.2650452688626, 
1.83439519807789, 1.49318629577843, 3.32217124461303, 1.86661430839753, 
0.769489688222042, 13.9738447137972, 1.07775792177221, 6.54696040400994, 
3.00721977714324, 2.91743385739297, 2.32867425593592, 2.33053068181292, 
8.11776797738239, 4.49896134882253, 4.13457098513468, 0.6632767268757, 
9.41603311721724, 4.0633782250414, 7.50673074583481, 1.19562687414327, 
20.7660720154013, 0.607297570976267, 0.629893531761148, 2.27914801043981, 
0.809493508708277, 1.15091977704286, 3.89014091332513, 8.85630910800979, 
2.69179623157484, 1.79295574163879, 1.59919158167808, 6.33141377733128, 
2.53525146636244, 4.20874280850038, 4.68437746779636, 1.40491881319238, 
0.531548063998801, 3.13793240401557, 1.08380127616801, 2.6022824457196, 
2.15575640331878, 5.22129080949249, 0.782829572321054, 6.88766836962422, 
6.08872478756594, 0.958226946177949, 0.763607827895183, 5.66131038388157, 
1.18924045795301, 0.471491089996619, 1.03947430581415, 4.02906690515089, 
2.89333612675828, 1.01890753933445, 5.8886361671055, 0.818476127233119, 
8.89445763792959, 5.12236804412831, 0.611191014568698, 5.05860324227726, 
0.986246159511067, 5.32228252087299, 3.3227097425039, 3.701078696637, 
0.7875077295243, 1.05989563458257, 0.479259588564342, 6.55257220806399, 
0.959227902181099, 0.578248759371158, 2.30077186391376, 6.00020747058515, 
27.6493011532683, 0.96922833148753, 0.630213344578474, 1.97503072053458, 
3.87314628679793, 5.98227727319758, 1.48547202151949, 0.741192593054442, 
1.16721145807264, 1.39665735937778, 6.05233200902797, 2.04108806612624, 
2.9486217471039, 1.33353949578648, 0.960898242113912, 0.431076916504638, 
19.0199951399175, 0.887892638907527, 1.26434520162395, 1.00845269989042, 
4.23464835941716, 6.65272547719189, 4.25271573772065, 1.05008913007995, 
3.50382083596074, 2.58131320644498, 4.77191671346182, 2.80812800347196, 
1.56132415368739, 1.29606044080294, 2.88577511997956), dim = c(100L, 
3L)), MSE = structure(c(5.75673699129788, 1.91916326067797, 241.987470248528, 
2.1773137684193, 18.5842101885618, 5.81013824213657, 14.2461181635962, 
13.063789997462, 8.06423880168327, 115.93494761528, 8.10039091180155, 
9.64480955912198, 2.24762949630504, 30.0473688143573, 9.82811299303243, 
20.9116780699518, 7.28598209635309, 123.051307693521, 5.16372000280386, 
2.32610527384884, 3.84495381290924, 2.10939682739075, 3.71418173528316, 
5.99000274209593, 49.9339929161833, 8.15178102331086, 2.82757593613254, 
28.2813107111136, 22.2170533862527, 46.8015146891256, 65.8705834953034, 
7.59525376460021, 3.08441721126396, 7.80865244187778, 164.379052955169, 
3.48502273269671, 98.5869657088619, 10.5309424831639, 19.1485640542863, 
2.42198240720686, 42.9086234246391, 20.3610618855622, 1.99065720605234, 
1.58556916014201, 11.7504209298743, 62.1687725109958, 1.80341507344342, 
4.65784342716783, 8.3552087698699, 19.7130721533575, 2.05153534403914, 
8.50670427211351, 3.31087697319918, 13.7452728213872, 13.7280246281654, 
4.94442991713051, 17.870263635847, 4.0021557871234, 15.6765217500604, 
8.23943356058046, 11.846994125947, 3.39494454096361, 5.78340644760162, 
2.16509931421758, 54.5247757992342, 8.50267431019488, 1.50149812910723, 
8.34816789916741, 19.6870510835349, 495.750479970577, 2.60650206198849, 
5.89389250037803, 6.18720450624826, 8.73681519492955, 10.3749500324884, 
4.69557942583915, 7.37815998862534, 3.67680355405519, 5.50689291675495, 
19.8856555063904, 4.00881905205635, 6.22308248543178, 5.14822855319145, 
3.24205206538459, 1.18601793264781, 66.3290852168417, 1.8615147649477, 
6.94000788210948, 2.21342221491136, 242.032213472703, 12.7834423320241, 
7.18793258738518, 4.42615188474257, 6.31348986923117, 17.1569457943717, 
10.9666633621055, 5.87682854636747, 12.3769994363478, 7.26518766257967, 
37.949996792188, 5.35947463216969, 0.920713394945748, 347.469229846493, 
2.18169966593783, 44.8937176793972, 4.38068606771435, 15.8726025294955, 
11.6362318742136, 2.77825751738342, 201.830026068446, 5.00222456131926, 
6.33921687113193, 1.3711751061043, 30.7827680161179, 5.84661979257684, 
52.0079252877234, 7.71805520745559, 221.505854759576, 8.11889372396362, 
0.836210555226452, 2.89307178326396, 1.24375777839372, 1.68294612675973, 
4.58118537191879, 36.9745514247765, 3.77499986689923, 3.1423727100078, 
31.5672466182285, 29.9934970036531, 42.4130932026373, 90.5973038913402, 
5.77808088300414, 6.46813949349687, 6.3827615070173, 175.338852554015, 
1.69850424276833, 120.143053165507, 4.18528566635516, 15.8255732458858, 
1.85395789496856, 66.2657097538073, 7.34791464483495, 1.14127818016476, 
0.87792090647437, 7.8833011516388, 75.4185895842614, 0.518596052769913, 
4.17409382010377, 11.1298636876111, 12.4036852342871, 3.05610017675214, 
14.4332399908836, 1.00054830295266, 11.9569573952078, 16.3165421824704, 
5.52445307070441, 27.4143636490847, 1.6796023201794, 19.2496254488236, 
15.3757071693218, 5.06571955269515, 1.42555132201589, 7.59738784903915, 
2.25781563082864, 73.7280607020324, 4.59810105748143, 0.90852777846037, 
10.521792798348, 31.3576035690098, 564.025494940244, 1.21108655956307, 
6.94012738739559, 6.97928505952303, 12.5765423972105, 8.27222239122468, 
6.46627991303165, 11.2239735159942, 1.51950957109348, 5.08413776813292, 
8.34614950504398, 2.35649776053856, 8.40355353004733, 4.43368523495538, 
1.44395440460833, 0.476505712474265, 25.2433519773295, 3.26387571751215, 
9.98599163595886, 1.24228739728981, 264.554004702447, 7.62267159677272, 
7.37498423687451, 2.61121602269415, 9.4977056454887, 22.8189443948168, 
6.50222000686611, 4.23509983519509, 13.2217760578857, 5.3814918006591, 
55.1026087250748, 5.1971474195587, 0.772927383260608, 390.768500401219, 
2.56150615902006, 61.2278667949828, 3.86164979930974, 15.2913903872458, 
11.3395453801939, 2.30935598706597, 241.365326021924, 6.92304855353106, 
5.97947088946695, 1.18745001581345, 32.968802413275, 4.74288423305589, 
69.7811641234674, 7.55249774066231, 266.386609209508, 9.51402471189415, 
0.623594821069501, 2.62732899086977, 1.2265748557735, 1.26618472909942, 
4.20841536352317, 35.8187766662172, 2.95969212408119, 2.92925481619714, 
34.5899855440888, 36.4139245217348, 37.9957290039812, 101.407620496619, 
4.93460848205411, 7.39673155832546, 6.51025595477762, 181.242786274318, 
1.29588675670339, 133.3000223227, 2.92812671506118, 16.9968849713618, 
1.63310979585427, 80.0670830570631, 6.0500671881489, 1.04044840397617, 
0.830597065879769, 10.4089132280684, 77.1529580033158, 0.550555386722796, 
3.65996894470568, 13.3030579766848, 11.644010470501, 4.19835003847057, 
20.448483671773, 0.945579592255896, 13.3918839867718, 18.7557219973876, 
5.52855907708156, 35.8676040648398, 1.04148949098767, 22.659911106957, 
20.2858055147281, 4.00640657121316, 0.964122909885556, 9.60277912377538, 
2.62203155124354, 84.300850481637, 3.27421332522407, 0.797544494082871, 
12.7247203263235, 39.3480815380952, 586.422247526326, 0.961703033738901, 
7.69021400359596, 7.38833485593728, 16.6615622566211, 12.978268451262, 
8.38642493607173, 12.6676126215384, 1.16303335211583, 5.58718207206287, 
6.73019811755466, 2.44256222192667, 10.4973723039792, 5.04388811247234, 
1.05786374055563, 0.627042458328986, 20.1630179730878, 4.10316759042535, 
12.9742908909864, 1.02037145293709, 274.79365879624, 6.68501031573289, 
7.17575660390903, 2.02378554167936, 12.5612633641937, 29.2174718513245, 
5.17910408611815, 5.47370308216596, 13.6284789191046, 5.59465116817276, 
63.3247235272566), dim = c(100L, 3L)), Time_all = c(elapsed = 0.398999999999994, 
elapsed = 36.5920000000016, elapsed = 37.6319999999985))
