list(MSE_matrix = structure(c(9.33045031410664, 8.95745630171937, 
8.05515532727826, 11.3195801501982, 12.2672790879724, 7.61836025144103, 
7.21074258420919, 18.2768786805893, 11.7982371988345, 8.61063057134031, 
8.07538717583087, 8.26791545389339, 9.40694161735438, 11.3653155004661, 
10.7165745679121, 12.6688945979765, 7.89224926065089, 6.92152529219875, 
7.64547421796499, 15.6066869784675, 9.87613413791065, 11.0269954444127, 
12.6055462622435, 7.03832264983945, 12.518338731339, 16.319015613405, 
11.7617394447039, 6.35372832259702, 13.9852036679685, 7.59422728669479, 
8.9763334995481, 10.8711431082705, 7.4311567961619, 9.52723791301399, 
14.6371280714003, 11.1369244926454, 8.13246954981704, 13.961440946308, 
9.80265125911059, 10.3800616301853, 10.3894001968405, 15.8239157787137, 
9.39375298901951, 7.61236311853548, 9.45329840220405, 7.44914235687178, 
16.3765911141197, 6.76717545374031, 14.0693034498286, 8.43914869606472, 
7.16979734369641, 12.4665274901895, 10.8836598578742, 13.7338125793134, 
8.08337841941222, 13.0474367797732, 7.31239893713227, 9.73556637152211, 
8.4686523078055, 15.4260576106853, 8.45772739977531, 11.6385979965524, 
13.4897408747781, 18.1581651183388, 9.57474641800989, 8.36330142050105, 
8.32703715858977, 11.2908647612159, 11.366014313316, 10.8166639709731, 
12.4666236378388, 13.6075334208833, 7.25550996818875, 10.9175039107896, 
13.9369455512427, 9.49163113154739, 10.2879727681364, 13.0320768403237, 
13.9744955952061, 11.5369844235354, 8.75936285723351, 9.62095349369407, 
13.6620591193115, 6.57438860885327, 8.84711158463962, 15.9849757296266, 
11.9431848293437, 11.7320532460499, 10.915800827613, 8.80545856419847, 
10.1403428853242, 6.93462077844374, 20.6104765320854, 15.4667156971003, 
9.06457136965999, 9.47987080176032, 10.4151503582161, 7.58304901488698, 
10.7445425460983, 9.81258665026434, 11.8468671900803, 12.5229688936744, 
11.4844324464977, 12.1305443976481, 15.0599094849249, 11.5133717068317, 
9.97182094288541, 18.9727975171424, 12.3853141413266, 13.0886160999272, 
10.4194204726221, 11.0067131495361, 13.4713722719121, 11.6007730381808, 
13.3483756473137, 15.6320230614579, 10.2524893394506, 10.2371290979246, 
11.9726843704173, 15.3420665655063, 11.9947675889844, 12.6723860897549, 
14.8977975470038, 11.381096909479, 14.4336201376799, 18.8108721332257, 
14.3287983193128, 9.99486595373032, 14.9959452062689, 11.863921958359, 
12.2908082685516, 11.8904406534047, 10.8046232405129, 11.608546442498, 
16.0124602426159, 12.5523058118229, 10.9006068409246, 15.4695635272383, 
12.4096571877797, 12.3103983191136, 12.8344619077085, 16.7823271925541, 
13.2404128280291, 11.0062469142709, 12.6039390259832, 9.87685698878816, 
15.521144124658, 10.8228228363889, 14.6213126937189, 10.8298599369108, 
10.7677286526953, 16.1692456547308, 12.0061907078693, 15.6696486642766, 
9.36514931564593, 15.6658889427338, 9.8900986305984, 11.3944658522323, 
11.5197248725697, 15.7836709727443, 12.9264121438095, 13.6696622991679, 
17.106884252966, 18.0158245497276, 12.0193564480923, 11.3992071095766, 
10.6914591997988, 14.2338911687594, 15.0176974874296, 13.0153857443828, 
17.1203812377984, 12.7659473510359, 10.8642509421559, 12.7059999097587, 
16.4784416227855, 12.6331323332131, 13.7775936715714, 13.6448289805904, 
16.6953591922355, 11.8366065825113, 11.188416991878, 12.0415855638587, 
15.2256632751123, 9.02806817005759, 11.5486773254931, 16.4965809205777, 
12.7752073988327, 13.902711508802, 13.472550085614, 11.1401352533813, 
13.5937461646845, 10.1998609158848, 19.1861181310072, 16.3830184832484, 
12.1976429214225, 11.3227437187439, 12.6803091969889, 9.64342824305618, 
10.9284561206321, 12.4636001882605, 12.9819027104691, 14.3714693736494, 
12.7053513124414, 13.1377848166359, 16.1792789747351, 13.233312937164, 
11.5532454705917, 19.5876906726111, 14.1583949983662, 15.6819633648365, 
12.6017509250789, 13.1121970793733, 15.4987349249203, 13.3398242387089, 
14.606268488974, 17.087113963193, 11.8342244962052, 12.6174286386097, 
13.8403275688873, 16.4918512444202, 13.7927283480906, 13.6947981580174, 
15.8974168910623, 13.7131228860027, 15.9439170335738, 20.2228913219808, 
15.6431818401424, 12.0972575012133, 16.0807978324901, 13.5432931243965, 
13.8424423736737, 13.3819049734825, 12.2164052507893, 13.0467409978865, 
16.9481070542673, 13.9992451231984, 12.6555590519392, 16.9529329264528, 
13.6722706879195, 13.6539247066282, 14.6040581198101, 17.6799877048349, 
15.5258213800781, 12.9192723436493, 14.7081891357168, 11.4344176486501, 
16.3231169196223, 12.7317064500646, 16.1643761882588, 12.2978643760359, 
12.4369841480782, 17.6716503782133, 13.6015578995908, 16.6467073336105, 
11.2725480025628, 16.9866909933658, 12.2366171987205, 13.1349404593333, 
13.1638406532347, 17.0555519832877, 15.1226799734148, 15.2093777084849, 
18.1820421513365, 18.4485761502582, 13.3701995007566, 13.0712176874156, 
12.502701165317, 15.1979060902322, 16.3979639707077, 14.6825723574783, 
18.7812110027409, 13.4510616626039, 12.3012787122759, 14.1373039072122, 
17.8211013835501, 14.2690197117457, 15.4822048011291, 15.1761068257714, 
17.7821871278008, 13.1764979267771, 13.0109343670761, 13.7337792027869, 
16.594373073623, 10.9582438306362, 13.5661843518775, 17.1760551267125, 
13.8539466052487, 15.1690001137563, 14.9449106173154, 12.5065842040298, 
15.419611604673, 11.6068064078895, 19.8020698627127, 17.1635805184188, 
14.2190442905536, 12.538054218765, 13.9850405160841, 11.2010828893037, 
12.3370088284426, 13.9446189780871), .Dim = c(100L, 3L)), variance = structure(c(2.03868726636655, 
0.273920134395197, 35.1241473945778, 0.607225111240714, 4.68469761957204, 
1.5259982872181, 1.67300438592144, 1.50889604506556, 3.52647484255014, 
1.88696219077191, 1.1241881390901, 2.57852408454648, 0.395735029353943, 
4.11987875311727, 1.45991582976404, 1.49727025634303, 1.82275635106735, 
3.77144325413623, 1.172697298053, 0.512602937499791, 1.84074820568005, 
0.389287064052588, 1.06020421444214, 2.14622893029517, 47.8587228639779, 
2.92667822660206, 1.02944348855486, 2.34828115203854, 3.22470826936938, 
1.87371191227276, 9.79134310803034, 1.1919780292972, 0.841129609206677, 
0.305021078452935, 5.93351787578774, 0.530569143890661, 5.86339556133514, 
1.04600463095989, 2.40521334068601, 1.4395893296439, 3.38444626853737, 
6.10258136316327, 0.80747145365483, 0.386568305643589, 5.29029797839707, 
3.40679076280847, 0.560431906177418, 0.769423606152099, 0.90308097097664, 
2.949213349872, 0.233996519743316, 4.19560268910333, 0.697400414535537, 
2.76488132681167, 2.69181680973063, 0.375361267584433, 3.17746831792568, 
1.21170814983661, 1.89039556989741, 0.829480556336584, 4.9541255180875, 
0.948265783646165, 0.430555808180128, 0.265057444597474, 2.13235759389924, 
0.302860012919631, 0.390231481325942, 1.54051910598036, 4.09007028978712, 
88.5572751229616, 0.821930289741527, 0.191922494859634, 1.04466808779379, 
0.945462335051514, 2.18293957290251, 2.98965376121818, 1.53182208428748, 
1.30357812233736, 1.12344101312593, 11.8522816404619, 1.16588912404393, 
1.49869269919666, 0.372469908833887, 0.81801234743769, 0.32129090516294, 
31.8380952195836, 0.535516299061787, 1.63973658971292, 0.572724809746156, 
17.3604495114021, 2.06696641691324, 2.18372204567239, 0.962009832300347, 
1.56234032944517, 1.73030876129468, 1.42258929518978, 0.866047367713339, 
1.90511522980974, 2.86678457158401, 1.06944184775813, 1.14747233153101, 
0.177526934931963, 15.0562391247749, 0.29611951484844, 2.46228899338752, 
0.790255828946259, 0.800081279524035, 0.588701387230571, 2.21464640950181, 
1.68259805796222, 0.759977617454025, 1.4592529926039, 0.299515806967768, 
4.19513626005396, 0.769048635394137, 0.869556467963994, 0.778234889714695, 
3.84998051802852, 0.500803911947105, 0.422267646574045, 0.513615843833909, 
0.338711095753328, 0.671303536009669, 0.616135938807892, 12.8436565974418, 
1.26115532980533, 0.542478811639476, 1.23823918908484, 1.48772487907354, 
1.15117774969275, 3.88492615918059, 0.637222990471524, 0.408523726006702, 
0.239114696215089, 2.0320640758279, 0.28511556833899, 2.73058627129336, 
0.563982839968406, 1.36374856745652, 0.645733088917787, 1.14635691657089, 
2.64540361372101, 0.434220528654431, 0.208131544323061, 1.89771825935056, 
1.65771494712339, 0.279191508025928, 0.411715848118472, 0.580116251474949, 
1.29118083988125, 0.186652203007618, 1.44390778430972, 0.392020589130473, 
1.57109412351739, 1.18566174158075, 0.257173265419696, 1.22894915572543, 
0.669226601192445, 1.32828446720073, 0.548884886793372, 2.16251282026838, 
0.462219501284743, 0.366129082777296, 0.182876938856123, 1.1888619182205, 
0.214841449343886, 0.246102989684744, 0.895069312616295, 1.73078547335891, 
36.5161520507425, 0.507378775419319, 0.167503057836447, 0.603822899091205, 
0.555224769204983, 1.06477892500397, 0.983444374188176, 0.695443896838813, 
0.530809651331367, 0.566953854559467, 5.85150526214584, 0.822728718796319, 
0.585519897808412, 0.228285139778524, 0.530937199073593, 0.158750958963648, 
16.5556946367697, 0.323027100908031, 0.784838418864412, 0.334957058406966, 
5.99962325829758, 1.75493727589435, 0.980628753468161, 0.641132315732388, 
0.898441311809074, 1.02938910245688, 0.87724159621156, 0.367855451086393, 
0.67166561662537, 1.20650245997988, 0.391825656809508, 0.936085120215705, 
0.161102941481677, 11.769912093643, 0.229074493290068, 2.20351228436983, 
0.651221962891924, 0.622249403295724, 0.493821072200376, 1.91817854861861, 
1.61317480666674, 0.701806584614983, 1.29914360128792, 0.276424459573761, 
4.0090607561907, 0.666655447787312, 0.856331226327915, 0.623102441043688, 
3.88158896426274, 0.406641671681886, 0.414199241913639, 0.4200425886914, 
0.308286577777226, 0.575381370652797, 0.575817684763468, 9.31508496737334, 
1.0285800009259, 0.456950937986141, 0.955813408385397, 1.18673119669125, 
0.962828479097908, 2.8965334706337, 0.543480340886327, 0.367172469535129, 
0.221266800312176, 1.39363177947378, 0.246014928561659, 2.06188045222291, 
0.516036665555327, 1.20390271020312, 0.529641957563193, 0.964258283205374, 
1.98452774398138, 0.365407528407527, 0.195941536463218, 1.42082897808478, 
1.35553736951019, 0.238206839130178, 0.366832771478889, 0.503025496933312, 
1.0239438269989, 0.186934917804494, 1.10047708330146, 0.360716638882126, 
1.44708248708825, 0.965470970248664, 0.237796415859325, 0.956156751241115, 
0.592033994497398, 1.20456522844907, 0.594022101086924, 1.73329835470598, 
0.373464416630901, 0.34307809805869, 0.167382850694852, 0.978738877626526, 
0.19881566012199, 0.225281100938379, 0.788139405220949, 1.33574147403957, 
25.738881534506, 0.436481164490459, 0.160012572447843, 0.551933019054819, 
0.495326540286958, 0.957169047828123, 0.736451281735934, 0.558937196802631, 
0.454977948953847, 0.490783586136774, 4.77893843314595, 0.778400847158985, 
0.454951506162445, 0.211584920125433, 0.462173578929758, 0.135152472379102, 
12.3866939474242, 0.28681739705169, 0.68991836643355, 0.30263222859007, 
3.96474053761103, 1.73688891949074, 0.790666678187489, 0.550283799596171, 
0.737148482348947, 0.941592424178889, 0.770114058409005, 0.393637110212272, 
0.506605571671207, 0.946353193546591, 0.382776295089286), .Dim = c(100L, 
3L)), MSE = structure(c(2.69184608255392, 1.17772589559655, 42.6094073364102, 
1.68542028667357, 6.22550131867966, 3.25108339088209, 4.81148973311307, 
8.25837629116004, 4.44646245316653, 32.3824676073068, 5.56138663473526, 
2.56725549781647, 1.31342016531486, 7.50061039974879, 2.56004608074629, 
1.5371057213233, 2.38121235391963, 7.58234556058625, 1.16462642000119, 
1.12746096709799, 1.95679463252821, 2.19966098550085, 1.10611326394596, 
2.14706970350148, 48.8154530609808, 6.34991777472424, 1.67583980894383, 
8.02297517955658, 4.74652630408193, 28.7604180197804, 19.9094990094849, 
2.01866950908101, 1.10089550039629, 5.93236910017336, 112.421804617537, 
1.66555340484677, 30.4902618584579, 16.8169252828714, 21.3762653188281, 
2.92937377148525, 10.8766818364248, 20.3708476066608, 1.79653994126576, 
0.431767044273789, 7.09809028147714, 15.1329980505075, 3.10602711379006, 
0.762210023186913, 6.04263626373468, 5.01934359388471, 0.55119983657884, 
4.16702537996947, 1.33465649037282, 3.10456580657204, 3.37166928516463, 
2.59267312724707, 11.0898883750958, 1.31705105213374, 3.82718353342927, 
0.84618607615104, 25.7805766015428, 7.85893113489769, 1.90672626664857, 
1.29395671106773, 24.9461567623678, 12.0460100529291, 0.537422540040041, 
2.32586297205197, 4.83137674063526, 135.203112028481, 0.821365554545723, 
7.10397209306563, 1.40336160016109, 2.80507360965183, 12.3356723584172, 
4.10797279949543, 1.54596684750181, 1.29853639813498, 1.18881672459728, 
14.3302461592798, 1.84497500361861, 4.10322857237622, 6.58210095531638, 
0.834791686244622, 3.56033461238834, 37.1132145411585, 0.81029819932555, 
3.40888613142424, 0.793579483803835, 132.73409951602, 5.39668822127432, 
2.73605889740007, 0.971325807298031, 1.68098631160826, 3.43856337785546, 
8.10638494978677, 8.84125141249412, 2.12613283601268, 6.05891855733854, 
14.2065133357517, 2.67348910869401, 0.992284984441197, 90.570432228358, 
1.09916936087552, 2.61889915762072, 1.70562844404213, 6.01330475469598, 
9.06053303397366, 4.01107514356984, 53.9953140370429, 6.41181882761517, 
1.70284884796046, 1.2746257240985, 4.15331996902309, 1.80326546124938, 
2.24235587464931, 2.27345376803756, 25.4578284558752, 1.10634334140076, 
1.24888815883368, 0.776752573825061, 1.33647045294568, 1.41863011812387, 
0.96836138774618, 12.755586205254, 1.73262430526464, 0.537059028817517, 
15.2105185564119, 3.79864830177969, 35.5967702277457, 35.0118498837202, 
1.17370352132, 0.430633495402907, 6.17033042364153, 140.231739565247, 
1.38702367462136, 56.1642542412668, 12.1889822032907, 16.9513026802386, 
0.644376903340625, 13.0480687318924, 17.6016072048768, 1.04759715798674, 
0.208237251392758, 5.17751607742537, 29.3497138330319, 2.62763504708728, 
0.618092106660633, 4.17573637812859, 7.97024259874699, 0.240698056562639, 
1.51288585718466, 1.95191084523127, 2.83869772284332, 1.87631257070638, 
2.69859397444509, 9.24949629602951, 0.718646431983709, 4.9167608139031, 
1.44660489497253, 7.9510551795035, 5.79087053966894, 2.5152063731559, 
1.43862776300274, 27.2104634898524, 10.8401110914283, 0.350216686779858, 
2.99249348555661, 5.26878011050993, 250.430734271805, 0.941997179733521, 
5.39846438555054, 0.683684796518602, 2.4029029248609, 9.21863732256366, 
1.42114798437725, 1.72870500586066, 0.736718489495867, 1.3164587744929, 
9.41280401769109, 1.2713824862106, 3.08488964560756, 5.07413628595198, 
1.18640704354219, 2.78204030052708, 24.9927289285059, 0.449027619990455, 
2.55434064182867, 0.50273522921966, 183.429862387966, 6.3440349328591, 
1.61391298679325, 1.23646306454359, 0.939937636392356, 6.36907688370117, 
5.84449321330994, 5.12894677530474, 2.44730965254975, 6.07132455962079, 
18.7425313035446, 2.58387111768945, 0.991701974586988, 119.186276735625, 
0.881771055891902, 3.82793540100481, 1.37154566445596, 6.90570661064149, 
9.81703203319284, 4.00155194750709, 64.0754788783012, 5.8214737914085, 
1.56958974355819, 1.15791581805213, 4.64371784434032, 1.77466215542311, 
3.76088420606756, 2.50573655829577, 37.3284835782102, 1.41765591100026, 
1.14390264849838, 0.907904241361035, 1.05448413556129, 1.61035237490979, 
1.2575903473749, 10.1159424025929, 1.40702368917339, 0.489752664277431, 
17.3542457432659, 4.01978825612105, 37.1063515151235, 43.8934388661948, 
0.992153519934127, 0.36470392279966, 6.03019508239545, 147.978694755106, 
1.27855070008261, 65.3622799047635, 10.441066195124, 14.8644416355212, 
0.55296247793923, 15.7650075604978, 16.0464187575592, 0.893782262288557, 
0.197502373057075, 4.46786062430353, 34.2247454018942, 2.37808006729417, 
0.68705932112182, 3.94070641901191, 8.24926022289865, 0.191789342024505, 
1.10974547969078, 2.13024127733021, 2.57761512404257, 1.77768911094503, 
2.88529954021974, 8.97302920189416, 0.733470912074404, 5.17347839491291, 
2.15682914702449, 5.46861090058102, 5.07034639748635, 2.9228205991472, 
1.40198677313845, 28.4340616209977, 10.2170812574586, 0.303134929611666, 
3.4470836919417, 6.34740116824033, 307.516215856388, 1.04177101288378, 
5.13197376008329, 0.546445753452766, 2.45509928776635, 7.49698817382109, 
1.3728028986211, 2.16761582753212, 0.72152872201035, 1.67103485092126, 
7.89105647475542, 1.10981561955784, 3.00723319217379, 4.80150357341491, 
1.35278847609121, 2.44424740240315, 19.702502075681, 0.325536782430298, 
2.76351703413401, 0.43495006274152, 200.451746842079, 5.77643436438362, 
1.37656494081001, 1.5654832231632, 0.976190349573068, 8.03521792806405, 
5.40409706283051, 3.61863358085382, 3.25713538872273, 6.10412847570945, 
21.9678800496852), .Dim = c(100L, 3L)), Time_all = c(elapsed = 6.25300000000789, 
elapsed = 755.532999999979, elapsed = 781.243999999977))
