list(MSE_matrix = structure(c(12.9249651343828, 13.9177104172254, 
11.4644718439943, 16.8601083583052, 16.7589290113658, 13.3709841113337, 
18.5648577840639, 11.8095613137796, 22.3725361570114, 18.8042208426705, 
23.587557233887, 19.8983752419221, 19.73622283179, 19.1103494027092, 
17.6001447828582, 22.7046477185933, 14.464753403407, 18.2540007060683, 
16.3832727545097, 15.185984109015, 26.9234900860373, 19.6176989488407, 
14.4220620942039, 16.364053413218, 18.2295855106974, 22.4352621400208, 
17.0051211049746, 23.2077176239, 19.0317871733209, 19.8620397944317, 
11.5569013805915, 24.9285018159197, 19.0489889068166, 17.8067874589283, 
22.5595031510786, 19.7191569736481, 17.4338758606487, 21.0803290800391, 
17.746614062694, 11.1349416336557, 15.4312720179228, 21.6975606208927, 
21.5973986179162, 22.4938865746053, 20.2981137653997, 20.9285052091536, 
17.0837680124341, 20.9216129025741, 19.9298869238773, 18.3279673601514, 
24.4378041932458, 18.0649373995761, 21.9810868079941, 19.8028684508713, 
23.0688812722137, 20.4651917718256, 19.3056953180219, 16.9964044527801, 
21.3103473442066, 18.5730222368667, 18.2027289050086, 15.1381320647265, 
12.5960422259145, 19.0973070771627, 18.7571130473888, 17.0322601396467, 
21.7531698107223, 18.2249242796423, 15.1125942048854, 23.1554209835021, 
21.469125273306, 18.5647347341301, 18.7235488368331, 22.4005079535317, 
18.0450590503249, 14.8611334343459, 18.2178832534207, 20.8244598958282, 
22.7648903414355, 12.7649648628582, 17.5279713882141, 17.7416576264036, 
23.2001197877955, 11.6923533609811, 25.6517604438479, 16.6089717443465, 
22.2406885233109, 16.2336080394427, 11.8983458885861, 17.7546829245508, 
15.7249416723146, 13.2936224355329, 32.4126218808747, 17.4526733403968, 
20.774515809033, 16.1356968365612, 18.8809908254698, 17.2583321187274, 
22.8886991960571, 13.9216701651292, 12.8976402910569, 14.2281840163561, 
11.6371908522857, 16.9141942440698, 16.9851424471436, 12.7122884869665, 
18.4769295148498, 11.5526074040388, 22.4643560376655, 19.1813520671251, 
23.4260901617603, 19.410476794965, 19.5367264148808, 19.446086145843, 
17.0151915009569, 22.4783002584427, 14.0839783430976, 17.6855594462805, 
15.7943864013136, 15.5209578819604, 27.1319437327481, 19.5320098910355, 
13.7105035113974, 16.4902650117354, 18.6583155372942, 22.5603187761287, 
16.6444435333654, 22.5619505053734, 19.1705801684233, 19.8287576352746, 
11.475788659241, 24.0702988991998, 19.0868033858797, 17.6534382367501, 
22.7554670234899, 20.0241545614508, 17.2464333817089, 20.6177512604509, 
17.5444430822017, 11.6802979056588, 14.8096371504974, 21.7502996281004, 
21.847011328018, 22.3153052998643, 20.592985460492, 20.8457589054438, 
16.8459996980776, 20.8707077395526, 19.8770626472535, 18.3912402038365, 
24.6163326705342, 18.0603945938382, 22.2732476062699, 19.563767569627, 
22.8119213391378, 20.4801276288859, 18.9980471650345, 16.9515716481726, 
21.151843572343, 18.8246298811591, 18.2167926024739, 15.4438047843337, 
13.0192639446042, 19.4373978391719, 18.2576116746339, 17.2973838754882, 
21.5551670863211, 18.8150437439189, 14.35014883177, 22.479966887327, 
21.0263036118975, 18.7768075336098, 18.3778681323, 22.2531229705169, 
17.1782603138792, 15.0862099637724, 17.8891549517164, 21.2176885385399, 
22.0477556698279, 12.3000653501974, 17.401701065715, 17.7628942987381, 
23.5244252817571, 11.7464964877614, 24.1110288373113, 16.8733570655899, 
22.4771508462963, 15.968264541926, 12.4922294052563, 18.0858525334793, 
15.5335944947789, 13.1555975846851, 31.8335478822668, 17.4486887361712, 
20.4479028069211, 16.2098045985457, 18.4863829394354, 16.5097438049662, 
21.726512178796, 14.350833100244, 14.4121283902072, 16.7985791049993, 
13.166694156557, 20.234762396994, 18.4566279790543, 12.9937159018787, 
19.2456505750419, 13.4999791174472, 24.0690869332987, 21.0498001136996, 
24.0442124228487, 19.8717738842552, 20.2719942833994, 21.5013536204137, 
18.1786923506805, 23.105938544816, 16.1986630933798, 17.9453370807579, 
16.2750143596001, 18.2942033251531, 29.7060971642123, 20.3951481742905, 
13.7019505873324, 16.9886788466534, 21.0456665771734, 23.771100040675, 
17.3582801228795, 21.5277079261809, 19.8607448631715, 20.3500933382677, 
12.9386511844441, 23.6017240630044, 20.7096548964509, 19.1389577063913, 
24.2634031247129, 22.022981502693, 18.7634219916106, 21.2015664515436, 
17.893568687768, 15.2419964573235, 15.4683161425821, 22.9095905942367, 
23.6837557622707, 22.5665890899038, 22.1884685999714, 21.9823080046115, 
17.6022326268036, 22.0750492492557, 21.0155589155842, 20.0969272880764, 
26.4852719804409, 19.5408221913437, 23.626900124217, 20.5677355119874, 
23.0250714629198, 21.4995750409825, 20.2582705500431, 19.4731966743539, 
21.9296886487896, 21.2287936434486, 19.3227492424435, 17.2322778657687, 
15.1165942817119, 21.3472774560554, 19.1731731337097, 18.5381134277396, 
22.0319291469686, 21.6784685754258, 15.8130188721111, 22.2036035720284, 
20.5727803483571, 20.8080223692329, 19.0309741539388, 23.0549546641581, 
17.4329345770128, 16.5829807757014, 18.28724336279, 22.6778179606024, 
22.18319041539, 13.5986816978929, 18.3037329442339, 19.0145752334277, 
25.5283697981957, 13.5533858080105, 22.9495586387963, 18.4626446020825, 
23.5285807690628, 16.723730445697, 15.6398178639639, 20.4942016117996, 
17.7209411185605, 13.8257406628149, 31.1605434581437, 19.7926675698039, 
21.3004709667466, 17.5242203725554, 19.4506158755439, 16.9089520461099, 
21.0079469089661, 17.244607491341), .Dim = c(100L, 3L)), variance = structure(c(4.35639759802141, 
0.849854180237456, 51.274274970575, 1.0280434807322, 13.1531725922219, 
3.52239163204302, 3.06224411384845, 3.84746201211058, 7.95734535522918, 
6.37551749384482, 3.38857319178208, 6.89200104962008, 0.951072371428014, 
14.4612301744739, 3.81746920187789, 8.26873713486125, 3.11803986105383, 
16.7863872464121, 2.13186048583466, 1.0563311529941, 2.4409384684674, 
1.1320562013646, 2.26613478459938, 2.87350002372167, 47.1036404128442, 
5.62967636603043, 1.83169125135649, 4.13337455343793, 6.36749898023197, 
3.25418418360604, 16.7474977956276, 3.16193195685272, 1.78547890492653, 
0.730469400049682, 8.02197565915805, 0.905840126722421, 8.35870414653132, 
2.03697462729432, 6.10476915684121, 1.75395763484404, 6.09675503224191, 
10.9074505704324, 1.55166155272168, 0.788388243770404, 6.98641829114643, 
3.91166598414357, 0.835415312098689, 1.79770925140717, 2.77971539731548, 
5.44911399078074, 1.30733569589795, 5.58735521359655, 1.3550484983873, 
5.73435364858212, 5.52889297685006, 0.848465339773222, 5.75036087123736, 
2.02733674401029, 3.36871639559608, 2.3698122761861, 8.33804890946006, 
1.38967644621684, 1.24276102182692, 0.548058770210099, 4.73344443389355, 
1.13205686855578, 0.759208028144283, 3.33229987018989, 5.00308762306269, 
132.196722501188, 1.69486694757613, 0.565606070921966, 2.03557364174177, 
2.20900657969282, 5.08425649842205, 3.37657217474626, 2.41378431108998, 
2.43859195446862, 1.78381320552294, 20.0244757158024, 3.13946474250851, 
1.9539312988824, 0.851856720749007, 1.76402326872111, 0.543064217088134, 
70.8086921859426, 1.82562218614248, 2.06053049690665, 1.18273365011874, 
20.6944980096501, 5.77436441318628, 4.51001775050018, 2.14233004734185, 
2.77142016714503, 3.2532552669438, 3.38071964797891, 3.50496947019685, 
2.13516168457504, 3.16906286604124, 3.63075763090807, 3.80379383983987, 
0.781142224876806, 43.9656546806533, 0.936436948879891, 11.8732212947591, 
3.08195523091049, 2.75381904465894, 3.22740953535956, 6.89223322401636, 
5.9850484028697, 3.0101082593275, 5.99122802399393, 0.872022356131367, 
13.1394162385238, 3.47057310606384, 7.68386827712591, 2.6673154947723, 
15.9187899613276, 1.82439353313902, 0.996372062735966, 2.00701995996948, 
1.05085440874402, 2.04790955271553, 2.37662349220111, 38.5352733165871, 
4.85984852707344, 1.69819115031034, 3.49642555387994, 5.55209419166497, 
2.92761617166959, 14.48121644869, 2.88073167520362, 1.61473448248922, 
0.669374004817173, 7.0375444888359, 0.828003990259969, 7.20806994496621, 
1.86844111355656, 5.54307114870188, 1.57848737580915, 5.35883699175902, 
9.45744850190874, 1.40323964130857, 0.712899891729146, 5.927840067135, 
3.36883370543141, 0.755063195069402, 1.623119429128, 2.59194324444126, 
4.69720114082707, 1.18432490274415, 4.61463667655391, 1.21124702399996, 
5.15622113544288, 4.8403864023371, 0.786586970114581, 5.02167243856613, 
1.78793209748318, 3.08336271049486, 2.19509911205797, 7.30381821550442, 
1.2668839160552, 1.19068792620121, 0.50067149434431, 4.22655070009874, 
1.03000995119114, 0.70397186965408, 3.04105497477023, 4.42029382804871, 
112.657317634176, 1.52792201881385, 0.5408997917936, 1.99777697574929, 
2.02483670789152, 4.59846236133481, 2.79228813074758, 2.06330041720528, 
2.15181127609671, 1.57002670027675, 16.9820179754718, 2.91651210505814, 
1.73911960751597, 0.824654346013248, 1.58032244877937, 0.492330777865332, 
59.0398658296622, 1.61174244546679, 1.92991877765952, 1.08104191882229, 
17.9205461907343, 5.16271452697967, 3.91511369004478, 1.92120900222901, 
2.55110068506378, 2.88260404096866, 3.15717129266507, 2.93926651172584, 
1.96358721062215, 2.77219812697339, 3.06848893949605, 2.37077226321994, 
0.607940730570348, 25.9067192410073, 0.704576389368107, 9.5199202804772, 
2.0431594617871, 2.05937266936119, 1.73913313718635, 4.23290740695488, 
5.19065766802772, 2.15353559139219, 3.93749861646113, 0.690846941831141, 
9.52797598892811, 2.77201724949783, 7.24446211931903, 1.64803979743141, 
13.9447100699471, 1.12870709701471, 0.860123913148543, 1.10845864898994, 
0.807721064780345, 1.41110481180974, 1.54719832083188, 18.0911317327528, 
3.09031547559715, 1.43515334223107, 1.88754822590867, 3.71999209656835, 
2.15526222334676, 8.66852115277662, 2.21357285733771, 1.28305409044893, 
0.517015552186997, 4.30281408413408, 0.625111143726655, 4.1280055727935, 
1.46047137182621, 4.28286928807772, 1.05353622214301, 4.4487502468951, 
6.4397026305351, 0.995056930581086, 0.548794078981184, 3.67870255211323, 
2.11841223418987, 0.568507755537203, 1.17481206715065, 2.14269002393977, 
2.9560472510543, 0.94064204737389, 3.16662367317208, 0.910660880852233, 
4.20198966913353, 3.3171145935044, 0.617396601805773, 3.71146322536776, 
1.24528954025657, 2.35234452109432, 1.86599290032911, 4.75178132574144, 
0.923091279327085, 0.968134099724303, 0.394829098152825, 3.04028187598163, 
0.7992968567938, 0.553837003959961, 2.2457153161028, 3.41260130449093, 
62.4512870453492, 1.06967666819573, 0.432816208819941, 1.96503197712679, 
1.70897638700733, 4.21791083439419, 1.50693121390977, 1.3043563616955, 
1.47723415645532, 1.10639014147588, 10.1782368722637, 2.3190073609197, 
1.34195404729553, 0.808823015867701, 1.10217887159701, 0.3833239887582, 
31.3025526333036, 1.12313153860517, 1.51363533621064, 0.859527225415183, 
10.4514221229038, 4.02619865306779, 2.55260671239553, 1.29213951041932, 
2.13132490645161, 2.20406732719383, 2.63373314249767, 2.07449940830728, 
1.61170357371282, 1.74227102039503, 2.19326289348313), .Dim = c(100L, 
3L)), MSE = structure(c(6.09616571067976, 1.65438684696772, 150.704153518015, 
1.69732812410062, 13.4599724558874, 4.33276485435196, 9.38053432536356, 
12.9534774038366, 8.90457159078676, 65.9207458684621, 10.3637231640866, 
7.81580180195027, 1.83333251396158, 14.4730612321061, 5.70852911760207, 
11.0837273908356, 5.44293155566112, 45.4045403549502, 3.39068465699909, 
2.30331220007781, 2.649454234306, 2.01937602707377, 2.97779253793735, 
3.08459535322882, 48.8518144161804, 6.23035798118762, 1.91205289339425, 
19.7828203915477, 10.2863761572846, 41.3710437032707, 48.9000514099238, 
4.08629624092477, 1.79215316562665, 6.98472923479972, 141.699994773339, 
2.15187256123459, 67.7033519642507, 12.5685173726851, 22.5546810679257, 
1.77987960690588, 21.9524555269893, 21.5740460722374, 2.05339545419453, 
0.79056875591523, 9.38775288434919, 36.6325741603857, 2.88544903650166, 
2.55150905138704, 5.51359622967262, 11.5834022858047, 1.34670482145987, 
5.53152288346751, 3.16976153905035, 7.43874544807612, 6.6684931940595, 
3.3799516791588, 17.4822433682984, 2.53800517006556, 5.84497240831841, 
3.3912276502993, 12.0432821542503, 5.90333625984321, 3.04595941975988, 
1.77692068495973, 33.978823061974, 11.5799256809231, 0.780039102462664, 
5.58462505782862, 8.47513143126886, 311.407606566364, 2.18026546285985, 
5.48336158552804, 2.04120648274851, 4.22049468817175, 11.418507364546, 
4.00733700917519, 4.27231745659091, 2.8280475296015, 3.02219016071382, 
28.8976085358174, 3.58145345710339, 3.93795125444883, 5.11439926578041, 
2.5641715765901, 2.42208772844299, 86.0787438993748, 1.91564185617003, 
3.32417284451233, 1.49662671526533, 203.660504934965, 10.2026587923116, 
5.20306428956537, 2.90652790173761, 2.77973761380354, 8.78113254556796, 
9.3662850913574, 8.66689087155978, 4.59189450602951, 7.92847977291641, 
22.1074629949863, 5.60409142884067, 1.55280925768956, 158.225521558589, 
1.54311235686136, 12.7550734048915, 3.78513037043556, 9.63402315186902, 
12.4653035006311, 7.8814081197209, 70.5245748046588, 9.56904148330791, 
6.93010840889366, 1.7299178568449, 13.0081120892257, 5.36263352289455, 
11.1603141016736, 5.25310344889502, 50.270078475027, 3.35596304419804, 
2.1557619605402, 2.26014651850699, 1.82454775668347, 2.84682777939522, 
2.66637235992008, 41.0336249356277, 5.39066727913811, 1.85946341308039, 
20.2088757984081, 9.67969463733641, 42.0917541245493, 50.710785797289, 
3.69416210258433, 1.66801036953701, 6.82911616330814, 144.609355750586, 
2.0339792992779, 70.6629128455317, 11.680398968569, 20.8991041276502, 
1.66962233973334, 22.5016146896177, 19.9988561996828, 1.85363295174541, 
0.716786626322121, 8.3310092263762, 39.1803588911476, 2.6662262331073, 
2.52044526536858, 5.31317910134057, 11.1622513755876, 1.19476312006925, 
4.56967192991385, 3.07165104376262, 6.86441579936977, 6.04730975982693, 
3.44279345849862, 16.3993307639215, 2.38936500158076, 5.83079404131048, 
3.46040330550708, 10.3018138214598, 5.43930193078712, 3.2064869648336, 
1.73205535159667, 34.1715948991104, 11.1159746153243, 0.713501808957065, 
5.49015090607745, 8.3962815036839, 320.71227437085, 2.06725529624239, 
5.31508201847031, 1.97786310634011, 4.04428514014158, 10.4613189953634, 
3.53833773514295, 4.31035342008857, 2.59915102814703, 2.98399956709132, 
25.2321860648643, 3.32659900713697, 3.71587900303126, 4.90493376745714, 
2.48288405639111, 2.21884697792036, 73.0620449535022, 1.65643482603447, 
3.28043248140653, 1.36116754000861, 208.708025030301, 9.33645536709315, 
4.58206712691217, 2.87600001958155, 2.60321928843551, 9.04349512366146, 
8.79267844069988, 7.54320183154866, 4.93583114436744, 7.55454409184126, 
22.5469498245854, 4.364907771642, 1.34003320065064, 200.111437959896, 
1.16499670738698, 16.2659831853462, 2.61001216077918, 11.6361471913702, 
11.7871202428363, 5.40620865124445, 91.1391018029457, 6.39810998423678, 
4.48398379102415, 1.39785130184309, 11.908562997021, 4.59017134704099, 
15.9918042830288, 5.10090682255185, 78.7102286458227, 3.67392454839111, 
1.61722215822679, 1.67477159261229, 1.25518732921263, 2.51186335049163, 
2.1789199342637, 25.8536816416677, 3.64132143341456, 1.95046228086271, 
21.8534553352493, 9.34597714426159, 43.4015268864608, 62.5603110647544, 
2.79847285353494, 1.77494995727992, 6.23771351160492, 155.670608913666, 
1.63925016472761, 82.5239465228636, 8.65445723795103, 15.8530069459057, 
1.40611406774815, 28.6398882285237, 14.8425428356985, 1.33611305132341, 
0.545796024416602, 5.21079581511085, 47.2577216509343, 1.99895095943583, 
2.48189757030551, 5.16776652062752, 9.68548238862482, 0.951213346525374, 
3.43801812519044, 2.64867501467715, 5.15348098701404, 4.95527441666255, 
3.75602929563626, 15.0440663097989, 1.95478075486748, 5.71935092698167, 
4.469804862409, 6.09837245132903, 4.08838392675734, 3.73104105508725, 
1.57645032999576, 36.3645406209493, 9.62651828640183, 0.548933938044431, 
5.58501368529498, 9.91633021078592, 380.603330172833, 1.75499268118331, 
4.92949907634169, 2.37168298671009, 4.08111233448197, 7.11077537769709, 
3.08425681960393, 4.99871373336118, 1.87556427855945, 3.15211460019813, 
15.2057144309163, 2.54419658451239, 3.46922073248644, 4.44250335493647, 
2.23454697678081, 1.5728690059434, 40.5979642539996, 1.12484313771008, 
3.71922183197994, 1.04241381951137, 229.050839064614, 6.67659218881937, 
3.2657274559767, 2.9068551599753, 2.58442662563363, 11.5595541901685, 
7.41446519550475, 3.96109887516424, 6.66693013180123, 6.55263571229671, 
28.3092062270514), .Dim = c(100L, 3L)), Time_all = c(elapsed = 1.47800000001007, 
elapsed = 622.38900000003, elapsed = 638.910000000011))
