list(MSE_matrix = structure(c(11.4616665879705, 13.0473441088544, 
20.9917709148033, 9.96206557033062, 15.7112610607476, 16.2862770499689, 
8.14026723633412, 9.12418249259433, 17.9852981796052, 10.5814296665171, 
14.3885472964324, 11.0232079203086, 10.3669861175255, 12.5128497818317, 
11.2357991282095, 13.8283194229651, 11.9922080307129, 12.0903764926709, 
9.4304575671839, 14.7071212397186, 17.7736044412481, 15.0250441222409, 
12.5559976501523, 20.1099214693749, 18.6812837419907, 12.3513963288012, 
16.6382685991448, 13.3308275508375, 16.9774896240452, 8.71059046344205, 
17.181618521387, 17.9309859104722, 13.3346671344872, 16.7209943414785, 
18.6769248632386, 21.4261580801236, 15.0438037177531, 15.4907170720202, 
16.9615376442117, 21.9081816975107, 18.2416192773391, 11.0726139747547, 
10.4535587826213, 16.8839340861827, 10.0989711670833, 12.3876643986334, 
11.9300593195725, 12.9395134075112, 14.3098608239618, 12.1394083072917, 
8.84479066714882, 17.6652104131336, 12.4943035725477, 10.3990366711037, 
17.4917711706016, 10.4173163347932, 12.2589631918669, 8.03712174054113, 
18.7126379325061, 12.7109723787715, 10.0416412554961, 7.70816402376286, 
11.9781908019383, 12.2168058563245, 16.2065591682049, 16.1633108086867, 
17.6202442946416, 12.2000869976351, 15.1578623547696, 12.5318600636775, 
22.268574122884, 9.98145500924324, 17.8562249508571, 19.8464866965669, 
21.4056456074531, 12.9071753839735, 15.4169017959291, 15.7546540333738, 
15.8262624871128, 18.5960443762472, 12.8911567052472, 8.85301468232584, 
10.2687089494198, 18.0622059390122, 11.066269229858, 12.8985933692493, 
11.924307989854, 8.16140604247821, 13.6118294476658, 18.3044957427266, 
13.8104159579512, 18.2002948624332, 12.8930420421255, 15.5256070700698, 
10.0081904982442, 13.4344609284271, 15.990356372614, 24.0577287319683, 
13.9254038206175, 18.0101095306201, 12.4420908742777, 14.7024759201132, 
19.5758300159171, 11.1292263692291, 16.7621583318948, 16.2309667593664, 
9.97755782406372, 10.4365642586097, 18.7833427869413, 10.3498536465569, 
15.3228339921289, 12.5294944438767, 11.5640225423696, 13.5497401100401, 
12.2492167843308, 14.7129628199354, 13.1112610450584, 13.0545101801473, 
10.8716330324656, 16.0556162224473, 16.9940698501158, 14.8983692465944, 
13.2766101741386, 19.4136494021037, 19.2428387804598, 11.9887409785942, 
16.6239534525148, 15.0826587478872, 17.5773904355956, 10.0275569549741, 
17.7677742410547, 17.2439221867869, 13.3844334563874, 15.2147181539288, 
19.3736423132888, 21.6051704829205, 15.395833379039, 15.0067001409766, 
19.128341298909, 21.4989390593733, 19.5612513343308, 11.9598214008928, 
11.2675152458796, 17.7252421231471, 10.5739425545355, 12.7749218532352, 
13.4548367264176, 12.9762283273372, 15.3720112137718, 10.817485751623, 
9.89082835038223, 16.9510240695151, 13.0217503042326, 10.5539335043853, 
17.8333164398016, 11.1147187939654, 12.9356485444471, 9.45851794961773, 
18.2353498509384, 13.6365871934736, 11.7955291695592, 9.0311166132094, 
13.1167974344414, 13.9561163168867, 17.5653380024867, 16.8403407863131, 
17.7432062601915, 12.8337523826227, 15.5400515376123, 13.8201845802225, 
21.3205949666593, 11.2292655913533, 18.4727338600559, 20.8488587718045, 
22.3102018863397, 14.716410701015, 14.8701871182835, 15.324281436746, 
17.6556790981388, 20.3093855362115, 12.5981584778683, 10.1457584692708, 
11.4930357051692, 18.8310208907335, 12.296507177948, 13.4657941901083, 
12.4724327978496, 9.6500920626078, 14.663433131277, 18.8989351106871, 
14.0634263671948, 19.1184049562292, 13.9306996883935, 16.2996685772202, 
10.9032390345079, 14.4027015211217, 16.1862849838575, 20.2568487935796, 
14.5459703822731, 17.6351310423331, 14.1897213571921, 16.0470796199369, 
19.6810650307462, 13.054200295708, 19.2111271651967, 18.2974271623232, 
11.5991766870026, 13.0999559919029, 20.1103299927547, 11.7592992066645, 
17.1437742282682, 14.6261359796237, 14.0603148175587, 15.0079423794553, 
14.1545677479133, 16.0133947132541, 15.1167650499988, 14.7631542428122, 
13.4065000914394, 18.487232798641, 18.0712319522653, 16.1396367063374, 
14.8358304761112, 20.4780600979901, 20.3687286671834, 13.5783825249721, 
19.0576379809336, 17.5959380194048, 17.8286114263279, 12.6926789575797, 
19.1600832867473, 18.2590460538518, 14.7757120574502, 16.0174329794171, 
19.96557615902, 22.356018821797, 16.7640906569761, 15.4160925736421, 
20.532669469136, 22.3407828179409, 21.20718068035, 13.8402267872563, 
13.4091899971552, 19.3246141725344, 11.9002373938995, 14.4346687240605, 
15.0397139059842, 14.6400743100111, 16.9517387689025, 10.433058263819, 
12.2577168953186, 17.9086642850766, 14.3971052027631, 11.6346541025484, 
18.768916077259, 12.9325847009043, 15.5687793893452, 11.5620895623605, 
19.403601215711, 14.7817085905602, 13.84721662607, 11.6411529001059, 
14.6732562113888, 15.4522283804898, 20.0690461523677, 17.6894328160416, 
18.2767730786608, 14.722360401525, 16.8249459312354, 15.8895257838673, 
21.2089384502336, 14.5631535809425, 19.405743042859, 22.7579017893688, 
22.9146315156682, 16.0067552156991, 15.9535310522368, 15.754411190038, 
19.2208683576648, 20.9581969700651, 14.5020103364718, 12.2652264032318, 
13.8783597274879, 19.5069843115162, 14.4541019036489, 14.7127517832236, 
14.3274215990101, 11.4158133330184, 15.9038902996337, 19.562074167746, 
15.7444002339277, 20.0568051223678, 15.4258535603182, 17.0669967717181, 
12.6774451758492, 16.5536489804534, 17.9904279561924, 19.7970015538391, 
16.4850535772399, 18.8362921306856), dim = c(100L, 3L)), variance = structure(c(3.79923576981254, 
0.367317933938389, 47.2821545775539, 0.71784786547135, 6.51729342252633, 
1.88710171948336, 2.57203882734315, 2.48396217687879, 4.70924823229695, 
2.53128032682256, 1.96322685338016, 3.97716329417013, 0.633637829785916, 
8.357904122999, 3.24785196271447, 3.10672242467939, 2.05455918756464, 
7.48061742091136, 1.58366175906272, 0.587840488190498, 2.41597735677767, 
0.596022871422871, 1.6638518923298, 2.96288369985776, 48.0836426542697, 
3.69074824802172, 1.23758774357519, 3.08161109596137, 3.00008787884678, 
2.67172296088691, 9.35169295176054, 1.82716897742342, 1.3244643769367, 
0.399608903186591, 4.13346587205544, 0.653496154162159, 7.18645419920028, 
1.44238632595395, 5.67955534904737, 1.52332539764506, 4.57847249137715, 
7.54516170605583, 1.2154108757633, 0.643330075790336, 4.36627874621086, 
4.12390877805386, 0.728798248409776, 0.962502049322108, 1.06078393663497, 
3.46123187068948, 0.451320116745752, 4.27202818451519, 0.924364231193845, 
2.7710450185741, 2.81461435530365, 0.52754374841492, 5.25944121699233, 
1.77577173270702, 1.83117153290042, 1.22054487770799, 6.54573213716488, 
1.09445007260604, 0.621622794252576, 0.429753920779982, 1.90515631499797, 
0.50826322442025, 0.569500543321499, 2.41883295676711, 5.05072036672304, 
114.764116409723, 1.11092036976778, 0.347170874073684, 1.38278741581834, 
2.89101639260173, 3.94619993103195, 3.7629205194393, 2.06515887997237, 
1.46994385179906, 1.15442538319035, 17.6412868718245, 2.04488453571516, 
1.64248652044932, 0.573567738431985, 1.11367169467011, 0.34106609465813, 
50.0013662310067, 0.822143857178841, 1.90951427358445, 0.819610154887301, 
16.8361132791418, 7.86790130029784, 2.34029488403484, 1.52182662206262, 
1.88412114572799, 2.4677561215594, 2.21944330615094, 1.47209489228929, 
1.48396545509738, 2.95236231679532, 1.71958283721672, 2.75009473823188, 
0.303712987303944, 30.0003953265304, 0.465894337262839, 4.56843344440393, 
1.3368834865395, 1.8195393189689, 1.47445509675512, 3.8593836822981, 
2.29601516925582, 1.43570735976984, 2.90150533180308, 0.576975025903138, 
6.55339876383566, 2.38895108111022, 2.52177225149849, 1.43827425051311, 
6.95149399671553, 1.07062139463607, 0.515439280112199, 1.3242976069527, 
0.534547068918079, 1.32966911532317, 1.68869762437517, 26.5055567502072, 
2.4140633632019, 0.893107705598452, 2.1948333153512, 2.08681194757536, 
2.06757814085903, 5.87551114806483, 1.27304447322168, 0.947363473950433, 
0.328615293041829, 2.45373807475286, 0.511516656989234, 4.71425118291965, 
1.15367545243111, 4.02600966346664, 1.12783056088366, 2.66683900068543, 
4.6944522776384, 0.836065340741172, 0.467967209667894, 2.65819023538511, 
2.76621141345166, 0.531097625162454, 0.692935338730042, 0.720729179813062, 
2.23571689858666, 0.398577146345265, 2.31323960359692, 0.757085130630679, 
1.98960689527603, 1.89071943100206, 0.455850101233737, 3.26018270438211, 
1.21308991847769, 1.5610941394842, 1.04025211953205, 4.42046233965841, 
0.743670037775061, 0.522299833014531, 0.33717168801482, 1.47935400508415, 
0.420350914734732, 0.455388493180971, 1.80360884320996, 3.30460424063357, 
69.1273195875482, 0.882869289549778, 0.288362039745737, 1.05046039724684, 
1.97189813516718, 2.94320138608979, 2.05163655041457, 1.38146648695323, 
0.993215937100868, 0.859371933418997, 11.3002481026563, 1.71930681310054, 
1.11359117668632, 0.429321296875849, 0.858977692453103, 0.251535631933329, 
31.5246455703491, 0.605687206300558, 1.32189591857465, 0.665232271940467, 
9.26591265291077, 4.75709083707446, 1.53780574236944, 1.19481435993599, 
1.48841752658734, 1.6128014753815, 1.69745224042315, 0.917518374397815, 
0.971840495505818, 1.97616192612253, 1.01297970073621, 2.09734821087406, 
0.263207992601165, 21.2333259256695, 0.41927589384553, 3.8529835472275, 
0.924762962971941, 1.40873718083331, 0.990150298662112, 3.02441920781909, 
2.19622957506459, 1.14458031216487, 2.31139672699223, 0.522317080280867, 
5.47783882115136, 1.74970429846652, 2.6728068953635, 1.04839167216581, 
6.8561044499797, 0.746702294220387, 0.482539797585102, 0.9084917910075, 
0.493904605958158, 1.02227049934499, 1.09297076329187, 17.5224357191156, 
1.85231249729962, 0.746852477081239, 1.47240157304375, 1.65886109407822, 
1.76035348496401, 3.89408346384351, 0.950991311220416, 0.837254490627127, 
0.284005895236169, 1.58001153881725, 0.440541721547771, 3.08096428855577, 
1.03206809770166, 2.92479569609531, 0.841659321758975, 2.1068236577841, 
3.55080236205271, 0.619925024432904, 0.422124734132648, 1.96515247479148, 
2.07449590993078, 0.436012146109029, 0.550020187736783, 0.619827552255744, 
1.73717021720788, 0.384818854030146, 1.51139595781787, 0.734632238295432, 
1.80166489331365, 1.54085241427263, 0.409438134996925, 2.48468822614609, 
0.924327449284134, 1.35645097485944, 0.972531413033067, 3.13875658068896, 
0.549283132561599, 0.478375383018003, 0.280255525071294, 1.24473124788365, 
0.370669914450205, 0.39259989055867, 1.40831759852459, 2.45046040732873, 
42.8991346500134, 0.682311733441951, 0.243887069690396, 1.00830529308386, 
1.35277962954171, 2.79915863256273, 1.31131549333671, 1.01184177631324, 
0.725495438635017, 0.786160100451253, 7.86295621563947, 1.41540184562636, 
0.827804658996821, 0.380290151498643, 0.67016903305874, 0.241996006778509, 
20.1056624548535, 0.501208973718662, 1.03606128714142, 0.564200203855247, 
5.2142781750636, 3.20613614713024, 1.12178044510737, 0.913274728243635, 
1.25184696536824, 1.34435118784836, 1.39003284398988, 0.826884469897756, 
0.787596282281581, 1.3685593264948, 0.855318849836358), dim = c(100L, 
3L)), MSE = structure(c(5.08066792338685, 0.980311661527908, 
96.3387212023845, 1.43138995521378, 7.23270490359488, 3.45379320211741, 
6.67513645425578, 10.7156439981196, 5.78575737911734, 39.3250138767274, 
8.83821705914478, 4.13800378993914, 1.59855253739778, 9.94958254924887, 
4.46481885183761, 3.39104057465444, 2.92465938065615, 17.2392885327928, 
1.72310514134731, 1.70085626366043, 2.61833114237819, 2.2100522186518, 
2.06953712578895, 2.95960609637045, 47.6470148054541, 4.20982197393813, 
1.30584052100184, 13.9285910634726, 4.71472112855653, 34.0445000935188, 
28.363044317963, 2.82644944278891, 1.40865488389384, 6.45228020154601, 
140.667209190877, 1.57684202680289, 53.6554395211395, 14.529416729345, 
23.7170602570351, 1.78549328864869, 15.2122339597382, 24.7908934857552, 
1.73368769558607, 0.686880863196537, 7.97786455054456, 22.4684715037434, 
3.17103636028626, 1.04864526588677, 5.99092140580782, 9.44741989678542, 
0.580913989359028, 4.25094656230244, 1.94363089191251, 3.82659736538004, 
3.30504937955614, 3.03897647148485, 13.4914785258846, 1.76101413638794, 
4.59735041615944, 1.34549881155413, 16.2019489944836, 6.8746816851032, 
2.27357508520356, 1.55658840154793, 25.6338748890075, 11.1661748209748, 
0.626855423754176, 4.09081803686808, 6.95615026366343, 198.834411137556, 
1.32947059253945, 6.50394779391982, 1.78129889783778, 4.40683724329703, 
14.5030077622798, 4.40397267930585, 2.44456767331321, 1.57838208431266, 
1.88663494526233, 23.4184929250646, 2.40636948742099, 4.8136529399834, 
6.45931660493408, 1.46926872122513, 3.29500999286147, 57.8404623596328, 
1.09946061689308, 3.50679836881274, 1.02044749223119, 178.722360148892, 
15.9910930917041, 3.15436446441106, 1.66492198128747, 1.87604288977815, 
5.43453088555318, 8.62003047280947, 8.21301975001778, 2.65018419720737, 
7.97034022678833, 17.7424756275517, 4.24479006695088, 0.905269027061331, 
122.92583105872, 1.00690898392958, 4.58394432825851, 2.35142070752853, 
7.07336529071057, 11.3181449411068, 5.25743378580077, 52.150506733503, 
8.31197294910498, 3.26888887321098, 1.58703042663613, 6.62828851621563, 
3.69156678372042, 3.78415876660696, 2.88481629871979, 29.0105106835418, 
1.70255720349048, 1.54452787697443, 1.81048064296557, 1.66681863257308, 
2.18658705290255, 2.08362702369522, 26.5818135025815, 2.7185115860272, 
0.897537694613366, 17.0712875176004, 4.1526680969494, 37.4528636766328, 
37.6232815485266, 2.04000787057233, 0.948717976937656, 6.34863349821499, 
150.875980842958, 1.39197735504844, 65.0506649654127, 12.3027809894805, 
19.5536149943333, 1.11692511391317, 15.5642213295236, 21.4617187450372, 
1.26635740096549, 0.467743686322367, 6.85207023242342, 30.493918694783, 
2.81656470444823, 0.971629492924508, 4.72827078958638, 9.40645019827757, 
0.420754966703761, 2.29215735310547, 2.22865639502387, 3.77750629860556, 
2.41702372378134, 3.15661035606902, 11.4542971099035, 1.27057958282341, 
5.16876812888904, 1.62974897283587, 8.8437698569423, 5.72964530863553, 
2.75553140226396, 1.59392581971031, 26.7501782976735, 10.4723241104369, 
0.490661859125038, 4.26851869705224, 6.526899746685, 244.755421547599, 
1.39912107614326, 5.7176933998781, 1.16577250046536, 3.53632534938053, 
11.7454162642314, 2.5980535561568, 2.49786396518847, 1.29035982493142, 
2.02476579913836, 16.7501483751848, 2.04550186854866, 3.98127101622886, 
5.46590676000589, 1.66214320994748, 2.81077791147375, 39.8131787712623, 
0.750754232773506, 2.97701678046539, 0.819716876436829, 199.817385847528, 
12.4775019715806, 2.30899823277359, 1.89562636092128, 1.50242227575706, 
6.6911000149985, 7.17455996597892, 6.12366049445757, 3.20036379661675, 
7.5873134813961, 19.4598189659904, 3.77595781184985, 0.90766984398354, 
156.287823308239, 0.836448325686083, 5.9746953061787, 1.69608294745155, 
8.1414697576221, 11.9428527455465, 4.64428369289229, 65.7400453376379, 
6.96482649384381, 2.65138328186426, 1.47756559623002, 5.93548898605395, 
3.20348849145333, 5.98356467747767, 2.99953535018815, 46.3006946111287, 
1.9019254500584, 1.33355814372768, 1.74646668092481, 1.2878026525735, 
2.25639882480502, 1.96656312030007, 19.7528996511921, 2.14360715371025, 
0.863642089919445, 19.3499471827424, 4.35895129127209, 39.5161180812394, 
49.459769429962, 1.57751022471611, 0.849367105834959, 6.11283995095672, 
158.487402926624, 1.24743011625333, 75.3141217127198, 10.2501692462172, 
15.4045926917143, 0.942536953670121, 18.6036012902999, 18.6831194360615, 
1.01872785454808, 0.418497320520279, 5.67104396569538, 36.5954325631639, 
2.46045881324039, 0.991613088174921, 4.1929957427297, 9.3029891898066, 
0.381114175731167, 1.53850709858813, 2.46171491906084, 3.50609143362775, 
2.20460949629999, 3.33120002393437, 10.6543347585448, 1.12148482326818, 
5.06756098183264, 2.25416953790885, 5.52885856863179, 4.87360279151841, 
3.17315619696542, 1.55703103455388, 28.0905111781582, 9.82447663695412, 
0.41257145825626, 4.52302727200642, 7.36870158845094, 314.615782214008, 
1.42732432035952, 5.18463862428905, 1.00258236477818, 3.01960935525805, 
9.40237252951646, 2.21470224764488, 2.87619601711365, 1.11780346539682, 
2.42610083974927, 12.0121226464267, 1.6676873450866, 3.61569436129869, 
4.88391492644234, 1.78486403397527, 2.34050484072594, 26.7792946624353, 
0.524794377046582, 3.10299582231713, 0.658410815765973, 218.220599606137, 
9.08916324632636, 1.85792691110204, 2.21356322499905, 1.47884969949732, 
8.82379436635356, 6.50203249061161, 3.8323199985791, 4.43343457196045, 
7.13232363952993, 23.8124535936784), dim = c(100L, 3L)), Time_all = c(elapsed = 7.55599999999936, 
elapsed = 279.222000000002, elapsed = 280.518000000009))
