list(MSE_matrix = structure(c(12.9249651343826, 18.003864485948, 
17.915481449572, 22.1756794648435, 21.5811732503912, 21.2049557900723, 
21.7529833762944, 23.2453143412154, 24.337641372272, 13.6116269928461, 
17.3332216223997, 20.3350431777964, 21.8696246194748, 16.1088912761116, 
20.2987409936507, 18.1215302462373, 19.3401790483544, 15.6009820523899, 
18.6061510103492, 19.7003778431242, 24.9913569312224, 22.5500059654606, 
8.01565549553007, 22.8283841561564, 21.9018081117203, 23.1477937883847, 
23.3697692712695, 22.4300714853913, 10.3001412495944, 22.3153922666826, 
24.5367460511988, 22.0581001631971, 20.6363359647733, 18.0202456607122, 
15.3980257305902, 10.588851897182, 17.2572038447102, 16.5528231027553, 
17.7745751168631, 20.6956260825918, 16.867306270746, 25.5478181027898, 
23.6663316823363, 16.5339517917638, 15.0173594012548, 11.7772985829251, 
18.5184869160646, 21.3868412963233, 15.7859654495329, 21.0625088140835, 
20.0950268368334, 23.0810928442048, 23.0039998065873, 20.6817014449805, 
24.1322129066663, 13.7419807639054, 18.5276778536938, 21.8883665814061, 
17.3138350042788, 10.3552997130665, 26.3731494314789, 25.1436462191506, 
14.0060380426813, 18.4890976524763, 16.9405727120893, 21.2063254233212, 
10.1209214764172, 19.827857599358, 15.7880350547661, 13.1544961297769, 
10.9454298443222, 12.6383011729884, 16.5930099408918, 19.6106216576959, 
12.6890347682668, 16.9028354490643, 22.12173946933, 17.4452901665568, 
21.131567717206, 18.0033649074459, 18.5766310559337, 15.5306739514372, 
14.8512554360454, 21.5949222964026, 22.7170710218111, 16.6880063734789, 
19.9857366271657, 17.2173299198297, 18.1196352637104, 19.492085394204, 
15.2609390701322, 26.8578400277658, 20.31887978981, 14.4931458115198, 
22.1586650728281, 16.3046982364451, 20.4516240042078, 22.538606745259, 
20.1462541408913, 24.4320111492215, 15.7400056794938, 17.2109144360776, 
22.7226286401612, 24.6288094670447, 23.7210111277517, 24.1070891285158, 
23.1283258202284, 26.0840454074032, 24.469622671147, 16.3166725710953, 
20.5444689573915, 24.9693054198764, 22.0575934087894, 16.7280407878644, 
19.4705543713202, 20.8136213677021, 19.245179907591, 17.7269049638865, 
20.7778529203737, 21.5161534893241, 22.9421677949965, 24.039945424073, 
12.9574480232561, 26.7854366874039, 22.4547394406858, 20.8067658755273, 
26.4167914522251, 22.9596421100696, 13.8986495063596, 24.1579946758853, 
22.6948725893949, 26.2972729822753, 23.3235061033628, 21.0688800704776, 
20.0513632690291, 13.8856086176545, 19.2949820789299, 16.6176511722906, 
21.0841842593426, 23.9065200125435, 18.2171267968904, 22.9314138077542, 
27.4998402527633, 20.1853184714529, 21.3020033535574, 13.2523493623746, 
22.3710532532262, 20.6339193672248, 16.8055151621975, 23.8724602535285, 
23.0657473033619, 23.0518694107497, 22.7454052899687, 23.0213397215032, 
26.7840747274018, 17.7018574625577, 20.6591770688534, 24.8704002593065, 
20.4031806072407, 15.3611395407789, 27.7106144741727, 29.9583319910644, 
18.0305225327611, 20.3897932619174, 18.456275518902, 24.2547259610664, 
15.9798858828329, 21.5342555459992, 20.254622793435, 15.0005291505097, 
14.8742359861393, 16.0300573004325, 20.1363814203023, 22.9773496980701, 
17.8332441309548, 21.2974540417953, 22.5039219397953, 18.9915624956553, 
22.7976601566098, 20.240997515894, 22.6537746414288, 18.6540524566308, 
18.1300864137832, 22.5797333924122, 25.7869794355823, 18.762995235176, 
22.9405272751376, 20.4018016230599, 20.9702492852448, 20.3847881701992, 
20.2972429145626, 28.2642042586787, 22.4544162874981, 15.6300051367115, 
23.8546638324327, 18.5967793700513, 22.1908985014697, 24.7741906720096, 
24.182847431775, 27.5522470953782, 18.2832675759946, 19.2220187216371, 
25.7238799882284, 26.3351136015287, 25.5850119152899, 26.0964940802702, 
25.2268769381506, 27.557212068898, 26.5238389714474, 18.0325092930153, 
23.1371278467387, 27.4495685988223, 23.347927599399, 18.5733330746144, 
21.4720009903446, 23.2445313115853, 20.5327884536602, 19.8955810850938, 
22.1168997693276, 23.5657549278817, 22.8475045003003, 25.6155479573337, 
15.8499367911009, 29.2637954860968, 24.2671692364597, 22.530039556989, 
27.5878879809987, 24.9598981720502, 15.5940682134191, 25.0891984344168, 
23.4314732318618, 28.5114687468506, 25.2238066122605, 23.3693528358746, 
22.597953788277, 16.1546308152075, 22.0170461653159, 18.2053289386488, 
22.8892985221033, 25.2722505378272, 20.6948970924623, 24.3288589601386, 
29.3152477782082, 22.0280867085787, 23.9487542608768, 16.1116267482154, 
24.9500508117047, 21.6487436077818, 19.9170296379891, 25.5354865446249, 
24.7207106245191, 24.3388957418319, 24.7108586017414, 24.8733738343421, 
28.5453111795803, 20.0042300845283, 21.7208708766984, 26.3252002784765, 
22.8807830838441, 17.6577864682752, 29.2766015719482, 32.1174823282377, 
20.2454345181324, 22.2541412450533, 19.8629710400291, 26.0980339854628, 
19.2023455804554, 23.1621384240818, 21.9440251524156, 17.5109044405767, 
16.5868417341952, 18.1567549525148, 22.0807519651442, 25.120686733368, 
20.5499890838588, 23.8893627684685, 23.7646496474972, 20.4345002761345, 
24.42144778856, 22.905911468665, 24.4326998451866, 20.7121298398288, 
19.5258538227062, 23.6067917990461, 27.6934382433024, 20.0265764045607, 
24.5246684412082, 22.3399182150989, 23.3242296879629, 22.8180990464523, 
22.2402726184192, 29.9724050327461, 24.0795681743214, 16.8812897134531, 
25.3873527244884, 20.6440428297242, 23.573647991814, 25.6242951254132, 
26.6463706682183, 29.278435211835), dim = c(100L, 3L)), variance = structure(c(4.09115121708145, 
0.862270497652844, 53.4103319765468, 1.91343082454677, 9.95135634918869, 
3.30848023536055, 3.03474868563466, 3.40504685203233, 7.7195772298644, 
6.38533645356646, 3.03596527456732, 8.33217061888569, 1.48860362179244, 
15.8588150243275, 3.10654707467198, 5.82191455258392, 2.62367815310492, 
16.5516561189394, 1.88149375694724, 0.931745387721745, 3.00373716930295, 
1.21497450994179, 2.4281122634839, 4.11379352059785, 51.3864372632489, 
5.5308969307328, 2.23765478801491, 4.43743748777839, 5.70879727894617, 
3.18606146732996, 13.9084855847956, 2.35475091393302, 1.5106679738541, 
0.86990924382576, 6.36834808187839, 1.0352370944608, 9.76272436756791, 
1.92621482456437, 4.08831274272718, 2.06211411486679, 5.59062714760585, 
8.87039860546359, 1.37686173418246, 0.980890115663883, 6.62904864148863, 
4.81608492290631, 0.907059990590811, 1.38960707298173, 2.40844885693052, 
5.57441289653306, 1.28957011824479, 5.26405605018301, 1.40718649831642, 
4.21458399935803, 5.16659117655334, 0.964296097636803, 4.72862182846557, 
2.20703228478011, 3.40908125354422, 2.39772680012174, 8.94653063341668, 
1.1963238461659, 1.29477130518627, 0.854929593867411, 4.16230362976785, 
1.08080120643232, 1.03403943805136, 3.6006999172327, 4.4393628185247, 
119.61754995558, 1.85577302688858, 0.68393303777681, 2.13838909433473, 
1.87317522495662, 3.91027633869626, 2.91870509339704, 2.23670925471177, 
2.2744927819806, 1.62259231634332, 23.6070201824889, 3.26716711999972, 
2.47568458279964, 0.897693435006269, 1.96278871289401, 0.532374317759745, 
59.5315573194555, 1.31262296514862, 2.56820296091288, 1.62650919831708, 
17.9186413495238, 7.73738468352842, 3.54014268585755, 2.37855083969815, 
2.9180508083644, 5.43153921638302, 2.52040493673088, 2.32609344360757, 
2.16654036595399, 3.49918424933535, 2.48993405989058, 1.80092404308532, 
0.468077123992622, 22.2296189657912, 0.902886780996813, 7.7596554537873, 
1.79957370747467, 1.58762898695858, 1.33009099675673, 2.396270491669, 
5.08195805309201, 2.04748933553519, 4.10226327470479, 0.934487637071214, 
9.71458327789148, 1.51931715247417, 4.88666927399641, 1.14596620110589, 
13.4637872508049, 0.681207400344144, 0.680051065901423, 1.17560722473678, 
0.773862266004913, 1.12571268769829, 2.11625284566699, 15.7795458643738, 
2.59363479805917, 1.42839653995357, 1.83563333389287, 2.92612612199556, 
2.07985868808167, 6.18515524898553, 1.62205018358415, 1.12581073263809, 
0.465734816408949, 2.9972949469915, 0.601159069216541, 3.66147314559171, 
1.40398889762177, 2.80463968609461, 0.858559908316424, 4.43260042486564, 
4.56712497336624, 0.73561244967852, 0.556119132852746, 3.1786584399202, 
1.99691115366019, 0.391460560685637, 0.861931748597912, 1.80598705942175, 
2.6271115997127, 0.811392369955157, 3.08321438598411, 0.846930120459444, 
4.06462245409201, 2.25326959255769, 0.570396083140854, 2.71127757049988, 
1.09483404287283, 1.87218807128834, 2.28155213108845, 4.04105084362806, 
0.652381281963011, 0.783865278737303, 0.435842045287511, 2.23297116880082, 
0.673339208543575, 0.557152975891937, 1.8390853403198, 3.20487635008899, 
43.702185597471, 0.885303773729238, 0.466787073118353, 1.48084717110157, 
1.07113394819108, 2.98062992745418, 1.10093646977031, 0.887852434562286, 
1.12763058942991, 1.01324743301176, 8.57736789042204, 1.94788015465738, 
1.5615761931291, 0.830637555750862, 0.942412628009715, 0.291986026236714, 
24.4784653133785, 0.741119636312421, 1.5971967880199, 0.939146927678102, 
7.59342450611694, 4.37254303570505, 1.957044335227, 1.07295462129148, 
2.22105765588635, 2.42058225387728, 1.56201436894528, 1.59347920568249, 
1.41921011833052, 1.17840461150012, 1.53069995310091, 1.47184167350758, 
0.411939952010576, 16.6398355411965, 0.736096286530025, 6.83453796795744, 
1.56238999098862, 1.46336419901664, 1.18819157311312, 1.88303972446613, 
4.80792844874425, 2.09650547597111, 3.3682723242959, 0.814797163230435, 
8.04885643803804, 1.45926026386189, 4.81095105830443, 0.911945784726149, 
12.2109119691996, 0.557656684867868, 0.589390271243065, 1.06947236115361, 
0.659358963464312, 0.927825414763108, 1.93003686101651, 11.4767570214113, 
2.17444928086646, 1.34126528617444, 1.44878165621095, 2.40959699467777, 
1.80683874057195, 4.71394435126268, 1.5206019634099, 1.04168679156729, 
0.388430552317953, 2.26036596425948, 0.532779916456924, 2.86007134801977, 
1.2868658358854, 2.66209480761899, 0.68835322145249, 4.4104706706308, 
4.25003211494902, 0.644990370208361, 0.531700896423052, 2.67040153741651, 
1.52231897404983, 0.338708498802796, 0.766452740718642, 1.92350223275636, 
2.22168973750407, 0.720959613003063, 3.06041923706683, 0.720543823440369, 
4.19912361227427, 1.75991749970369, 0.497357242533308, 2.67766526622873, 
0.915289421775019, 1.63970822510213, 2.26197687497361, 3.18919754277302, 
0.573783727338951, 0.672974345127065, 0.391358851579148, 1.84606133734698, 
0.605181703072291, 0.497155969832894, 1.55658407432992, 3.16894598763403, 
31.8432387933803, 0.738199698687635, 0.404970420582084, 1.21062068512865, 
1.11317534751189, 3.19116453541947, 0.911565448521769, 0.694042190610862, 
0.966252669002053, 0.907477031591321, 6.46358399321317, 1.7504343287605, 
1.58427483872398, 0.835584158976262, 0.770947520783807, 0.249747323794144, 
18.3901143114431, 0.620931825008875, 1.3350294520271, 0.79213724542276, 
5.43855286881588, 3.8612318419641, 1.77824873902814, 0.875869594090617, 
2.12222507350517, 1.98464425523736, 1.42504750227198, 1.48314437775894, 
1.16836588221767, 0.868375612928128, 1.42726815808472), dim = c(100L, 
3L)), MSE = structure(c(4.67805140978201, 1.47458996778562, 149.077676223126, 
2.21473434194733, 10.1145892719876, 3.95704928157639, 8.15566874071277, 
13.3962505329618, 9.3312012070162, 64.7149499171707, 9.94721208588287, 
8.50841529150298, 2.72906439852631, 15.7633733820061, 4.28356298062576, 
7.41155122674031, 4.8101925230982, 45.2451585145254, 3.07389350970901, 
1.66720236948058, 3.49573446188569, 2.20361695277501, 3.56884357726116, 
4.64795017763977, 51.5820337912841, 5.8724732345825, 2.24895679637974, 
21.0825571080622, 9.34896053905829, 42.7778674706139, 47.6705438460633, 
2.7994824609118, 1.49681857234932, 7.20920286993899, 148.093630972025, 
2.31895349532417, 71.2201054834091, 13.6180546549095, 17.892032318123, 
2.05511014283803, 21.1198282315884, 24.166264045672, 1.99475707058336, 
0.998175889889133, 9.06094551695065, 38.6301242252736, 3.31961315745207, 
2.14846281449297, 5.40247061638407, 12.7657088741392, 1.27699710030152, 
5.53656493395524, 3.3018072441653, 6.38338643120478, 6.1115614640894, 
3.20322415564422, 13.0758985894856, 2.38449318237497, 7.90683907891167, 
3.23175401161689, 12.8208162765829, 6.40083713787326, 3.25174804029832, 
2.18757177470293, 33.951210300162, 10.9052467675743, 1.1077757091466, 
5.66365481525354, 8.9715956083324, 349.206389428452, 2.45488896812913, 
5.6446623231764, 2.16293230483911, 3.90679456710204, 10.9341689627718, 
3.54297286872019, 3.94761203456345, 2.61337820017927, 2.68873271466334, 
26.6878869041126, 3.81719455903698, 4.67863787761397, 5.03897667225782, 
2.76089314752706, 2.80471484301031, 69.254553050578, 1.33301847065733, 
4.30054863401638, 1.73750884887652, 201.461181879653, 13.5049515529956, 
4.14626598306681, 3.42703687655435, 2.95550176933077, 12.8493812218915, 
6.91455461138189, 8.13606773351203, 4.78160223774006, 9.16723386681693, 
19.392855891612, 3.20666508830771, 0.990150995618421, 221.268875365696, 
1.06242557408002, 18.1114399905073, 2.455568402469, 11.606793859889, 
12.3200983278298, 3.15643688214353, 107.947103080017, 5.13988207526404, 
4.06232481615162, 1.76130367242441, 14.0570943132206, 2.95045878319868, 
17.4398708063792, 5.56944703496955, 94.3926304591978, 4.27651078844674, 
1.14746711242178, 2.07101565907046, 1.14095490166465, 2.38207572627816, 
3.05026663644839, 24.9564927502303, 2.96975393782627, 2.03899795587401, 
23.0276353864626, 10.9636722868037, 47.1029139503929, 67.154382831587, 
1.96299300232511, 2.00926686449869, 6.01323579773703, 162.58700900531, 
1.48890210569446, 88.3128020432806, 7.38692315395546, 11.9977291404768, 
1.42200707403711, 35.427883939898, 13.5747337558163, 1.01274275205925, 
0.550873521195222, 3.88967150457066, 58.123980607721, 1.70166818551354, 
3.0621777311888, 4.99012670739153, 10.0897151740815, 1.05240479090182, 
3.43210979248516, 2.46536280195514, 4.88776750302544, 4.83759041480151, 
3.98183015606849, 12.8805902282818, 1.835173876553, 8.19887030239963, 
5.65208723677146, 5.25375477719621, 3.33673962591284, 3.69912703056519, 
1.60485577388483, 42.0502510902017, 8.0846145498803, 0.562327210471723, 
5.62229398605133, 11.942110489901, 447.006001932081, 1.55966981534155, 
5.22233958251144, 2.36629923356717, 3.8830161291875, 4.6511441853221, 
2.90255318182682, 6.04892005926094, 1.50528267034895, 3.21048054402265, 
9.57058774853751, 2.18829276420447, 3.81381897473873, 4.00519279496319, 
2.03371593498024, 1.1862568488183, 29.6850092954279, 0.951017119563474, 
4.43864416245639, 0.966237207896394, 233.302779802778, 7.13650318717667, 
3.07787471684507, 3.1092782067312, 3.10454392757612, 14.8244708967181, 
4.37838400719156, 2.49924123932236, 7.6930085635064, 6.31788279122697, 
31.2698587099856, 3.20543587293327, 0.858432399772663, 256.656300336002, 
0.963247190694673, 26.3529055535691, 2.35803969151312, 13.2533412272622, 
11.9090304702789, 2.39489314643218, 129.446436483582, 3.48544313485791, 
3.41847674903651, 1.5033136627876, 16.5735187648543, 2.81485697498294, 
26.2451526434167, 6.00413111106808, 123.601348591289, 5.13906175940958, 
0.944022103647114, 1.95646371588105, 0.941506438084496, 2.03594480212896, 
2.791859546608, 25.1731017765499, 2.64974404954187, 2.23229833607943, 
24.2018713794983, 13.0650417797166, 46.1090478587243, 76.5067789862086, 
1.89247799454328, 2.81974235848181, 5.67448789343443, 167.732336257944, 
1.24195790858924, 95.5966503353047, 5.72258792791135, 11.1677926913687, 
1.39674421533799, 43.8539724809967, 9.79229551823856, 0.829646921321516, 
0.537318516373446, 2.78158714371395, 63.3861780551912, 1.22087997108833, 
3.38013859908833, 5.69429091417337, 9.39193066597077, 1.18996013647995, 
5.02999912262793, 1.81712805210018, 4.3661660086337, 5.32500641213869, 
4.31804958769788, 15.5471134333078, 1.63235162263827, 8.9031931705396, 
7.10743852956326, 4.02396663004003, 2.64237549050724, 4.20164895308341, 
1.5613289745447, 46.5305966630749, 7.1127145012692, 0.537323684498387, 
6.10908394601239, 14.5613557567439, 481.382626165685, 1.29947414351056, 
5.35658894748645, 3.08107301302397, 4.82108268052932, 3.3890181592602, 
3.71045276177166, 7.2087854626138, 1.19526362094301, 3.50803791860032, 
6.7624024917437, 1.86324928335912, 4.18783234922289, 3.87542744953781, 
1.74290967519353, 0.753075089135046, 22.2746149956045, 1.12773232543164, 
5.27887244724417, 0.812648383402786, 245.070359499242, 5.50001737839589, 
3.29232523728345, 2.94765110945179, 3.68603424726226, 17.0656259959113, 
3.81011928580326, 1.59500471902997, 8.90843978703159, 5.76865468487252, 
37.6769935117551), dim = c(100L, 3L)), Time_all = c(elapsed = 2.48399999999583, 
elapsed = 124.802000000014, elapsed = 127.768999999976))
