list(MSE_matrix = structure(c(12.9249651343828, 18.6991861922179, 
21.9238277763099, 19.4294044066546, 18.5809403988834, 16.1236941338756, 
24.9445253299114, 19.3308972606261, 20.822303114885, 26.6351975832367, 
19.8559834633471, 11.2352781424123, 22.2466860571574, 20.2772592053071, 
14.2722258467843, 17.9168439323755, 21.7741051221949, 18.2401769866973, 
30.0122412205285, 20.2428660017404, 15.3195128653204, 21.2731570613476, 
13.5452783302072, 17.9556584165134, 19.5400585111368, 17.2176743899354, 
14.4424854422225, 16.0291401459654, 16.7206387440371, 20.1504400493312, 
11.8378992691537, 16.1977726288083, 21.7153604322912, 11.8937911731624, 
11.9273743591119, 19.7716354500179, 17.0278220528506, 17.8746109134909, 
11.5569013805915, 20.2908622062746, 19.4621523201856, 17.6026969268377, 
17.7396995346587, 14.7361809926828, 18.5797322298658, 20.5443786562768, 
14.3879774201153, 13.8081772731184, 22.5435005319735, 18.7154666250557, 
22.1164169309789, 20.4683493365199, 20.2326570027359, 20.3351766319437, 
16.2484055066785, 18.8521606783538, 11.9232722317654, 17.5377959090127, 
18.2318592606784, 23.003204191944, 19.4813777588621, 22.5098572161935, 
25.3135728245698, 25.0499968769274, 9.70740965201059, 24.726827723727, 
14.1130193424798, 14.9956018306987, 19.3184376829068, 11.7218382413321, 
20.106896002328, 18.6434297157972, 23.5678145019359, 16.5857192212417, 
21.320180109498, 16.1297994701309, 24.2237937045967, 17.5160457694299, 
17.3848563496375, 9.21570531917081, 18.4978868531934, 13.7630960343239, 
20.5804654568819, 11.8695534064112, 15.8045817678923, 19.7635354564484, 
12.8034588853535, 19.062057464583, 16.2303576077701, 20.7862405538504, 
14.4467192572983, 13.970098621867, 13.3002099212523, 14.2694473468507, 
18.0661642221191, 15.3993357123941, 23.0404547856053, 12.2533909076323, 
20.1733403826885, 21.9167357942855, 13.6233272757295, 19.8321641372193, 
23.0288298410466, 18.1701567200705, 19.9891556577041, 16.2784229093062, 
25.4507934117184, 20.5114124317812, 21.6372443566869, 25.9294486515837, 
21.6260499548058, 13.1945874781597, 23.876719870621, 21.3574198309327, 
14.4857490337565, 18.9290119363256, 20.2317491094341, 19.2137689494931, 
30.0405361979525, 20.5073375472495, 15.8444284403257, 20.7897538015441, 
14.9196664616061, 18.7044840815003, 20.0393629423925, 17.0671517954413, 
15.6131440262279, 17.5980817158941, 18.5347079819603, 22.0863078546544, 
12.1559040559655, 17.431587448137, 22.5564011810337, 12.5871128923927, 
13.2868079063214, 19.9329234580586, 17.8832031823157, 20.3545712841282, 
12.1171690017518, 21.1298153423495, 20.3001620949954, 18.0476081075285, 
18.1202154408311, 16.4467087433946, 18.8525694021172, 21.4620942101105, 
13.7335956456989, 15.9519908321673, 23.3240323752533, 20.0666598417854, 
22.7942092658127, 21.2427312886826, 21.1287988654766, 21.7786311108725, 
17.2068105856132, 18.7878625458058, 12.757310741978, 19.3442352888756, 
16.619679350499, 23.2769608880895, 19.4931182006473, 22.6878118172153, 
26.0296281574875, 24.9805008604399, 12.1151405745806, 23.3439895100905, 
15.9011178986918, 15.9917821600682, 19.7134470133507, 11.6906708437388, 
21.234516929028, 17.327443856637, 23.4036537752226, 16.1646364216075, 
21.0682949546322, 18.1111716791511, 24.520978499823, 18.1619105546368, 
17.9554110208709, 10.7585391110144, 17.6662904860064, 15.3583889969451, 
21.2251666325636, 12.0231856852401, 17.2938752767882, 20.4082711369531, 
14.352767418735, 19.0021696968688, 15.9464949484678, 21.5547442539586, 
15.0416920163447, 14.5869103323382, 15.3348346306651, 14.2445308726024, 
19.6507414905491, 16.1579784283005, 22.9631507943044, 13.3102731155507, 
21.4703439957183, 22.8319019337483, 15.2835029324347, 21.3064947826485, 
24.9035409410498, 19.5480729526202, 21.6425327164744, 18.0671712725041, 
27.0409344416699, 22.3568869397604, 22.9549151368838, 26.64350683111, 
23.8442778029201, 15.8299634244915, 26.2040075424997, 22.6394332714166, 
16.2039698383469, 22.1461709120759, 22.6102606844049, 21.2946327604074, 
31.1576237787544, 22.5785990894178, 18.4674763298597, 20.9117722875635, 
17.0903513735118, 20.8480846596198, 21.5567312709436, 17.7237131155135, 
17.4426895192325, 20.4428272125585, 21.3293210319287, 24.2953164001348, 
14.4162733618811, 19.6652190457279, 24.0341293473237, 14.4310420130908, 
16.3705372545574, 21.3344825836284, 19.6433956853851, 23.1400420440956, 
14.1027605996159, 23.0300352684919, 22.0880677291841, 20.1289208620094, 
19.7687958999474, 18.3041176637698, 20.4282267255921, 23.3513948628786, 
15.0608954376517, 18.2823034041573, 25.0021933165867, 22.1063792730892, 
24.3344508948125, 23.9722007071475, 23.0195159775892, 24.2088779814815, 
19.2061735595672, 20.7625121691104, 15.6267887875655, 21.902659316615, 
17.6601977298569, 24.6862684477847, 20.6343599935586, 24.2048533678885, 
27.4080811267604, 26.2328420123142, 14.5433376971295, 25.0302728239153, 
18.2502995567004, 18.0230827928574, 21.6991828153951, 13.9259461532885, 
23.8013638776685, 17.873999711836, 23.996889975606, 17.7762720011428, 
21.4722038021472, 20.7808725692627, 26.7414731703396, 19.2003532274828, 
19.2317260599182, 13.9013419070296, 19.1364090426895, 17.9642270175255, 
22.8790635880377, 13.5472125791279, 19.7760347982049, 23.5609579211816, 
16.6147154364503, 19.685591718337, 17.4259914072397, 23.1498737969866, 
17.1944953136603, 16.9728109552315, 18.170673742009, 16.3571602124747, 
22.5912135266945, 18.6156483720565, 24.2444148552889, 15.9288358863859, 
23.1487118514071, 23.8123617267431), .Dim = c(100L, 3L)), variance = structure(c(3.35971358393269, 
0.780436001684761, 46.1327965087843, 1.05900111809086, 10.9064701379612, 
3.29232141070958, 3.29340637600099, 3.63129687163894, 8.04074203474514, 
5.29895593350277, 3.00964549843616, 7.33724469213384, 0.961943993724073, 
16.8468418673271, 3.31790761094527, 6.99818574763451, 2.95748739267443, 
11.8361397964293, 2.54291062519756, 0.925633511036842, 2.82220955465687, 
1.05665777730183, 1.996213101814, 3.67023473819067, 34.6722733471712, 
4.78319454803407, 2.05271948098474, 3.8540390014484, 4.81772181617659, 
2.42578241108095, 15.0595292457724, 2.8562208016149, 1.69819456076969, 
0.70356178962425, 6.87906293774607, 0.884172483961912, 9.35555331968669, 
2.25150674570971, 5.11676204848552, 1.53313310347555, 5.34929459887519, 
9.22961563233697, 1.1443274835628, 1.10727406791279, 6.55256196187777, 
4.88976956217965, 0.970079635393213, 1.64522285300821, 1.45473468199506, 
5.00847216379686, 0.666697387337501, 5.17499013396637, 1.76977317021708, 
5.29593315741056, 4.18659941053997, 1.05467080506406, 6.10144190882777, 
1.69724553878007, 4.33851445708852, 3.29800933773696, 8.22916937558786, 
1.1367495435829, 1.52803876078504, 0.62937743065511, 3.25267113113709, 
0.623447511593951, 0.837435335684031, 3.72012836249031, 4.23781869739269, 
132.364128854289, 1.42001400168033, 0.522858081790519, 2.38443081729958, 
1.78511544872387, 4.63378862723938, 3.16322640112309, 2.79904745402172, 
2.19260105618396, 1.87380831236934, 22.7056124356212, 3.76779990436097, 
2.0403353977167, 1.21678929618165, 1.47921962291289, 0.55534925023786, 
58.5256653080033, 0.824559364850802, 2.69743499181042, 0.927524183741449, 
18.7326659664176, 6.48196836486197, 3.98880455392986, 1.8937069303184, 
2.86082748975756, 3.86117634690677, 2.18486247642926, 2.69464587078866, 
2.00261560622665, 2.80167865164049, 2.48974076292399, 2.29067013412561, 
0.605383263663717, 26.9500692562676, 0.728279574682298, 9.32186328978589, 
2.25456288531968, 2.32451234847226, 2.07844730154246, 4.40223627928284, 
4.47598738060287, 2.19607474336464, 5.33382648272331, 0.748984977379351, 
13.1811342663969, 2.08128298808085, 5.7307410624713, 1.75067068756425, 
9.99508236276796, 1.4120928301093, 0.715419612382896, 1.66877624704098, 
0.860219095529502, 1.41852378741781, 2.48075408402994, 20.1606159571554, 
2.67950222450472, 1.5541747949953, 2.28526652986665, 3.11491865690111, 
1.65984867803186, 9.96495913275613, 1.95120573156283, 1.36549909149179, 
0.56289997411218, 4.60088282273153, 0.67720461817885, 5.30278495915738, 
1.6270853968252, 3.5641714735443, 0.958567038091445, 4.17756543581797, 
6.08224941982007, 0.824098924197724, 0.729879777843793, 3.86278514700577, 
2.92688735978553, 0.711827267693516, 1.24491523460275, 1.22905953846244, 
2.81798358445488, 0.649357213134599, 3.48750682352125, 1.21770061070606, 
4.58512328240847, 2.62452748687806, 0.821915673264706, 3.86943869844547, 
1.00267651169517, 2.91600434656358, 2.66986065648856, 4.74824547408912, 
0.825148132065109, 1.0723894558451, 0.4545801560823, 2.21472737382612, 
0.562888917719243, 0.660424426736673, 2.64575496501219, 3.06455826783655, 
76.1447214589893, 1.03676176774308, 0.423443783840567, 2.11355992682446, 
1.1750677308866, 3.48885358604285, 1.72090923607423, 1.59535099642238, 
1.21374675243712, 1.29771481984209, 13.5462707445865, 2.85468219634267, 
1.50607904367536, 0.936252592611121, 1.08681197586392, 0.41581310875358, 
36.1572667027533, 0.611457448441223, 1.84530675384885, 0.725171675022751, 
12.3992747183032, 5.47856272547985, 2.61331499083618, 1.31875000870242, 
2.14883864565199, 2.5992000782145, 1.68039031939235, 2.05606508449926, 
1.56762921433732, 1.72183603424369, 1.81103545010222, 1.6796439083417, 
0.499815761820861, 17.3440818065862, 0.592514084513874, 8.31351187396205, 
1.8544326865947, 1.88877019918125, 1.51423377512086, 2.87056312257525, 
4.23609447836135, 1.91600292861819, 4.23206120426023, 0.619071030658481, 
10.4497455907713, 1.55880121755728, 5.49812146593197, 1.27433851768489, 
9.08863952159119, 0.972378580275024, 0.624910158752895, 1.27037779185085, 
0.708878701699554, 1.06407440487153, 2.00591301734443, 12.8626330223395, 
1.80996032536704, 1.34557541373089, 1.59814984014095, 2.53425100891487, 
1.26788384769378, 7.00839798844075, 1.61095979074622, 1.17189612919662, 
0.48542322597157, 3.20658591650026, 0.569619448021435, 3.54205827385152, 
1.32236821427703, 2.80057501597226, 0.68233871119819, 4.35599797345844, 
4.73209017061343, 0.663961615379028, 0.585619752772366, 2.71846419018787, 
2.01487914011524, 0.559233555141691, 1.01850629550499, 1.25553168629284, 
1.89892469755678, 0.601540688212891, 3.19869277803003, 0.946946457728826, 
4.40559573574283, 2.02939262706252, 0.685823821354347, 3.01580810337463, 
0.688615552563333, 2.23178704073145, 2.34403347984527, 3.01585339010118, 
0.670007953731308, 0.858622263578528, 0.372274303742844, 1.91187593891459, 
0.522700888462764, 0.575912008681659, 2.04328621543566, 2.80993195170254, 
46.5129959456228, 0.802345280733247, 0.358102132071916, 1.84535577143854, 
0.918274739633229, 3.14979231271904, 1.17410598851497, 1.14483428524841, 
0.832324005206969, 1.0207493485186, 9.00264336728246, 2.29548396974641, 
1.40110457230633, 0.820047304498184, 0.832495163423198, 0.339509727875855, 
23.1941676697814, 0.50018801348863, 1.3684852414015, 0.628420531158289, 
8.16640452367454, 4.7516843101162, 2.11833662823447, 0.976419542254155, 
1.89006352148097, 1.96515361195282, 1.40206238285555, 1.84964607994036, 
1.37149590827448, 1.18862888773498, 1.63407285184504), .Dim = c(100L, 
3L)), MSE = structure(c(4.36625144902645, 1.46899667721641, 129.242963812603, 
1.60479961871698, 11.3169383724608, 3.61933632594961, 8.77838724639439, 
12.8048890326696, 9.18146427492403, 67.657564311548, 10.734120721355, 
7.75384631037063, 1.70648272485203, 16.7138478781539, 4.76020019002984, 
8.52867255835015, 4.7440538639393, 35.8614898750463, 3.56506459284008, 
1.7936956483248, 3.11714424136896, 1.87343197136743, 3.06729761444854, 
3.9689703694734, 38.7376860372539, 5.06725008395271, 2.06704167621031, 
17.5135683716129, 7.87390201491648, 41.3424046923395, 44.0629036241073, 
3.36504800494798, 1.68931842829379, 6.50697897272619, 143.801396254856, 
2.00024966243893, 65.7408847971103, 12.0176541023641, 18.4164893027314, 
1.59442719192561, 18.2736660472651, 23.2386163061296, 1.62541523405845, 
1.096443343753, 9.42516423945271, 35.5196625647233, 3.06746245749294, 
2.17949590128447, 4.92720121186482, 12.2579823838411, 0.67223964963448, 
5.42615710284509, 3.50068599254101, 7.47192387784608, 5.07795411640955, 
3.76436570053519, 13.5618076001435, 2.09809405399831, 8.17743918425765, 
4.28091836119932, 12.0207482742669, 5.63790529632528, 3.71817232876445, 
1.62463136168101, 31.0561126899367, 10.7210673137117, 0.848422747455255, 
5.96199488890817, 8.33632335065986, 340.614213060863, 2.06150581073158, 
5.47789864161375, 2.39245434797801, 3.88892356687539, 12.6552729699697, 
3.5133953831643, 4.30341857639814, 2.98583211343074, 2.97425935876039, 
28.1209734496039, 4.1422669218726, 4.4768325568263, 5.31095393002385, 
2.52597501850441, 2.70643117008691, 68.0932273845059, 0.902250865574767, 
4.35407494230859, 1.08808314891692, 204.089718173296, 12.1824813492826, 
4.62265163965109, 3.04728793442398, 2.89423382337781, 9.21800044284309, 
7.26372101964667, 7.32945108544031, 4.24668866774692, 8.27625336793919, 
21.121333872996, 3.73079099301527, 1.26457573956015, 164.712715849013, 
1.10377815861815, 12.6633018031966, 2.60787480167904, 10.0555880241783, 
12.0138880657653, 5.61913324891777, 85.1162848453283, 8.08315504730242, 
5.51694691335794, 1.39886175766714, 15.3239618978908, 3.62852847592831, 
10.2760055209176, 4.48664614069704, 58.069342506969, 3.36946605100344, 
1.39440096204395, 2.27671528678093, 1.34034488136856, 2.64309628082174, 
3.10107166796692, 28.2238571149394, 2.95636605274684, 1.83293187124838, 
19.6709091907759, 7.33636879646388, 44.4063224577668, 52.7441542956744, 
2.3594382596845, 1.58269059486759, 6.1501613353047, 151.443662392199, 
1.67022924848609, 76.3632017294485, 9.03161935848585, 14.0563765878967, 
1.28651280910146, 22.5315973060216, 19.1525606019777, 1.1619457669919, 
0.723826604036645, 6.2043946730532, 44.6435886798158, 2.45968617631723, 
2.35764830549172, 4.39436850507709, 10.5213946207859, 0.669768972328696, 
3.47113614241108, 3.07255403938529, 6.53035496476015, 4.0389998853555, 
3.9773685930786, 11.0827008475517, 1.76629854161196, 7.58165793037981, 
4.85232998761551, 6.78695186670606, 4.19254524603288, 3.79312293188572, 
1.41001047190809, 33.3874357561532, 9.35843584695398, 0.653990445660342, 
5.73683233618421, 8.9508600919455, 385.261453139631, 1.75716670732539, 
5.19138389480879, 2.19812092369021, 3.35177308021063, 8.95778595940345, 
2.48406748736242, 4.46294170488601, 2.0526338143855, 3.0360026108003, 
16.6244531720109, 3.09854533662197, 3.8143111035566, 4.60636390938002, 
2.28745170974201, 2.0102811285908, 44.0506564450129, 0.610139302332904, 
4.00762803784047, 0.79636594197203, 217.045867123034, 9.58562292443148, 
3.35157735807021, 3.02632239412912, 2.46514261891794, 10.4160675793893, 
5.76034308606941, 4.60946271231041, 5.49433272888681, 6.96158841598713, 
25.115317259403, 3.40746470246159, 1.14539485881671, 208.584917455458, 
0.942743167512356, 18.7659848267246, 2.35259202185591, 11.9915805346151, 
11.6249224593911, 3.85637376857787, 106.086351211578, 5.41524959056323, 
4.20434934230761, 1.15808442810093, 17.3919395670165, 3.17682519357051, 
16.0051074204717, 4.8547745082704, 89.6390467245922, 3.91134015109175, 
1.09719329290659, 2.04274775169899, 1.00590899258317, 2.30880034161276, 
2.72566189350536, 26.4351480882712, 2.19173720793822, 1.92665818852395, 
21.8248483028438, 8.82585853562218, 45.0930497687237, 64.2128375693916, 
2.05881513382629, 1.96792699699202, 5.71956197747506, 158.452213171924, 
1.35425976189651, 87.2150325231711, 6.63079491051578, 11.4114287809999, 
1.19554503976485, 30.8323373973066, 14.8233736721291, 0.919978342809812, 
0.597749634973717, 3.85174476150949, 52.1129478818662, 1.9011520540524, 
2.64258849573287, 4.60962298600741, 9.33016521118865, 0.750603337326701, 
3.55560486718785, 2.54008451818502, 5.30111552654591, 4.19356374400049, 
4.29623680608296, 11.3124092397377, 1.56921908039959, 7.70492156959713, 
6.12729411276731, 4.18778040618066, 3.28177904010232, 4.2310579188201, 
1.26752094645498, 37.6179498971176, 8.27742494905771, 0.580487755552919, 
6.041651967108, 11.1594660027345, 441.396000339248, 1.49053256973467, 
5.20934890299008, 2.56548243532696, 3.59973435325151, 5.61382195518137, 
2.67659495575415, 5.40200251436956, 1.46538732350944, 3.37015315705577, 
10.2908348037128, 2.41211459993446, 3.79953052972627, 4.17729107167048, 
1.99417826638165, 1.39815356473288, 28.3760081067033, 0.648225339530494, 
4.64100959868454, 0.655311737928675, 231.591558503558, 7.0451400879869, 
3.20485534271102, 2.98012156762709, 2.76465821426283, 12.7246712525836, 
4.91303960924443, 2.59101981431961, 6.98211068283718, 6.13774012859181, 
31.9932639780767), .Dim = c(100L, 3L)), Time_all = c(elapsed = 1.57399999999598, 
elapsed = 405.71400000001, elapsed = 417.255000000042))
