list(MSE_matrix = structure(c(11.4616665879705, 16.3231461518669, 
9.63728895525063, 13.3931413923277, 12.9762280114411, 16.9123232626158, 
16.0804717365858, 14.1388399674013, 13.2384894795723, 10.8763930001392, 
13.0177457618388, 18.2685598788127, 19.6288892729622, 23.7573658760493, 
10.5094595205364, 13.8122308969265, 11.4188490457417, 11.4264856463784, 
14.748296462655, 9.63865318755979, 17.5933643399288, 13.2426027506685, 
15.0536732921459, 14.348531385993, 14.8190870549154, 12.0101113113658, 
11.8688156475522, 18.571194433654, 12.0304808423363, 21.3538216784363, 
17.4280844342214, 12.7751785083011, 10.5425117210059, 9.9189162072961, 
18.3207209224932, 10.7602471192653, 22.3004939246279, 11.442715019487, 
18.4369180096056, 12.0813433545226, 11.7789550751305, 15.1708772770121, 
10.5466988884912, 14.0015871453003, 13.4618758743338, 11.4605157448215, 
12.4829300168261, 20.1489779056344, 16.6270984823459, 14.1432901240645, 
6.02424452045364, 13.3272586997679, 10.5473067667965, 16.3500049059511, 
16.511846384189, 10.3701015812925, 18.4496878932865, 13.8707335943703, 
11.2245060538093, 8.96699223829438, 11.1425075100025, 7.89602435135277, 
14.9284558859204, 10.1408597817077, 14.0285001234121, 15.032270680183, 
16.3109048345149, 14.8877919637803, 15.8057276259831, 16.7484460870291, 
22.8381624923245, 15.997316193402, 13.5109151494847, 12.1138921433675, 
16.0058359843171, 19.9554803371816, 9.91009235510934, 18.7697326450384, 
10.5221891689719, 18.3292390644212, 16.6352558063963, 13.883742305786, 
13.4683166206504, 13.3553337239338, 14.0350267637194, 12.5577689962815, 
14.9263976315125, 15.7045082443433, 14.7870412144718, 15.5938253939796, 
16.5233023171869, 13.5002973140592, 7.87659674974722, 20.9790281618886, 
13.3275941303574, 11.0034104045996, 7.71145825170222, 12.0009061254462, 
10.2770832822965, 9.20365199062852, 12.339230259795, 16.9920604306471, 
10.2356409950595, 13.0716086308982, 13.5705301897458, 17.4990169966711, 
17.4648885664806, 13.9221593625109, 13.7871403410664, 12.6084951122088, 
13.7037414364841, 18.8286104237886, 20.4746134233725, 23.6488716565253, 
11.0384236026028, 14.2265297400623, 13.4588505307302, 12.8435239474988, 
15.6202566991656, 11.1093119230717, 17.5466417234169, 13.813509761754, 
14.6437913590543, 15.8976040937303, 15.3853302215199, 14.5588167638343, 
12.5258553170011, 19.451211208028, 12.1067383463064, 21.494837574998, 
17.7839182736767, 14.1711327093298, 11.1070971701316, 11.3242995521708, 
18.9268556344485, 12.8699961110684, 21.5928679853956, 12.1679244363421, 
18.6652977120796, 12.3830010030023, 13.3757568914847, 15.0871068520431, 
10.5168692032611, 14.4973007684115, 13.8365036865894, 12.2565470050621, 
12.6178907569908, 20.098405450409, 16.5937926639692, 13.9726370026306, 
7.15796396069438, 13.1177023946548, 11.6824834430917, 17.1474949092684, 
16.3098132606437, 10.5671809020531, 19.2458268485271, 15.1445410937656, 
12.1526181971001, 9.39890224009284, 12.6225808584531, 8.64555401455151, 
14.4986599698098, 10.1306694568146, 13.7555990342919, 14.5530425217587, 
17.6052669357026, 16.245744653759, 16.7831015525184, 17.5816117760617, 
22.4358491679161, 15.3061542276382, 13.2381301377712, 12.9370342383284, 
17.2265962505545, 20.6999075944562, 11.1803595999938, 18.61875820506, 
10.7728502233584, 18.5923021117893, 16.9872251482109, 13.3798919948957, 
15.0125020512534, 15.2315735554581, 15.3517710613499, 13.06657436226, 
13.9812384497155, 16.1623717853703, 14.7968289974063, 15.1746022783425, 
17.355319514502, 13.9369471123364, 9.37874512179201, 20.5120068774029, 
13.9198540709699, 11.3397079495414, 9.1579657701693, 13.7844369982928, 
11.8533434355531, 10.7048734113752, 13.842950302345, 18.0655802234471, 
11.6366967887367, 13.7110915499854, 14.9805225264706, 18.6507106334496, 
19.3674219145368, 15.0053847948887, 15.6587303269745, 14.630131423576, 
15.1334233630802, 19.9740260442122, 21.9532452237626, 24.2160928544791, 
12.2758589678355, 15.352531796896, 15.7737549091896, 14.8604766831361, 
16.8228631699706, 13.4750913134387, 18.1177249088768, 15.4399996314617, 
15.1985664941019, 17.9206525981691, 16.5243852284132, 16.3786294961959, 
14.5997918717167, 20.9989878570491, 13.0217476832473, 21.7611629670059, 
18.5475783019988, 16.6207857374739, 12.5235091758742, 13.2673090666276, 
19.6118261835667, 15.9446794241173, 22.926450158676, 14.3646889411481, 
20.2453387137463, 14.0647118027763, 16.1698986373452, 16.0307902656171, 
12.3223538382027, 15.8087640370841, 15.7688389898193, 14.0439355972989, 
13.7746808698873, 20.8597044645805, 17.713188221888, 15.6996669355684, 
9.45328072678148, 13.9471294309124, 13.872911954723, 18.817499311893, 
16.7342423053188, 12.3688454340384, 20.4641517751487, 17.2790749580654, 
13.6846552198865, 11.001900520312, 14.9960621734303, 10.4481242844642, 
15.2303005988139, 11.5143091088327, 15.2244876142764, 15.8257481318472, 
18.9620823150151, 17.807576130578, 18.8773844063505, 19.1146031888063, 
22.9494857026924, 15.7228437527023, 14.410175268643, 15.1375727821775, 
19.0432124000348, 21.6892144758218, 13.8343881292005, 19.3501244939869, 
13.0457091973014, 19.9367412043142, 17.8261473937169, 14.5273765447403, 
16.6605633474982, 17.3089394019861, 16.863824198876, 14.8499161738644, 
14.8325362018684, 17.4786338359099, 15.7449831611851, 16.1238580281005, 
18.8459606009498, 14.7923734728082, 11.8513851544434, 21.6669226795422, 
15.0859567272696, 12.7196629442463, 11.7900693158505, 15.8917508620999, 
13.9650809666038, 13.4426468051392), .Dim = c(100L, 3L)), variance = structure(c(4.14736578776214, 
0.399480328442756, 45.7471174008376, 0.703445213235556, 9.15479463258743, 
2.67408219709739, 2.51938070247526, 1.88615166129601, 8.06250731259852, 
2.86407798737251, 1.97982920023432, 4.77032500051997, 0.694904744266642, 
7.89731099311903, 1.90874989452567, 3.14911725991155, 2.04841892385096, 
7.82080733285038, 1.64881463218056, 0.73656439637374, 1.80920723848169, 
0.603453359777005, 1.54788117220097, 2.58726163234225, 48.7154124309032, 
3.80806977911646, 1.52007736401174, 3.18349552840628, 4.75165297651441, 
2.09837689728493, 12.3654564004612, 2.0418809643504, 0.95896521992171, 
0.685025197999838, 6.14004431593779, 0.818592055744213, 7.87551645613723, 
1.59487608486761, 3.67478361830006, 1.36461769974168, 3.06370957869309, 
7.20442545536066, 0.935488991986297, 0.746821821844743, 6.33629200302419, 
4.15133663102085, 0.612746966451166, 0.688752364828869, 1.34264170776479, 
3.35694010944327, 0.449756432202729, 5.00575432443316, 1.35205472415718, 
3.09758615441479, 3.84528150072277, 0.713957750904839, 5.55127462381848, 
1.35158940004042, 2.1031059303569, 1.26431076205569, 7.35029489028566, 
0.879702391330426, 0.704778408763471, 0.380667876520233, 3.24337709068586, 
0.454962969292597, 0.502181389783101, 2.63976015966603, 4.13885814273936, 
122.989903424577, 1.07290836589871, 0.331293416265239, 1.61271111236912, 
1.64315453817386, 3.84928829442046, 3.39851027233323, 2.00207451534076, 
1.67984080992255, 0.969978355229138, 18.8719580720821, 2.06175283087118, 
1.79362876614624, 0.637586733091991, 1.22676745840708, 0.331256109204862, 
30.9728160233635, 1.02913802352967, 1.68561720844554, 0.695840459667644, 
18.2291746062165, 5.22265518901767, 4.21596022537613, 1.4632782236929, 
1.6743983543884, 3.51573886931832, 2.07035428882054, 2.31776818769637, 
2.0891008163014, 3.61725852282504, 2.5425889932703, 2.79127428217267, 
0.312207376861164, 28.5453439661151, 0.456622766034788, 5.95901842414586, 
1.64855592827657, 1.92403373902477, 1.11447251716195, 5.777758870016, 
2.46702409944998, 1.48508136506889, 3.01717414741454, 0.566242862704319, 
7.16587876825484, 1.59058087547252, 2.39982762863915, 1.35656121948141, 
7.54534991037366, 0.984207822639965, 0.630791097848193, 0.902700777557627, 
0.518840639391051, 1.14609984083213, 1.66049496161845, 27.4992655387261, 
2.03078412628492, 1.05161112743926, 2.03898403087463, 3.19862833462888, 
1.53953425831772, 7.77178909351888, 1.40440561528342, 0.721624147652802, 
0.548566530404729, 3.47555897884362, 0.62358998964222, 4.7694710740177, 
1.25758545742882, 2.9202643630117, 0.857405298865139, 2.12692038749117, 
4.67413419654053, 0.643203251976559, 0.530215553894543, 3.92735721176946, 
2.79236519695816, 0.437139182269447, 0.562908209784347, 0.915583597721633, 
1.91421085422741, 0.357255357180257, 2.53493523292761, 1.00513246207742, 
2.33585664253235, 2.5178389033249, 0.558524879040389, 3.07406694927675, 
0.840194104726702, 1.82319660022392, 1.10299054886673, 4.2276419993633, 
0.585600531316641, 0.519333618373175, 0.303277781222732, 2.39611943566659, 
0.357287853014471, 0.391790991614659, 1.90803188292673, 2.491732022921, 
80.7618939686822, 0.771874215564157, 0.273241015737601, 1.37646390208482, 
1.17854393371446, 2.77441313713662, 1.84823387463269, 1.27935653475664, 
0.984762308750056, 0.653756076944876, 11.5713976640876, 1.66169036050497, 
1.13941060397719, 0.551150622131597, 0.837019272794023, 0.257720020988222, 
23.9186690193925, 0.691996299841352, 1.09526572537999, 0.51859028236, 
10.5295681755351, 4.51080429836374, 2.4209594794535, 1.03271513242703, 
1.23293679850048, 2.32968493695357, 1.69759290149428, 1.17524592193539, 
1.24657421288368, 2.1832030581173, 1.25553844772242, 2.01107889386869, 
0.256083117195608, 18.9771464760608, 0.336009579156088, 4.82291139086501, 
1.22022505462786, 1.55891464372902, 0.79189819268125, 4.216956310847, 
2.44298268363018, 1.19424254021964, 2.36161294792382, 0.482372468418339, 
6.71070728430752, 1.4048946010437, 2.27730151434441, 1.06726705981317, 
7.53051875150604, 0.736638686144615, 0.543437220600676, 0.657001001657984, 
0.466556959296987, 0.87365852241759, 1.30962392507796, 16.3021518698428, 
1.35094871958827, 0.846042563106179, 1.4437804790201, 2.38003997348411, 
1.21192264012103, 5.01241842687131, 1.09032837638755, 0.655913960051863, 
0.463406629792581, 2.09701505513059, 0.486943091187929, 3.26831156695944, 
1.00397362879096, 2.46833626512626, 0.626413512715776, 1.88482343390009, 
3.42602245254661, 0.487939238729402, 0.404227873199255, 2.74865769153667, 
2.19139760918712, 0.346032063278864, 0.528868358746077, 0.720048389624794, 
1.35481915177591, 0.313077594870049, 1.70498425767756, 0.856697807517109, 
2.07380019499625, 1.85433214318462, 0.489204442411043, 2.19089063074057, 
0.640304092460669, 1.61614998857398, 1.05057875787097, 2.78414612077564, 
0.445423654095768, 0.403045835885127, 0.25926094446127, 1.82753695278898, 
0.302893701983153, 0.351268614725622, 1.5061649114776, 1.74502654411138, 
52.8637260997553, 0.586753381396539, 0.231129169864279, 1.29015820629875, 
0.96576642592176, 2.35496497175118, 1.09030773216323, 1.00581670297188, 
0.69453840636484, 0.516417029486221, 8.27572390414669, 1.41640105981613, 
0.82105008306275, 0.499684601555989, 0.61740559332344, 0.231252944754582, 
17.6064117669104, 0.5213761731617, 0.850755864248719, 0.439469016837928, 
6.10483790693217, 4.0801965172731, 1.60233109928417, 0.764413491434227, 
0.991564604539285, 1.71103824582946, 1.45432613880753, 0.99436065334173, 
0.972953501755398, 1.49270214154042, 0.985367613261158), .Dim = c(100L, 
3L)), MSE = structure(c(4.58235040793441, 0.953466949918715, 
83.1377642128655, 1.60642247037456, 9.79270015415081, 3.53270499815622, 
6.78490741836493, 9.39090723416881, 9.87348314173106, 41.3647776196528, 
7.6713247843488, 5.11658915118447, 1.48322716051576, 9.59277640016472, 
3.46404184796221, 3.51377587573121, 3.35858252568854, 14.8715285859965, 
1.90995534164846, 1.79285789311201, 1.92184625424154, 2.01511530190548, 
2.21278718988636, 2.59227854002558, 48.280073112405, 5.33769062876526, 
1.55885895408561, 13.4784981156161, 7.28004445050446, 34.1400120364407, 
27.8366400880968, 3.11841137011862, 0.983194379253263, 7.17379951957068, 
130.213073063405, 2.49156959393998, 44.6840356594358, 16.0089017338917, 
21.0944439467827, 1.55591401143049, 13.6597109191769, 23.7412895010103, 
1.56148253192253, 0.745433834042923, 8.78263202036163, 25.7606261316954, 
3.05073264303309, 0.839436993095066, 4.67049994547202, 7.23137547892162, 
0.534283899644522, 4.9564183641693, 2.72392285266789, 4.46139428335207, 
4.81549787362458, 2.8493161329958, 12.9609622140068, 1.34263042909841, 
4.67134176886491, 1.74191072046845, 18.8690147124751, 6.68932366419674, 
2.11692808240342, 1.43558152870023, 29.2127987680221, 11.3742592201689, 
0.626598074996216, 3.76292096677673, 5.65001153563547, 233.28936123176, 
1.43069213177855, 6.00479399695628, 1.91917321040601, 3.46830124459492, 
13.1479927146413, 3.60835903750778, 2.60018164333644, 1.74869008978145, 
1.24515678066759, 22.8814443499845, 2.39247039343015, 3.84209525802587, 
6.22014443348128, 1.71938443632155, 3.72146542132332, 33.8828469578187, 
1.35773805206466, 3.44784080387619, 1.01855181219177, 173.291187708383, 
10.3084599376031, 4.95847332245177, 1.7892753608962, 1.74886948248515, 
6.6794358454849, 8.44460679177146, 9.7729327149324, 2.62696939926129, 
9.88758151645226, 16.7895717369768, 3.69852731842804, 0.897449834110896, 
108.836374048389, 1.11118564044299, 5.93894920803934, 2.21818349173457, 
7.67038527103393, 9.54698981209098, 7.64850542885936, 54.0173383211966, 
7.56214483583421, 3.51839548300203, 1.34215152251843, 7.20738660122834, 
3.15162217005296, 3.62456718211715, 3.1873565945873, 25.7208600365069, 
1.74487895182222, 1.63520121609943, 1.11724242130845, 1.47163966029975, 
2.22235386946755, 1.89365456366036, 27.6006139242387, 2.69735229174912, 
1.06995804984421, 16.1413689004939, 5.92338822453994, 37.3929852837381, 
35.2186139909607, 2.2082686192187, 0.714473455685831, 6.90006897997508, 
142.298434018462, 2.11499928287261, 56.917338236764, 13.343751156315, 
17.8447047919628, 0.853984218318398, 14.3498272286824, 20.8653522952878, 
1.12523065779414, 0.527141329501639, 7.03115540644081, 32.7485106219079, 
2.73598254978934, 0.939017657840006, 3.85507407940026, 7.86652716654042, 
0.366323226644028, 2.54853023411981, 2.75525746435477, 4.4396841309715, 
3.46664426030712, 2.97460481104562, 10.3955473629975, 0.951329101036146, 
5.15164846631431, 2.14874537957146, 9.43656905349257, 5.42730470692366, 
2.41189888089581, 1.43029832466377, 29.2606846000362, 10.5048795848695, 
0.473829049455022, 3.79884138167678, 5.297460815477, 275.408159273834, 
1.4153361247044, 5.33433106018657, 1.44354084804098, 3.02283555511129, 
10.9431808906448, 2.11776376553476, 2.60041619254577, 1.25845040958939, 
1.33713147514659, 15.9083734082619, 1.93727144770227, 3.15529890035663, 
5.38832126501423, 1.7637600379257, 3.11728502455666, 29.0924181886469, 
0.830894751670502, 2.82645051476882, 0.765080674693561, 195.797418639007, 
9.71709916454857, 3.14476830574086, 1.97324620939288, 1.2206605268446, 
7.52739909873199, 7.16946878161174, 6.87230080853604, 2.86620983281343, 
8.54481937532841, 18.1478839457034, 3.20716207586521, 0.894241451836411, 
144.966468168651, 0.810279089820384, 6.7855839052483, 1.6541076612343, 
9.03331704048685, 9.99218512781367, 6.38478980381817, 67.9332351863059, 
6.58150737958337, 2.81319843884467, 1.17527235281086, 7.27238252228938, 
2.9234469306478, 5.69019522780474, 3.3736700063978, 42.494570354293, 
2.03516735859019, 1.31391552060102, 1.08298804680827, 1.10114048685532, 
2.28309741517461, 1.83967662883559, 18.7366128045294, 1.87439306719579, 
1.00798745905975, 18.4903200852232, 5.56592905068874, 39.2234271127075, 
46.3753009710985, 1.69464362852464, 0.714279093937797, 6.50786124769006, 
152.447557599678, 1.78818628245115, 68.747713778173, 10.7486400295339, 
14.8693251702066, 0.742868645309824, 17.4168524203844, 18.1679261280751, 
0.908823362765426, 0.402662425670038, 5.64357579766549, 38.7202886402097, 
2.41505902737162, 1.09674297715316, 3.60831960846923, 7.99908903220958, 
0.314723564873821, 1.68968035016566, 2.74049389445382, 3.93751056158434, 
2.86509683850441, 3.21631245827566, 9.50443586538076, 0.876086995306391, 
5.291962888837, 2.95231742407361, 5.39683575175761, 4.52532090259217, 
2.80161801283713, 1.36074877822825, 29.8960526558566, 9.72256224369061, 
0.404298121076618, 4.14758765991765, 6.14940836275558, 333.907814958841, 
1.4199861259868, 4.98521583163111, 1.29603690454677, 3.00887595161876, 
8.34295370828291, 1.65411628328031, 3.09934497001881, 1.02714244108153, 
1.73722191647578, 11.7901941102891, 1.59233604450827, 2.87402898542337, 
4.91622320019813, 1.80819018184679, 2.59770542557524, 23.0279914349934, 
0.531985752409698, 3.0151576343645, 0.603657419368786, 216.337001535846, 
8.23142459760057, 2.26600684061959, 2.29204463676263, 1.10321691358452, 
9.25778772297957, 6.39663607861819, 4.40123872885289, 3.89963917970992, 
7.68006285910277, 22.21908239183), .Dim = c(100L, 3L)), Time_all = c(elapsed = 3.36899999999991, 
elapsed = 850.28899999997, elapsed = 875.922000000063))
