list(MSE_matrix = structure(c(12.9249651343826, 15.8773001634176, 
18.716954573005, 21.6964566104718, 22.8855175360267, 13.4588174872098, 
13.9739209328997, 14.4539680506452, 15.5965808374355, 17.8117195405077, 
10.6082436727812, 18.9566823116176, 16.7869525457805, 19.2293324201357, 
14.899362347527, 10.4218263725027, 25.2321395130513, 15.3407251405541, 
16.0227122452705, 20.8717589515195, 18.9061224411181, 14.8307875582587, 
19.1083514108346, 16.7894264251179, 19.4583777923024, 15.4774674905497, 
18.8906753360481, 17.3495423630214, 17.5347382441934, 13.0599013740758, 
18.4273746014625, 13.6590652807692, 15.3867106883163, 20.1985257503758, 
18.8405496953571, 15.958326588131, 11.1116812141933, 11.8495583537569, 
18.2557866546999, 16.9627932184263, 18.4050693904738, 19.7679731435596, 
23.5901511449832, 15.0328351356404, 31.0568699086421, 19.6062811175676, 
20.3209217297642, 13.1621623319352, 26.4424290681317, 14.0470649644117, 
10.1611004016547, 23.1638284326081, 19.7929885997581, 18.6345389238415, 
11.7540817640033, 13.7669342296323, 12.1159539146065, 16.0875256776206, 
14.369995717938, 13.4296595711512, 14.9539774814392, 15.3557480635107, 
19.0303002079613, 20.2212023545392, 15.9317071112506, 24.2553605050854, 
19.6945763771875, 18.2445917008858, 23.9109659976654, 18.1260694868143, 
18.0607145194431, 15.6291248148854, 17.527277486389, 25.0429334023679, 
20.0540875092999, 20.341851372885, 14.8045515714636, 27.0259324558753, 
23.161886051019, 15.5832034892173, 25.5878926853512, 10.3777186364525, 
22.5395862199309, 20.6821354305625, 17.7137887775468, 13.2481805711604, 
19.8033811415653, 15.5485708897094, 23.4662402468931, 17.9285803256601, 
16.6757173905705, 22.5948651633537, 20.9368009176423, 19.2280292567438, 
10.6747354955103, 22.1815485263617, 22.4025916538882, 22.9086955093077, 
14.2253236927503, 20.9874210116223, 12.940862528664, 15.3100791237341, 
18.5903241076583, 21.0146059100673, 22.269332572566, 13.7237252160921, 
14.0941119844895, 14.4568793197874, 16.2458675272926, 17.6902507153611, 
11.3143450436322, 18.8474316959669, 16.4693802052717, 19.064599469852, 
15.0204085400517, 10.874515274026, 24.8232440842803, 15.6955343751954, 
16.7595591823527, 21.1581679453017, 18.7942300792929, 15.0445067339483, 
19.3220585017993, 16.558261996974, 19.3793966525519, 15.3327758438762, 
18.5642800739784, 17.0070175721309, 17.4011915914637, 13.3028243875023, 
18.0087546407057, 13.5877537392831, 15.5706088030309, 20.1660358962946, 
19.2256923498993, 16.2002187550003, 11.3546080249382, 11.8438920483883, 
18.4844636414854, 17.1730045631822, 18.876168736151, 19.1857341796937, 
22.7875882235417, 14.7760342148398, 30.1480351575324, 19.9124860588137, 
19.9609471132685, 12.8262291937335, 26.4099792875637, 14.3157829594384, 
10.3848267594135, 22.7768704055592, 19.0951505188156, 19.0976016078324, 
11.7468220549318, 14.0547671078799, 12.5106226921116, 15.811333403591, 
14.0645508412863, 13.9076160243221, 15.4930865954767, 15.6114705186003, 
18.6853741341051, 20.7643715445485, 15.4030590433512, 24.7723315872696, 
20.416822494413, 18.6118364952761, 23.40526888774, 18.4704994774119, 
18.1141682462148, 15.3438677825954, 17.6650608680785, 25.1362205215911, 
20.2466853647092, 20.0678724190557, 15.1997846115217, 26.318885010948, 
22.8844233396671, 15.7809042695138, 24.9942134440416, 10.3833342488961, 
22.6851346764909, 20.667988331423, 17.743491267326, 13.0403671372475, 
20.0219859250399, 15.2519287089144, 23.6702269000642, 18.9359481562726, 
16.5167311825267, 22.3276589423073, 20.7347045104482, 19.3802098523931, 
11.1974979324999, 22.281879728323, 22.6640686144533, 23.049065052143, 
14.0801205314045, 21.6661361761297, 14.1180174483536, 15.7746780154732, 
20.2659395240148, 20.6367741501389, 22.7090240407325, 16.7437299344505, 
15.9441871154334, 15.6624643464072, 19.2027629160989, 18.8006958986476, 
14.6417270239101, 21.005039037065, 17.1618062714484, 19.411314154572, 
17.0490351384999, 13.1867140511147, 25.0323432983596, 17.9375001479782, 
18.8906925389225, 23.0470846522584, 19.3270512798371, 16.6788722740633, 
21.0587868747936, 18.1020986110774, 19.9473093859156, 16.3404466730697, 
19.6046178823984, 18.5612509665681, 17.5464978167016, 15.1998823231582, 
18.3416446080387, 15.4138551453995, 17.5734458536661, 21.8145498721044, 
20.7536612499216, 18.0501758260021, 12.8592901152073, 13.2807477537374, 
20.60571696792, 18.9852765633472, 20.5441062668112, 17.7315219590274, 
21.9493064921925, 16.1234926451592, 28.831376228372, 21.800124290897, 
20.9938279979811, 14.5702060189673, 27.2528552724621, 17.1963775061156, 
12.687601456777, 23.4179174675238, 18.9478594841134, 21.5779660673456, 
14.0726308825759, 16.0385727025479, 15.2417633689782, 16.2860541185908, 
14.9885726418513, 17.1454461689357, 19.0312796966757, 18.0126109123046, 
19.1226729110136, 23.9767047712288, 15.9894674070826, 27.17673198721, 
23.5067755599197, 20.6470835109917, 23.508777022755, 22.1776150122207, 
19.0547308426897, 17.0539733557949, 19.1628702293819, 26.0208993092999, 
21.7090028435584, 20.7977868325969, 17.6259251183494, 25.6756643145403, 
23.3784273682804, 17.8026586809387, 25.8112907676502, 12.6668203911111, 
24.1507624464486, 22.6737726556432, 19.1349477101997, 14.1248453148404, 
22.5552594289461, 17.2204769737037, 25.8785767755267, 22.3706903378535, 
17.8446756855945, 23.1607714697953, 21.8318706062589, 21.8174730878386, 
14.7847274143652, 24.0948019964701, 24.3266092657896, 24.5784822207121, 
16.691130842059, 24.654598435698), dim = c(100L, 3L)), variance = structure(c(4.65945778714454, 
0.914732297713127, 50.5690398983611, 1.36317933285233, 10.7522457226441, 
3.21918586601497, 3.39470650392964, 4.1574753058768, 10.2405069111451, 
4.49649390914116, 2.58922163418127, 7.89696778753791, 0.881262712821849, 
15.6100968375696, 3.27582460196249, 7.23690493330585, 3.08641539536749, 
16.6365915763694, 2.40775104103239, 1.06363860913271, 3.74648201612337, 
1.04928336497366, 2.56796751082758, 5.53083906075925, 36.7735308622927, 
5.07015069180811, 2.1967968788836, 4.21290500758368, 3.49678869034767, 
3.00341310335194, 12.6697636710933, 2.35312976137596, 1.26586861934702, 
0.702956358846365, 5.48760578717495, 0.845269406053686, 9.14854726054617, 
1.86759527059064, 3.72453435132248, 1.77747599847452, 5.61292600851281, 
10.7145087342054, 1.23287811518768, 0.749884649026848, 5.42415645187964, 
4.9369168933289, 1.00784821087344, 1.5342671840174, 1.336147748506, 
5.19876600233807, 1.18009976933149, 6.23026145424226, 1.56637249197036, 
4.80013303884338, 4.12573064375051, 0.83355065648733, 5.33242232005364, 
2.29922756477028, 2.82616977890286, 2.45258280372762, 9.46856251806351, 
1.33052804670432, 1.11966452878391, 0.619917030441196, 2.70711353273632, 
0.993082926545915, 0.836235524402005, 3.32555067673196, 4.8017965239963, 
125.568895207115, 1.94271625539585, 0.708190304896167, 2.43808761008712, 
2.56938255992614, 6.84780205954649, 3.7609142548624, 2.86101760299831, 
2.48216648630951, 1.529550586292, 24.4393062728907, 3.32583779658355, 
1.93766301565981, 0.854258825439547, 2.27399506068912, 0.469901203275849, 
47.7044896439944, 1.40183657167248, 2.60740331969776, 1.33634410448443, 
19.4405638147294, 12.636432379305, 3.69220237448152, 2.4662986960652, 
3.08056999712444, 4.15965785697833, 2.21107746713735, 2.44955184010502, 
2.86933706667455, 3.37651864749721, 2.61491260716564, 4.10253909836963, 
0.842285237383623, 44.5551211105454, 1.23967147889499, 9.69673599963995, 
2.86066105905179, 3.02900474418691, 3.45758289002935, 8.71948253289822, 
4.26953224551635, 2.39068074098566, 6.94807093878158, 0.838780376436803, 
14.4626041840291, 2.86484975677867, 6.85633358168618, 2.71684642497877, 
15.8789540772298, 2.04831611956429, 0.991784373555849, 3.02419598114507, 
0.975275288629999, 2.33039804993475, 4.55414529810703, 30.2508628738013, 
4.39604050381794, 1.99310441937247, 3.57652323909564, 3.15633517470894, 
2.74427377131281, 11.0739354765202, 2.13915890398063, 1.17634514695432, 
0.656933566397593, 4.78205649081288, 0.766160969720104, 7.82059767274, 
1.70173137886282, 3.40823476419241, 1.55144692142547, 5.20080985519956, 
9.41921498534904, 1.11700923302168, 0.649670779406154, 4.52692075346367, 
4.31031358379752, 0.907906424933945, 1.43241576034742, 1.23062044093163, 
4.53090661159095, 1.12348966178283, 5.02417413697902, 1.4080760483367, 
4.3766089600674, 3.58256034569718, 0.750458616171899, 4.58088089270694, 
2.10291211467144, 2.55804267767783, 2.2967470844078, 8.39939790027738, 
1.21926836909017, 1.06789956583038, 0.565643267083566, 2.55057695701925, 
0.944335450716709, 0.745828983054281, 3.00068823531777, 4.26848080232743, 
104.598473681766, 1.75741700498519, 0.667834911679924, 2.36455625326362, 
2.1755389310565, 6.24104978407663, 3.10551144037754, 2.47262439060274, 
2.22539528670417, 1.39388023061709, 20.8974291470759, 3.02460393144171, 
1.74474098966633, 0.800570107683246, 2.03062498797067, 0.434419566421783, 
40.5196854864017, 1.27085210708021, 2.37108016740575, 1.21694444937846, 
16.6952987592184, 10.9213487063654, 3.19538471041421, 2.21561201959079, 
2.83649493001682, 3.65250995472651, 2.10791778628646, 2.09713259245075, 
2.59613763109734, 2.95608607902957, 2.18123367890092, 2.84400932508993, 
0.684430122908547, 27.5899691299664, 0.92528314876653, 7.86809011818864, 
1.95279553333434, 2.30871716388117, 2.11132023175848, 4.99742763190883, 
3.97008923760661, 1.96499778005581, 4.57834521699447, 0.726506031364686, 
10.466045155639, 2.04800305482945, 6.24654867851633, 1.89752837843414, 
14.2677629562072, 1.31391367956914, 0.867804364915677, 1.78156803763838, 
0.785829417127291, 1.69599647839485, 2.79320613592876, 15.4526586908548, 
2.88967108327531, 1.59142264800351, 2.07723830179755, 2.73243535418649, 
2.02322885042621, 6.76067851442122, 1.69568269607906, 1.07508246235444, 
0.561405723780498, 2.89928352293639, 0.592004896251389, 4.58449303775677, 
1.33679299177833, 2.73235863296668, 1.08291864107122, 5.21114392829195, 
6.31690940203895, 0.908573394549356, 0.495355978627512, 2.85683309419942, 
2.87026141647848, 0.682660863295092, 1.25845070708364, 1.12297918284789, 
3.06710391991699, 0.992547284946324, 3.04739515365985, 1.01608069673337, 
3.76038048499761, 2.43421648444822, 0.585302920383166, 3.25674449477002, 
1.61221295554041, 2.09590314366061, 2.08419318884432, 5.35642268454241, 
0.986616941324566, 0.930284999343572, 0.465346629814784, 2.40314006879122, 
0.837934180067761, 0.57066401936999, 2.15572844349111, 3.41280924453489, 
55.4542315020061, 1.2989963619662, 0.55861117686644, 2.17847064185009, 
1.32921388692123, 5.18521613394893, 1.80607091064627, 1.65366184689154, 
1.61608746339186, 1.15434340742975, 12.2152173666953, 2.37406802365088, 
1.43621288880677, 0.7038033033719, 1.43789578537761, 0.363638462604813, 
22.8306289504082, 0.954959912625096, 1.80846119991693, 0.947308208951254, 
9.00638467027141, 7.02140580879378, 2.23248855328988, 1.59201415799713, 
2.34393269484623, 2.6103109837998, 1.76927717858131, 1.70769918325505, 
1.96397206062434, 2.01047530348812, 1.59432432496483), dim = c(100L, 
3L)), MSE = structure(c(6.09837391860648, 1.69943317759482, 124.570666280725, 
1.95352842943428, 11.7233549688978, 3.59435646774023, 8.76491553063254, 
13.1455016463393, 11.9793450335011, 57.0850703330261, 8.92960036016867, 
9.1784139912762, 2.27660858771043, 16.2542267028894, 5.11869595647863, 
9.31092809272639, 5.7317446198337, 43.3059026021789, 4.02539494638226, 
1.95643460936505, 3.86336824360337, 1.97908523566666, 3.57424482786323, 
5.76047675050272, 39.1725434901039, 5.66056646652625, 2.23598322833356, 
21.4398170678713, 6.06825932020911, 42.3523025537769, 49.4572086452026, 
2.9783132545599, 1.25399327040028, 6.95138619308381, 150.092976565153, 
1.74840312097237, 72.5464235094639, 13.0495060730017, 18.4789565645576, 
1.78216070294051, 17.7950528452706, 20.7141880668835, 1.84864881269399, 
0.753920376709394, 8.36154219528963, 38.7441268092292, 2.99374020906371, 
2.38369742199905, 4.86260999304887, 11.4743227760197, 1.17342529579083, 
6.22521524882353, 2.93577754845408, 6.03105524142186, 5.35589045395614, 
3.23524988837577, 15.02804420124, 2.89010776606424, 6.33499113765716, 
3.04692121200306, 14.483449325552, 6.32278786882311, 2.85175286549767, 
2.03261594815315, 29.3333758930486, 11.112574148086, 0.847297198724367, 
4.83604267699341, 9.41541040113273, 299.122449608182, 2.55841279571905, 
5.09195800328254, 2.4613680139845, 4.4039256327577, 13.0227732137642, 
4.53705675333453, 5.13866597552163, 2.99102130430223, 2.30207506401349, 
34.5060378205816, 4.28350545633975, 5.01441797397115, 5.28526079339626, 
3.19746499822202, 2.71890124769339, 52.508356732989, 1.41128931997791, 
4.2337172856268, 1.41073376962978, 198.443201400196, 20.3962527824205, 
4.03635223533472, 3.46752227889495, 3.10109206849548, 11.8526428337092, 
7.72237832062652, 6.25252507582965, 5.44273832441058, 7.55223506087312, 
24.1592922280557, 5.6831581496614, 1.63872975113291, 132.54318481893, 
1.7848004897574, 11.4922771833195, 3.20112191072414, 8.92022441640163, 
12.7887734595769, 10.4661465974122, 61.5312797388399, 8.58272377451588, 
8.12959715905504, 2.1828337829323, 14.5476359636313, 4.63539784103315, 
9.76187720838809, 5.65495657458306, 48.1581190306804, 3.9511480908779, 
1.83730440015031, 3.22456524827849, 1.77309078664835, 3.41598488423302, 
4.92129689990268, 33.5504267797748, 4.94674971160327, 2.09427100835803, 
21.8935548051728, 6.08661405378268, 43.6012555374685, 52.1543074728735, 
2.65786935828178, 1.18136311971426, 6.83658714162784, 152.852802937764, 
1.67624770652565, 75.4197294871905, 12.1324742443761, 17.3089435152476, 
1.59929649398225, 18.9088126115462, 19.2564621324164, 1.67921417567318, 
0.655045612324689, 7.36979036330178, 41.3090053096418, 2.79468348316515, 
2.44836760378134, 4.63933104447248, 11.0230396830361, 1.1123573828698, 
5.03554308052592, 2.87672761366693, 5.6848557040408, 4.91611928671045, 
3.25412178536195, 14.2866618687632, 2.79811827812479, 6.29669876204941, 
3.12079132162031, 12.5412245413964, 5.83136867644876, 2.97763145277595, 
1.95155984485539, 30.2934917019335, 10.7679675722133, 0.750042646049089, 
4.7202234015035, 9.35413520532204, 309.746869109269, 2.42173392870272, 
4.97129168207371, 2.3467353497444, 4.06442246121882, 11.9413957136068, 
4.00277090091356, 5.15650923606937, 2.7842373444271, 2.33945548675202, 
30.0028078141937, 3.91121714625445, 4.72915443021168, 5.06608290042542, 
3.03636345633117, 2.50395389202917, 45.684276414597, 1.26368312266663, 
4.13836750707481, 1.2823572349819, 204.006032776324, 18.1989597612686, 
3.53320757123014, 3.40004608048087, 2.90893909593082, 12.0769441184137, 
7.20571967229823, 5.53461447579179, 5.69197327667481, 7.14219490448945, 
24.4542012436749, 4.69125543098893, 1.48908787961643, 176.933960604066, 
1.32925385397453, 16.7623728332176, 2.30346448863747, 10.7211142278819, 
12.5622725390457, 6.80669277551715, 82.5062752938981, 6.45342540533056, 
5.15352124672317, 1.80339800932736, 11.9244300764789, 3.64633561461207, 
15.3414614088378, 5.60870869764058, 75.6792994698803, 4.16713915467367, 
1.44994844338983, 2.41976506521782, 1.24267861259488, 2.98806051427325, 
3.64747957263762, 23.9292060285341, 3.49041022308658, 1.95750226321823, 
23.5740262684492, 7.40997360048641, 45.9177452989799, 65.7655042526135, 
2.05072689423589, 1.39157694965575, 6.3647218758979, 163.365280531126, 
1.40344981336956, 86.9045118186976, 8.80625831566114, 13.6392775391174, 
1.32358596030251, 26.4194822623199, 14.1794181263549, 1.34357274427082, 
0.491985441485419, 4.64933546449248, 49.2384925079277, 2.14099187743075, 
2.81690756562131, 4.514505959012, 9.67093710385446, 1.03412628064843, 
3.48894910495184, 2.50375300204228, 4.55940484073571, 4.2200965912565, 
3.54649709094099, 13.9482400628527, 2.4690958480779, 6.37262290669796, 
4.26689420623206, 7.34265389109654, 4.47696105637663, 3.49221088233641, 
1.72703868228957, 34.3558168477512, 9.56226588104417, 0.565003678765985, 
4.90492361744649, 11.0629543413885, 376.250314625006, 2.05030816146284, 
4.78093988097307, 2.48008199317258, 3.64108484375135, 7.90907021213926, 
3.42739688023095, 5.69809676880744, 2.15859411480721, 2.85605394196389, 
17.3645283971387, 2.87436499760539, 4.35789905036711, 4.60935584248463, 
2.58389282500241, 1.79618337106868, 27.6267867121261, 1.01159720905221, 
4.48841057842257, 0.98202680885617, 226.600871613821, 11.5142492054225, 
2.6686626524575, 3.34108018190418, 2.91376117566822, 14.0764609078275, 
5.98144134671003, 3.09732589020768, 7.10814655179474, 6.18564297168469, 
29.743601867838), dim = c(100L, 3L)), Time_all = c(elapsed = 2.42099999999573, 
elapsed = 542.041999999925, elapsed = 549.138000000075))
