list(MSE_matrix = structure(c(25.0130578523915, 25.4838116517237, 
20.1958128514499, 31.2842185398976, 26.3244805857424, 30.6748338124471, 
23.224195594487, 30.3977691465322, 29.5065075755761, 26.638014963022, 
43.2818291253439, 27.6767893816262, 22.4697222268459, 20.87202556226, 
33.508468623276, 25.9656447358508, 19.1419751131018, 19.3220011003905, 
33.2101003242453, 24.9324947946545, 32.0777192399395, 41.4652773238579, 
28.7176654970371, 37.0808297144546, 25.7366499338883, 26.5297491424919, 
30.766824848122, 21.8804527093613, 26.3579173600272, 32.1705503486056, 
22.4777147452276, 24.2442091212259, 24.7147733688003, 25.6988769850115, 
27.3687619466965, 14.719214893683, 34.8113771609803, 24.4243755154464, 
25.9174931693439, 19.8076215387333, 28.4157401050823, 18.1540097715114, 
22.7839752404807, 31.230792435973, 36.1207283482708, 21.4947360263937, 
25.9663616265434, 25.24165570936, 28.3568907393785, 23.5212072473592, 
21.9240209832242, 22.5151956364346, 21.7088507584509, 26.1389020684254, 
25.5195918515131, 27.1211880669784, 24.6824459207736, 12.2409448625927, 
30.7619557877042, 30.865546822708, 35.2655218591159, 20.962209036592, 
25.4151801613517, 27.6733228524671, 38.3972670502118, 19.4197833802992, 
17.4810337999381, 17.9336008840904, 26.3597994063953, 21.4596706104643, 
15.4206052090359, 28.9895349153392, 21.3970459533439, 26.0759553907015, 
28.4622582180366, 27.1268572914272, 31.9399128485702, 31.4564254824491, 
22.9846304055177, 26.037663361997, 21.7287521786223, 27.824793716811, 
30.8324736740568, 23.962984313003, 19.1386200817567, 22.4793555212003, 
28.7676618164759, 32.1565057370432, 25.4301880071152, 21.1344068290521, 
19.1157052108247, 13.981535515588, 25.8490259228922, 20.7058134232741, 
24.7942812681516, 25.998609538764, 28.6463379245363, 28.0834229293279, 
20.5173571776675, 25.776276246036, 26.1207373612697, 26.6925862689087, 
23.262957786756, 31.1041516004394, 25.1291294426243, 32.1747910405377, 
23.9313670137282, 31.9356203231982, 27.3442962659502, 29.0209210610039, 
44.8983464600525, 29.9410016308202, 24.5992109838921, 22.9905452042313, 
34.8957848376934, 27.4969289577861, 21.9027610429408, 21.2026229869324, 
33.6874063406769, 26.0534526431735, 34.58743737335, 40.7089609934016, 
30.8901975539957, 38.0666523044851, 26.2907181817038, 27.8463705470246, 
32.8238106456401, 23.4379605770724, 27.9968944433165, 34.873660315378, 
23.3522351419695, 24.4118971825697, 27.2237459333148, 26.5085010449381, 
30.572708679183, 16.3096679173492, 32.616459278652, 26.3466873803795, 
28.0982140443829, 23.1151907245069, 30.6937937319594, 20.0203142764861, 
24.3107121607428, 33.3678301864947, 37.8631538822793, 21.6660274461105, 
28.2945593164013, 28.1534574346008, 30.5529375436865, 25.5364506862638, 
23.3435559917146, 24.1838333632601, 27.1470383733615, 27.9463021357932, 
27.5379331010416, 31.1100170501107, 28.1675897894705, 14.628248626966, 
32.6124296518752, 33.384378092274, 35.7413629768809, 22.3053103943874, 
25.6343153288599, 27.2251226978651, 39.1770028654147, 23.7611893594178, 
19.8640998324449, 21.2561674249071, 27.889463846023, 21.4326451954383, 
17.6597484683667, 26.9627363475277, 23.4908095699798, 25.9173760245559, 
31.7619411306546, 29.512227175809, 33.1146489205765, 31.6630357508204, 
24.1854178022897, 26.9024868822581, 23.6171772899284, 31.0682115217602, 
33.5387857048663, 25.3685655711474, 20.9017363690005, 22.7327608279172, 
31.5285233524457, 34.3094483551066, 25.5608838212033, 22.5291257078782, 
21.9307609850927, 15.5353231331943, 30.0970584967038, 22.3868504686368, 
24.4324827776911, 25.350931950266, 29.9901134615593, 29.0511540461849, 
22.6554264747258, 26.6824802946662, 28.6116389412931, 29.6144615435437, 
27.2758423261537, 34.2745975018575, 27.6707784548049, 34.3932969634465, 
26.5775933968595, 34.8353355593023, 28.5185513745668, 32.8584319021249, 
46.9651478660944, 34.0640740319882, 27.0294955936501, 26.654333681628, 
36.8622298726079, 30.379878536677, 26.8129042194142, 24.8050599938158, 
37.074823763275, 28.6071440207927, 38.0459907766033, 41.6431111771727, 
33.9285506552371, 41.0036586505741, 28.7944562540853, 30.2898514468611, 
36.1282795169436, 27.1633972757964, 31.3024820217185, 37.5009396910529, 
25.8630774711616, 27.1350252851416, 30.1792441702143, 29.2839740441461, 
35.9929885391697, 20.3325045345338, 34.3689084454842, 29.7774218020218, 
31.4134829752224, 27.7932972353977, 34.304007803064, 22.9932648186038, 
27.0069215242961, 36.6797737272578, 42.4107132232344, 24.0236683532754, 
31.5711053214083, 31.6263394544019, 33.1260471993587, 27.9780455832204, 
27.3689245136277, 26.5501249529689, 32.4186822201873, 30.7232682810583, 
30.9057579191324, 34.7523080220368, 32.8725865161894, 18.2127094398573, 
36.0875556961122, 35.7983399367982, 37.9265721446752, 25.9442800484635, 
28.173056020352, 29.4539566369389, 42.9798776635759, 28.6547636857944, 
24.8724729267651, 25.1268191112267, 30.2998676846986, 24.681204854535, 
22.2839273471706, 28.4742133777479, 26.605339588916, 28.8849018945864, 
35.8066205314504, 32.1147847699527, 35.5687439913827, 33.9999930121739, 
27.2306277530944, 29.3871388199596, 27.1203947561189, 34.5433445841078, 
35.6829896357457, 28.6216477274176, 24.3697555182754, 26.0887742991207, 
34.7120291901993, 38.5052538803369, 27.9226507783128, 25.3530350387907, 
25.5877399161379, 20.2180100292627, 34.5600860559125, 25.3793200866329, 
28.3590794610668, 27.0748328100598, 32.15170125857, 31.5638231758728, 
27.1447386697319, 29.343157288054), dim = c(100L, 3L)), variance = structure(c(4.22062488172485, 
0.798886595414065, 44.3320070789974, 2.430903344119, 16.7156869084482, 
5.85820395491758, 3.73156656879881, 4.41403467941839, 7.02179785343218, 
10.5729537611592, 4.56793645952958, 10.0032597673334, 1.83851481019213, 
25.0358564449336, 5.07038624047504, 13.4381164464129, 2.86737700687542, 
28.586942309042, 2.10093061086152, 1.36027667192478, 4.0213869162424, 
2.24153314852419, 2.66315163524078, 6.47435804947639, 33.7114352916415, 
6.07918121532493, 2.78987429857603, 4.28283945496485, 7.3961533059431, 
4.24724248164944, 14.1200544692101, 4.75951722380375, 2.37243586109343, 
1.37030084465531, 7.25847415109546, 1.60736992955535, 7.717582298686, 
3.73215824963087, 7.18615945547775, 1.82710692509219, 12.5790496081113, 
13.2879713476504, 1.4956112675127, 1.51717306819276, 6.71687208486992, 
4.85652832047626, 1.28521056619057, 2.51262183481137, 4.97585067377437, 
6.60443047140881, 1.40165690806802, 7.30234747049755, 2.65048313221786, 
12.2087275816593, 7.03000606514216, 1.93704978452677, 8.77171552517709, 
2.00044711906723, 4.86780602154194, 5.05902653617294, 7.80024341359129, 
1.08045421766662, 2.49775941808393, 1.13607844965141, 5.61463180876943, 
1.29587001504169, 1.36526288827713, 4.22465037860982, 6.79669210126681, 
86.2257747870384, 2.0423038986575, 1.31245092166992, 4.90687426408647, 
4.55900075610823, 9.75273234591614, 3.11104266025243, 2.65601691990067, 
2.88991679499494, 3.08129230787509, 18.8826721581312, 4.41060957766466, 
3.08569751212685, 2.06008628704377, 2.18324220809242, 0.955273774869235, 
53.0739457332615, 1.53035144374092, 3.89241986449851, 2.00834830549005, 
20.4304245637154, 14.7044453142376, 5.47814247145292, 2.61445511807236, 
4.97435619777078, 4.14127954832218, 4.50430946377482, 5.14522174773683, 
4.42986018555897, 2.70033771528312, 4.56084670017589, 2.85998247164996, 
0.607930375954333, 26.4256140457231, 1.76408524126968, 11.8634367694995, 
4.28089814714302, 2.97642654136332, 3.40962984535145, 3.95226298197845, 
10.0174957881495, 4.14012037519704, 6.76871498606707, 1.33201626340093, 
17.2022363803908, 3.82050694064523, 11.3525102093682, 1.97808752883392, 
23.7604344892126, 1.41711187656111, 0.842156135313723, 3.12067044592689, 
1.57457252310537, 1.71596177948107, 5.34166875851098, 18.6847126486013, 
3.4649911278879, 2.14798565582555, 2.67729192378983, 4.98406743525772, 
3.4299787612216, 8.41175600776082, 3.84166616103915, 1.80548192893812, 
0.970052307613425, 4.69399379249158, 1.31541912010999, 4.75324982421397, 
3.04492166252237, 5.78381675866635, 1.14044332075133, 9.28054790200075, 
9.42603587859918, 1.09302113089243, 1.23487730481196, 4.19642100706693, 
2.86232090851332, 0.956247596357264, 1.59830884369867, 4.33790631659206, 
3.70849602743814, 1.09593330009556, 6.00981140132333, 1.83524828256434, 
9.89342472695668, 4.5791685976425, 1.41912881892168, 7.19896792318797, 
1.3101154657668, 4.29863192239154, 4.07216276668701, 4.56404832790055, 
0.773035933925449, 1.86856812890748, 0.857216419574315, 4.26589104405997, 
1.0174535698834, 1.05363475389746, 3.04942784317204, 5.77320078035435, 
47.4741365105186, 1.36661022478804, 0.909212117482295, 3.39622138803541, 
3.68056899160424, 8.55417283776875, 2.03990109607996, 1.7138607751905, 
1.91592345180707, 2.25838688431433, 11.6415028791819, 3.21065998327469, 
2.80553167250738, 1.674246289628, 1.42794474996975, 0.771246000346738, 
29.623094328963, 1.17592682484928, 2.54005132889999, 1.58795086314255, 
11.6414662776451, 11.0377827721199, 4.05013135613047, 1.64599753202831, 
3.9218187717991, 3.05057733512274, 3.86385458376768, 3.99966295705741, 
2.89399078873978, 1.84656941956844, 3.5417131021529, 2.1146868187484, 
0.540392217370649, 17.7790840469259, 1.38159802577398, 8.6298816029166, 
3.30890614347178, 2.55783423047653, 3.01613907341575, 2.88856413994688, 
9.65226029385, 4.00435854740271, 4.76580849531535, 1.10192814623992, 
12.837290614144, 3.47139876986847, 9.54867188438036, 1.52852295304274, 
19.6003331415263, 1.1234237056786, 0.577461886833313, 2.72612381046134, 
1.26060819992624, 1.22468411986499, 4.78434851412084, 11.7553597167439, 
2.32966554398582, 1.81849008574063, 2.0921081069248, 3.96080990688858, 
3.18544181097189, 5.52908725454775, 3.39356212952297, 1.45525997666011, 
0.804207588133797, 3.43998224674066, 1.1576263466848, 3.62250823299405, 
2.58894624327476, 5.08979768937326, 0.830911635144082, 7.44183560089755, 
7.50740284152483, 0.886535575268003, 1.13099738271404, 3.33979763650919, 
1.95789300786375, 0.820079223430556, 1.16206311008597, 3.86564834364525, 
2.50596650357443, 0.958477936482646, 5.24742792945353, 1.4499364370695, 
8.26617049551787, 3.40116228252323, 1.19384008363282, 6.16259126568274, 
1.02722724607502, 4.06898561952637, 3.55905895609683, 3.26502823963769, 
0.647777262975975, 1.49923915763064, 0.761748055977461, 3.68963293036155, 
0.86745935167137, 0.921246013626571, 2.51054319301782, 5.24149863397148, 
30.0208751377813, 1.01510137572033, 0.707383056702532, 2.34893144539188, 
3.43489630755482, 7.47957939514415, 1.70329083106193, 1.27042855910752, 
1.50347551287415, 1.74878007863989, 7.4345865587673, 2.66307739817047, 
2.61302389719482, 1.42735238566881, 1.04811469718052, 0.678031966350356, 
19.415632156796, 0.975101145006482, 1.76994769855415, 1.34067788767866, 
7.34310888093793, 8.98197473695219, 3.36710971469829, 1.16563467200544, 
3.31404717174025, 2.66940556437055, 3.48660189155694, 3.27981785249766, 
1.87931534634852, 1.44173782732839, 2.90925515327303), dim = c(100L, 
3L)), MSE = structure(c(6.51273255534065, 1.15228709483174, 250.051976362096, 
2.7030718384694, 24.8163235586863, 6.4289394899705, 14.2786347654595, 
15.4291185868109, 7.38614645501662, 120.729515498351, 6.59255314204299, 
9.90323383987002, 2.85186684637044, 29.7935956654282, 6.37651806920272, 
25.5567076488899, 8.50950928257816, 131.085970755596, 6.77643259872151, 
2.36050851412979, 4.79502777565171, 2.81073077748331, 3.59696169096329, 
7.4103185665465, 43.0840498681829, 6.39149997533151, 3.68226113394977, 
26.6199453036338, 13.2396808469864, 49.3092447308752, 69.6788854974791, 
5.13421160203793, 3.79794518704331, 7.30649652977146, 164.002560519082, 
2.29340048913116, 98.7633917035188, 9.46792610805786, 16.485836865464, 
2.88166828674548, 38.2340376206075, 22.1822627481698, 1.58383104517945, 
1.50655378122351, 8.24191488903106, 64.3746180402012, 2.13316698585214, 
5.07085831574224, 8.89127663669883, 14.189587087706, 1.71340529827666, 
8.17652067379935, 4.36178292329616, 12.3675461333804, 9.47696668978854, 
5.4481069678692, 16.9164817091686, 3.50993876584978, 11.151584206731, 
7.07738581242286, 9.52259989917774, 3.2277706180075, 5.91221453344062, 
2.57126462528716, 41.5283983035936, 7.92446920410576, 1.47462090004255, 
7.35067399348247, 14.9838436238911, 510.010057983546, 2.59690529996926, 
6.01907398606062, 5.66533663547608, 7.6224063167199, 11.451099849707, 
5.29871279781683, 9.16519462410556, 3.41410687472247, 5.0532230591393, 
20.1244641186799, 5.084322293941, 5.65375216449005, 4.48575190325905, 
3.26744251060018, 1.4095464577627, 57.8330954612805, 1.72133310602629, 
6.80627472030247, 2.07256377376409, 234.19205877421, 16.769827169944, 
6.89536630533851, 4.46892280050598, 5.42394714104526, 15.5590968281308, 
7.29108978294174, 5.48888835033906, 9.95593532688715, 7.8786100777272, 
38.2091587302391, 5.90822714187748, 0.806798704432409, 296.836212179537, 
2.27307396462406, 32.9278823849771, 5.1838889485241, 16.1509939869752, 
14.3192986405918, 4.03128710406909, 158.195603128608, 4.44710329893756, 
7.10116810686324, 2.14160116454462, 28.474496471174, 5.12868628002389, 
37.4156280862295, 8.56650190353547, 173.864882700347, 7.73103817394339, 
1.32760248010499, 3.9468623757565, 1.97473136089812, 2.27948593737519, 
6.2459839375149, 36.101030849542, 3.92670801129578, 3.51464312703375, 
27.7592963921221, 15.7541202770289, 48.5068831503346, 80.7598380179095, 
4.29220270338054, 5.14496496116138, 6.43059131195007, 170.397869317402, 
1.77904254476023, 107.497386239906, 6.39661954887883, 14.1841282527114, 
2.25894670232373, 47.4705243622228, 13.3214993906891, 1.10827724451988, 
1.23216124695306, 4.25176296260974, 72.3813317173857, 1.26722557895067, 
4.68652404974235, 9.57826262333044, 10.8835451290213, 1.92759338317241, 
9.92577077614057, 2.45730467257811, 9.84261877867273, 9.32392528766087, 
5.69624497815647, 20.1892109759274, 2.44657480613958, 13.0474745449367, 
8.76699084382588, 5.46749271451817, 1.99336801837503, 6.48223583540912, 
2.34629680498475, 50.1723538328896, 6.06110261814016, 1.2833556049582, 
7.80685444549303, 18.9539990734398, 542.908218096408, 1.63567698242182, 
6.2291500803461, 5.92101590167517, 8.49853868194046, 8.47005742203018, 
5.68097882408681, 10.5587563905613, 2.1634765278768, 4.79406183638601, 
11.6390409048141, 3.40236348185621, 6.05867478155545, 4.05619479367649, 
2.12404979439341, 0.824889580639625, 32.4746722230777, 2.10984382097325, 
7.54338875620383, 1.62647163823539, 246.633927625991, 11.9790732308536, 
6.33653170908368, 3.29729569478274, 5.63449629143824, 17.6656738072539, 
5.72528087066724, 3.98694830858941, 10.9512241249099, 6.19570874810315, 
46.227187859692, 5.56597967877259, 0.573588434095375, 349.589241153235, 
2.32013577458814, 49.2146147124907, 4.48590189544197, 16.2854957871923, 
13.4808296597139, 2.89642555953465, 200.166200114866, 4.16339964212838, 
6.16835930116804, 1.78362427546438, 29.8438488946631, 4.5092202834948, 
55.4930129855331, 8.29320398660483, 225.549310459224, 8.93717233811715, 
0.784565166890445, 3.41294156752161, 1.71580895054844, 1.49581236747007, 
5.50099949359403, 34.8851637034753, 2.85138629776619, 3.24671123613486, 
30.7101882662193, 21.696903074481, 44.7946463603189, 93.8602139738134, 
3.97179205304757, 6.47341519759363, 6.30951942031714, 177.26306597779, 
1.40359008524079, 121.48373662778, 4.26279877052529, 14.5595501102774, 
1.90238433617728, 62.3948746118293, 8.0275607647156, 0.882046937962097, 
1.17158836115941, 3.96589375751168, 76.0099738260983, 0.84131166266585, 
4.18912291045008, 11.1383924140777, 9.77898537645967, 2.73185634887828, 
15.487551986339, 1.49581606603008, 9.50692748082697, 10.9701032576683, 
5.86295501107085, 27.7525249985756, 1.59814616296289, 16.2994491904939, 
12.3684638656731, 3.75226930116065, 1.28381823083393, 8.04885884008634, 
2.48005251225893, 61.5561372705257, 4.41322340970807, 1.21012999426893, 
9.54194544194102, 26.0803704793164, 575.223760477179, 1.08471382838165, 
6.8477594159289, 6.39193892987872, 11.7650384056258, 9.58610958212948, 
7.51349127671181, 11.8792015638716, 1.54653681342359, 5.16257114357439, 
7.61649882418844, 2.63733206405009, 7.48974410147258, 4.15153398638783, 
1.37727503843922, 0.688090758613758, 20.9258596025012, 2.87699441138906, 
9.99988719617291, 1.35935874017159, 260.283276098992, 9.33950684054946, 
6.64375974974771, 2.42098207327884, 7.47813686038839, 23.8720419828592, 
4.73560431712378, 4.30049678149937, 11.7448088563682, 5.72886591043802, 
56.5916479655128), dim = c(100L, 3L)), Time_all = c(elapsed = 0.43800000000374, 
elapsed = 64.6320000000123, elapsed = 66.3629999999175))
