list(MSE_matrix = structure(c(25.0130578523915, 28.297221884204, 
26.222126772866, 27.8156453179193, 34.6411202277132, 29.4247546635097, 
24.2814025599839, 22.7219429266984, 22.7538377990979, 16.860452153087, 
23.0915413085705, 21.667330020103, 34.1434082226406, 23.2456481725199, 
24.1262494792576, 21.9239568875417, 30.6036321295272, 27.644397168825, 
35.0490052952026, 24.3215407647677, 27.8124239676196, 17.5960951340658, 
19.5457130483709, 24.0213391515385, 25.5949832777529, 22.8021523963217, 
18.6266180550678, 25.6264564350684, 22.2202679044392, 32.3502769240482, 
33.8427402439869, 28.4119098563867, 24.5090383669766, 20.3965388889143, 
32.3282864975591, 29.5533865170234, 29.6400415167132, 15.3624124735366, 
31.519945411717, 23.1197077148505, 29.3606910574421, 30.1955900145859, 
21.5840428450605, 27.3513418479732, 36.6450247036937, 23.7967107408275, 
29.7077594683619, 28.985429422082, 24.9023408413845, 19.2477034562108, 
25.5644425610551, 21.6063190821685, 20.3593908491757, 28.6965854616722, 
29.5212597289193, 25.2292321342624, 24.4164198065477, 19.5878576529505, 
31.5937692166163, 21.5686574543389, 25.7005839734245, 27.5234790228689, 
35.6326141157952, 25.0785043795568, 28.0987651531104, 17.8738527410981, 
24.3859975181641, 23.5523206648945, 22.4487918621307, 27.4452041591, 
24.1799803616477, 29.06205812498, 38.2015942271061, 23.3483532429705, 
26.992149280212, 22.0500146813056, 27.43723939739, 24.4646681144289, 
24.1767745277383, 23.7600961403949, 22.1589356916462, 29.0618449782886, 
28.8703313882814, 22.0950101208439, 27.2904125273761, 29.0685708378698, 
17.5305918966065, 17.8354801676472, 26.123631152005, 24.569290911519, 
32.1791101391742, 31.731933154365, 19.3598095081628, 34.8017589129295, 
20.3396914241738, 19.5606718941149, 25.8706222247556, 45.942828182208, 
27.2694332076545, 27.0661498459353, 25.8365955811145, 29.2386322015806, 
27.6209335085884, 29.0395389096183, 36.6497375035351, 29.7017900652841, 
25.5324027793636, 24.7198087307841, 24.4465206997023, 21.2548465640556, 
27.2340486828463, 22.301839960398, 34.8562850436699, 26.3118479138694, 
25.2307366725196, 22.3653898162542, 31.7939617353705, 29.9531129418729, 
33.5994177890733, 26.0766776390969, 29.4404663101457, 20.0538826864283, 
22.3765577035194, 26.0126544952503, 27.8833847341163, 27.4931123249578, 
22.9777050528333, 25.8846711333697, 23.398251951083, 32.5991115367973, 
33.6698012126454, 31.3100242616757, 25.194662175907, 23.775000185489, 
34.7310563216879, 30.4937712546533, 31.6279593357643, 18.2003260626474, 
32.9857552469308, 25.1048610895519, 31.3751027203642, 30.9954349463444, 
24.6149140852737, 28.3743151517355, 35.8082406897484, 25.3869274319571, 
31.1741767862224, 29.9831643943006, 27.9560443450197, 20.6392268958015, 
27.0450880017651, 23.4113178202945, 24.1823449366249, 29.3521420595601, 
30.2091477400613, 27.498505277406, 26.8813235716387, 20.8891593023353, 
29.1694861186094, 23.1141391649005, 27.9928646923748, 28.8853487788852, 
33.5350966408236, 24.9402974781326, 31.6366740111282, 18.8716657057895, 
28.9794095996071, 24.8715590287107, 25.0773016588896, 29.8723267022565, 
25.3154615683184, 29.0518782077516, 39.6794650478548, 24.538137795902, 
28.150108326595, 23.4619367924651, 29.1979967276898, 26.2703973160455, 
26.0542244704816, 27.6787205735769, 27.8378445529098, 32.6254114353286, 
29.7030853717103, 24.1621779280966, 27.1061151837701, 29.9869371635706, 
19.8357011892286, 19.0982373544704, 26.3265495114185, 26.2942624707927, 
34.2960275890906, 35.1867932998804, 21.3529139592516, 35.9168043191672, 
23.2713998590146, 22.6655234368271, 28.5580394082257, 43.8369722712728, 
29.1049606170824, 30.4960286971813, 28.0100023022466, 32.0194115242956, 
30.9798492628324, 34.1015011961115, 40.8351923279399, 32.3061453133184, 
28.6998150059306, 27.6861337134318, 27.6700976383049, 26.3518121862639, 
32.2433773461085, 25.3292683036385, 34.7896532560658, 30.0912342120342, 
27.0330429486477, 24.0367346640102, 34.17971262034, 32.5616981947845, 
34.9577646192861, 28.426596545104, 31.9448041516735, 24.3556198163104, 
27.5424240385595, 29.0040618313518, 31.320992070049, 32.0264381225598, 
27.3044983196693, 28.5571518703484, 25.462401966539, 35.1256036929022, 
36.7809890371106, 35.2355585621217, 28.2050997084985, 28.3230207673356, 
40.6432446582415, 34.5840336994603, 35.8994086737008, 22.7608334386355, 
36.2810595340628, 28.4430083109695, 33.9265604969598, 34.2866528621946, 
29.5762173669717, 32.1284100448093, 37.7953750920011, 27.653891745376, 
33.7133211841381, 31.0636602990818, 32.1664498549634, 24.2428441084608, 
30.4858864925568, 26.5498783365787, 30.215026537141, 32.1276736594666, 
32.5531832161445, 34.2189570412182, 30.4167231698358, 25.2210012595209, 
29.9501896270249, 25.974085832852, 31.3295320246643, 32.340435987966, 
35.3182118700106, 25.7648006755909, 37.3660410778583, 22.5713521679946, 
31.8547184584841, 29.4740675557169, 28.8132783842366, 33.592807282404, 
27.5616947768464, 32.4666169579349, 42.5585671946457, 26.9727073270125, 
30.5638162574527, 26.3319959126685, 33.8942260393663, 29.0106893991477, 
28.7199532747635, 33.1876655796956, 32.3938115006689, 36.5936346418188, 
34.198763737731, 28.1036543826891, 29.5432016579355, 33.0195124847367, 
23.7104595995614, 23.4522472791428, 28.1055747311993, 28.4923053732583, 
36.7993099869567, 38.4147848630539, 24.8144687681876, 37.329781634981, 
26.847210181693, 26.0044176660372, 33.2224476899119, 45.1102939534046, 
34.0846955089512, 33.920693137163), dim = c(100L, 3L)), variance = structure(c(3.98930913562816, 
1.30435595308192, 40.305198821191, 3.46378366437703, 21.6420674345812, 
5.28705169941759, 4.64956095654398, 5.9034727173504, 5.37692460016463, 
8.04127665167864, 2.92055814226244, 9.11371681133244, 1.56699360413846, 
21.0496579360292, 4.83266386996318, 14.5240400012988, 3.48991588313939, 
24.3690770656362, 2.39976614964194, 1.38910537055032, 5.14306922983469, 
1.49516747128517, 2.05553173232445, 5.23800966181244, 38.110461039122, 
5.44988679129894, 3.54243466358709, 4.01649250988425, 8.14544416557838, 
3.38340040389401, 16.7431421403324, 4.39197162406059, 2.70548981728454, 
0.87570555619946, 8.49101976469788, 1.47431389888661, 7.32920222380278, 
3.86236747324922, 7.0459798835542, 1.44821323040401, 13.7593235497772, 
12.2119533047627, 1.47362819092375, 1.51743649453297, 8.18166542651624, 
3.54591543843574, 1.06354034181852, 3.27719507369925, 3.83899235441381, 
5.95852674899603, 1.57545767968078, 11.2333973445418, 2.71291954950257, 
10.5280824785631, 6.36453939764722, 1.24992375907969, 8.69746478242216, 
2.33548937844508, 6.17536932207072, 4.25056186912112, 7.59030360246632, 
1.37183860959656, 3.07499926323677, 0.876776225247117, 6.33384323933382, 
1.41634941590619, 1.22136705050083, 4.72483317898425, 6.11418908778472, 
95.9835395190029, 1.63093162953964, 1.30764701691688, 4.09473323704507, 
3.8599766357605, 11.5143879969199, 3.13653854494717, 2.46565518517927, 
2.80364063755723, 2.74047842309985, 14.9049622036603, 4.95789691090317, 
3.2341552483556, 1.72748326193286, 1.63568274645437, 0.992195389314509, 
48.2456114755198, 1.64253563863085, 4.88287830447498, 2.36100508027173, 
20.2967483948467, 12.9558773215125, 5.1654657485785, 1.80719152841823, 
4.36373682056551, 5.0319575644464, 5.02880670021205, 5.23894377778891, 
3.38515544177354, 2.32731925744759, 4.82827754517283, 2.51046886194241, 
1.03727053928459, 25.4446735094557, 2.18846998003219, 16.0398472690971, 
3.64563592106729, 3.35061626224292, 3.59891534578471, 3.31933832783582, 
7.23347150532655, 2.70975262590441, 6.29807677813763, 1.20346612429027, 
14.4091836446969, 3.49606383897235, 12.3164559371045, 2.38708318884433, 
19.3394015038393, 1.5337624883347, 0.824568992020037, 3.14947401204154, 
1.24993893516764, 1.50606737931595, 3.78142105102005, 21.7929047906484, 
3.80020561209819, 2.73435301362849, 2.5675963398314, 6.00058545261619, 
2.48451295976015, 10.9906835303875, 3.43351399410389, 2.10134536614218, 
0.665028407426742, 5.73189482153229, 1.13131733503225, 4.696018884598, 
2.99358085388333, 4.95776905012508, 0.972123324762235, 11.1639023023256, 
9.55418633491194, 1.21570061042863, 1.2049950691583, 5.90710793146753, 
2.27683378756811, 0.698495942805597, 1.97303307107424, 3.35462046140626, 
4.08132603222047, 1.2604382009198, 9.33543750532502, 1.74470193198847, 
8.20330621546403, 4.56853155211004, 0.958200617176287, 6.9765131642625, 
1.41861206735368, 3.86705638900564, 3.82351682476085, 5.31336041363585, 
1.00404345693709, 2.05743171508048, 0.690082885482482, 4.77123832369334, 
1.19511507570547, 0.931332579696968, 3.48940911569827, 5.58381497454847, 
53.4270266815094, 1.24283251418739, 1.0965211813467, 2.86115371163302, 
2.98233837469685, 9.7476152911088, 1.97606752074164, 1.60581903414151, 
2.03676057531992, 2.13082018554444, 9.84501020216396, 3.61578140235753, 
2.74669357942357, 1.44372144382444, 1.18860690724658, 0.69990756674466, 
28.2228869212235, 1.16089269113091, 3.20147643401222, 1.73032538389375, 
12.847002182663, 9.39423381627194, 3.89721223467894, 1.32871655005732, 
3.89624829551396, 3.54245722885054, 3.64716948851773, 4.0456602820813, 
2.43695902933675, 1.47028417073928, 3.82080885536787, 1.7085369061844, 
0.968493386146156, 19.3238704336521, 1.67030642991788, 11.4462755825262, 
2.91201999408876, 3.13528735175173, 2.81701325662187, 2.81853450261834, 
6.94153565014657, 2.81477374781678, 4.80317139503309, 1.0073886015026, 
11.0462277094732, 3.31717574653443, 10.422429725076, 1.89040531939173, 
16.7346574640738, 1.21306438308804, 0.599188978429722, 2.3579091776406, 
1.11078430458951, 1.105044901437, 3.12509851959504, 13.2312150128135, 
2.9935874436874, 2.48694745604483, 2.19897149807945, 5.05797809466829, 
2.14897734753099, 7.22350623794214, 3.05524357006388, 1.86463927791614, 
0.640286552049835, 4.06640678295664, 1.018899417634, 3.80199307741576, 
2.63171501028731, 4.64391685741888, 0.716009953168154, 9.15742995973876, 
7.9182643616932, 1.10756450418437, 1.12112128060338, 5.23871696993112, 
1.68772853254954, 0.591598908894379, 1.44278980127142, 3.16407543262198, 
3.28520725494487, 1.14980947006644, 7.68905004903572, 1.25212980676847, 
7.3399752715593, 3.75631276917413, 0.852515434160145, 5.91528960845645, 
1.05349646456511, 3.0804076087624, 3.76863847535175, 4.27288262169103, 
0.876678524732703, 1.66443734449319, 0.648042033330983, 4.19542989336686, 
1.09508508690435, 0.79765492220919, 2.82584190784036, 5.66663630667187, 
33.8478269351861, 0.964563161553471, 0.851485071706793, 2.26883660154385, 
3.20843585679154, 8.57282480111104, 1.53896147359063, 1.28999318310435, 
1.64969122276826, 1.91225603019277, 7.0643668555297, 2.85017919672203, 
2.70324875273444, 1.28304573044305, 0.903173026172221, 0.56611253748089, 
18.6924032231458, 0.931983383298187, 2.47878684730967, 1.44743508034111, 
8.1752247667856, 7.29304065897496, 3.36607897837408, 0.993648490801129, 
3.80392238378562, 3.08242054462434, 3.0191501811417, 3.45619008409899, 
1.7895239687547, 0.992536550738425, 3.2859226097928), dim = c(100L, 
3L)), MSE = structure(c(7.53963539533537, 1.84307043682643, 256.900507166785, 
3.7272633368576, 35.3475313025766, 5.92068953633349, 18.7604040023592, 
15.2360716250095, 5.896771388085, 110.748757865494, 5.75717711011768, 
9.03453660126047, 2.02240304100508, 23.463013988138, 6.74071026280167, 
30.3851407332508, 8.76459927956161, 110.763823915458, 6.55351949627094, 
1.98295115329828, 5.45638902071844, 1.61913276412116, 2.91870706619927, 
5.57768169421222, 46.0153971376124, 5.96504119176078, 4.69959343979212, 
26.2442132673381, 18.3796262948872, 54.7648660386375, 81.9344417166965, 
4.69081721820105, 3.95458606856863, 5.2789275817059, 167.772179259876, 
2.19029366422917, 97.2132146066678, 9.89940406796543, 14.6330986303514, 
2.47479570996127, 50.0429762828287, 22.7382402069879, 1.60653980798604, 
1.50241799979038, 8.52012007150987, 67.3141169781969, 2.32676908937664, 
5.73131399204511, 7.56475331588578, 12.2090973286415, 1.88183959049847, 
11.4395447358807, 4.46430272192689, 12.3786505879379, 9.5823693755686, 
5.95880553643533, 16.3287160509617, 2.97662808072847, 13.1986394654636, 
7.37539773808484, 8.25234069814263, 3.33487927788223, 6.7020631700134, 
1.87516524155843, 50.3243269748281, 7.95052210386068, 1.29062372252608, 
9.01318979377069, 11.489396370854, 488.098303106573, 2.13704291501504, 
5.85262265386566, 5.1655066146075, 6.03958517478787, 13.0101016093817, 
5.01258050507295, 8.63065893287771, 3.03109666446394, 4.40365012618655, 
15.1222273545623, 5.03140521493157, 5.22977542903525, 5.05320287967717, 
2.68425319123399, 1.96326614207273, 52.367853180128, 2.18666859445334, 
7.67109269410293, 2.3963358749755, 250.72118817638, 16.7841402342112, 
6.2818014768229, 3.82802650395372, 4.65357299797027, 15.3635904545367, 
7.58493610370083, 5.78962589289256, 8.73329047663379, 6.68843800762842, 
36.8277540183541, 6.47531561535659, 1.35402235904833, 300.568772504789, 
2.68190519558102, 45.2219836900199, 4.60878087572917, 19.6782855592705, 
12.8598643462856, 3.42922358440532, 148.849401419961, 3.35851915770745, 
6.7020731148994, 1.64726417106052, 23.0006926855243, 5.21693745079728, 
42.9682400619719, 8.81479530275467, 155.296479716878, 7.51374812531192, 
1.12020772142556, 3.51257302982619, 1.3493159197112, 2.06622633926121, 
4.20273832227561, 37.6312833278678, 4.47430816140016, 4.60241241524418, 
27.731083912075, 21.333948824524, 51.8937718024067, 91.2467697316895, 
3.8584934683935, 5.67007103380798, 4.97808120054582, 174.188755304484, 
1.57303654849189, 107.355024503133, 6.55760601863594, 12.1471542489834, 
2.17334599112644, 61.8925754738427, 14.0644769030719, 1.26239154284577, 
1.21282177819105, 5.89028397671561, 75.6605438200381, 1.18315366762535, 
5.18293086873484, 8.23304848635499, 10.1529241050438, 2.11468001460592, 
12.901840001114, 2.34346359730092, 8.34508772248736, 9.91035893492514, 
6.29933912871222, 19.8609419907857, 1.96039277796396, 13.2318845170051, 
9.38989729983764, 5.66093390267464, 2.20939632554397, 6.76354995267994, 
1.88757642832355, 57.9531779820418, 6.19383894353857, 1.16401403255889, 
9.25709622742247, 15.5639546277652, 525.924363265938, 1.50839594537818, 
6.09062046349331, 5.80718421467119, 6.97208276293623, 9.65218848149084, 
5.36117119842233, 10.3943827514292, 2.10953900611336, 4.23009743647866, 
9.74722622388995, 3.59121965792786, 5.34406316827756, 4.27583677125601, 
1.88036938335756, 0.910526582118682, 30.5794955371163, 2.5767686411298, 
8.13379941263265, 1.75744745277341, 261.197447615588, 11.0920850924247, 
5.96004603433365, 3.16328823052803, 5.17159746084454, 17.8540397185254, 
5.50409740326361, 4.00564872718078, 10.3681097674644, 5.36460793891545, 
44.5731638572721, 5.6472742073346, 1.03950233599271, 351.401266323432, 
2.59942066422455, 61.4341706943103, 4.05280313702795, 19.4896223436585, 
11.9914137590894, 2.85488746858289, 193.798217991518, 2.87878775450013, 
6.12519363105192, 1.44545580430193, 26.0812926999867, 4.56153420768554, 
61.7493811078699, 8.87378977389653, 210.731942078448, 9.09406730080926, 
0.701923603998478, 2.68892880822328, 1.29761810542268, 1.40866751669115, 
3.49325277427177, 35.2087316572413, 3.68061316663125, 4.49855810576427, 
30.8846093962028, 27.0627554492706, 46.1070133073129, 102.771221569921, 
3.55163658461732, 7.33819344822094, 5.23035624020605, 181.052192926347, 
1.25008997453562, 121.345045757876, 4.5246168983869, 13.404015526539, 
1.92252421751635, 76.0160877745306, 8.51642926801198, 1.09676693234372, 
1.15469044641126, 6.62212207720252, 79.4495492715758, 0.64174540453677, 
4.61478770442413, 10.0821938991791, 9.71456761322536, 2.9456142597076, 
17.8978698296902, 1.29116850182617, 7.66708388941631, 11.9062137796509, 
6.373161562917, 28.276202255993, 1.25824906133609, 15.9756320078546, 
13.1331267582532, 4.47112522371408, 1.54955859438448, 8.23242533355257, 
2.2530273110908, 68.3438080942226, 4.66707588884139, 1.0886657078992, 
10.7102345934032, 22.8860789801096, 562.595554677254, 1.04785756412412, 
6.54614225467735, 6.69665480470132, 10.9103382756013, 11.1334954241565, 
7.19227065437777, 12.3359435501508, 1.63329643589884, 4.75979402028495, 
7.39071418371705, 2.88358716108385, 6.81878853919814, 4.21377968283688, 
1.25640313394515, 0.560585559111711, 20.0521404778799, 3.23233312251059, 
10.5785915607469, 1.47169305517061, 273.861305794577, 7.85055567986299, 
6.24122425646353, 2.4392237505493, 7.14908538177582, 24.6761253358676, 
4.2403948439458, 4.277028334986, 11.627037472945, 5.14136503247459, 
55.3085702965344), dim = c(100L, 3L)), Time_all = c(elapsed = 0.371999999999446, 
elapsed = 19.9420000000019, elapsed = 20.4009999999978))
