list(MSE_matrix = structure(c(9.33045031410698, 15.4216457132512, 
10.5435240933353, 15.6432171528275, 10.5697599541291, 15.3272835111534, 
10.3099634467813, 7.22417013596323, 17.6145046610031, 21.3992603522315, 
10.9378246202348, 13.4579317510722, 6.89601704486005, 11.4986286291978, 
14.0949241808748, 9.82885520068929, 13.1441205042596, 16.4077555651124, 
6.53117953644955, 10.0422504034314, 7.58433531699769, 10.1740895219267, 
16.4465958171758, 9.27218599938007, 16.6515735692275, 8.86160175948301, 
7.81076942745567, 14.1247104950944, 10.7043544559677, 11.2113267904179, 
9.99223121605788, 18.8953962225823, 6.73859961962107, 16.1066557541168, 
11.3036834174552, 8.4869006872828, 15.6280312088385, 16.4314135723297, 
6.17623564571394, 15.5661330277817, 12.8959586141467, 13.1708914762558, 
14.4682580039364, 10.3809110603742, 8.35136157986632, 9.48422733498272, 
8.70320332680767, 8.78942967442542, 6.77663188483606, 6.78969021341989, 
11.3856558574278, 10.2931112564877, 8.43145842411263, 7.97392988128215, 
9.55175395559394, 13.3507478481826, 10.1024976336676, 10.6072784542808, 
11.2109817365829, 14.9371168741875, 12.3974161073355, 8.74928951362392, 
13.395319903388, 13.6049926405614, 11.7415546552786, 12.3619005563453, 
16.1376241232427, 14.168383079644, 10.40647538549, 12.0945227255462, 
10.8260647533651, 14.3060445555926, 11.1983895301953, 6.49514079973513, 
8.11141969644381, 16.906519118016, 6.63603717852774, 6.99128893369878, 
15.0516260211956, 14.6753377639694, 11.5958224122078, 9.77725961311399, 
9.21825822516252, 11.778892472961, 10.680054990191, 11.8170345760111, 
6.85447785819563, 9.4588075019941, 11.5742309527051, 7.95368858550739, 
11.9877442018799, 7.55408951112097, 9.81376796316926, 13.1562410242477, 
14.0805697098762, 11.2600121685596, 12.5684298428048, 9.48072863439524, 
9.54498164400836, 7.29209640083397, 9.57599401282383, 15.287010310296, 
10.9669393623866, 15.2964164051726, 10.597260180919, 15.608359078001, 
10.9400905211201, 7.31175272842248, 17.3783734294091, 20.8001811152122, 
10.6356784896809, 13.4430764889835, 6.80957718137153, 11.229440291817, 
14.2225087325708, 9.80920962222753, 12.907063056329, 16.5371249156137, 
6.7296300074594, 10.0231033462007, 7.7625633107201, 10.2415680497317, 
15.8233190614413, 9.56631995565205, 16.611722334878, 8.6137352238723, 
8.15664421061093, 14.0098890645706, 11.0210881282694, 11.7336091257451, 
10.1236063477145, 18.0458348518835, 6.6990944742434, 15.8602988473725, 
11.0390154636178, 8.83072441656851, 15.5140003008493, 16.5060449128201, 
6.3366008754883, 15.5572314705478, 12.8793107224347, 13.0135431556709, 
14.6817335134698, 10.5196542271698, 8.33496816324762, 9.79985726949542, 
8.49393437707293, 9.29768881430481, 7.00770622270795, 6.8844479172887, 
11.2321757442444, 10.4197492916234, 8.76423241028015, 8.37231074926212, 
9.76856881363605, 13.3180438767446, 10.4885062454435, 10.5029817913503, 
11.0295829179386, 15.0149419197433, 11.9991105812717, 8.94654562075768, 
13.3594382811816, 13.7822826104462, 11.7311629840821, 12.4439057250801, 
15.8078954543996, 12.9480908654085, 10.567751281369, 12.4911647082849, 
11.0229281879497, 14.3286951511152, 10.9630031650563, 6.75783549911973, 
8.21545376888261, 16.6428837961792, 6.87451093132788, 6.83745796345767, 
14.9219339696538, 14.6674159488884, 11.4503835653151, 9.6788135278576, 
9.08509134461244, 11.8875469147509, 10.869075876712, 12.1426089437145, 
7.0340384544986, 9.41044773432775, 12.2344398530144, 8.22234335364374, 
11.5990867577631, 7.81921013063329, 10.3091309728542, 13.29059545284, 
14.5631548104987, 11.5421189042228, 12.6307732886813, 9.52506686234173, 
9.8856120585447, 7.56926168123311, 11.1705385544969, 15.560881970186, 
13.3813506765828, 16.2641993190889, 11.70217278669, 16.9164625019593, 
14.0380522038403, 8.99197145071338, 17.8499887617073, 19.6943546374017, 
11.1705205186265, 14.2990834324903, 7.92350859621053, 11.1470022292943, 
14.7303037260136, 10.6697121588079, 13.0980097505906, 17.6647155321218, 
8.52828664509841, 10.82089754354, 9.77437659201419, 12.2817455435771, 
15.5201686407157, 10.4727281679681, 17.1301510373589, 9.46305307733712, 
9.90831871133385, 15.0106320856654, 12.5313488923633, 13.1131012286773, 
11.0576335150431, 17.994137357227, 8.39020979308864, 16.3126653279708, 
11.613351250634, 10.8962375755851, 16.8315655071858, 16.6117013182306, 
8.52807997580164, 16.5330674332427, 13.7564490191822, 13.9985643791817, 
16.5525791602974, 11.6535550707687, 9.32125822709113, 11.3371439795905, 
9.23037652331761, 11.195995455388, 9.00821342434902, 9.29964247702705, 
11.9748800530686, 11.9134085964043, 11.1464683861112, 11.4119612148274, 
12.1880472716712, 14.4774215291905, 12.523290819622, 11.1117470191535, 
12.0010559110211, 16.1877885478077, 12.494302419351, 10.6851766089062, 
14.1017101362306, 14.5402592355424, 11.5661857055392, 14.2479420330656, 
15.1555553014442, 11.9411078493553, 12.4498831971759, 14.3796000904689, 
12.4290768542445, 14.8590663474202, 11.9935850487841, 9.41937446102748, 
9.03674464241939, 16.8555142370393, 9.07628249487303, 8.12408261686364, 
15.375355256604, 15.8094756159237, 11.9710573235459, 10.5001945282787, 
10.8961930313059, 13.0454169822359, 12.1512996891634, 13.9684570280674, 
8.8224051113365, 11.8952047558422, 14.2542668683066, 9.84040054825287, 
12.2330746857178, 9.29168653630707, 12.3078705027523, 13.9583463220942, 
16.380370922104, 11.6260611145995, 13.6518757586183, 11.1028691680221, 
11.4600446066696, 8.628705340462), dim = c(100L, 3L)), variance = structure(c(2.49383359910722, 
0.337015589460422, 41.7495447568208, 0.552346157733027, 5.24342830920627, 
1.62170837248955, 1.81832821920988, 2.02101126703172, 3.77414671072769, 
2.02338265049565, 1.6495573305449, 2.40403701867304, 0.38248625862364, 
3.34591060481616, 1.59616156642656, 2.6887320743945, 2.38042841341148, 
5.14738913781479, 1.79433610528162, 0.70734386707458, 2.49012649146268, 
0.449274023450758, 1.21180502477135, 2.38391896615055, 47.671090498955, 
4.01218560304225, 0.837588874778409, 1.24658058715408, 2.97644170749389, 
1.27895247585977, 9.21904268934608, 1.96893251140882, 0.65239316860036, 
0.340678277317272, 5.7280509793329, 0.514483945775316, 5.00445246090936, 
1.08450285450822, 2.40673755917049, 1.29757203207079, 4.08562212378081, 
6.64082594090232, 0.938787010577901, 0.587257124419739, 6.27874584966722, 
3.73500055443263, 0.615460388464735, 0.553589800735172, 0.914515857668231, 
3.70904088740745, 0.248343767663959, 4.05816129430619, 0.727520588975365, 
2.01368870319676, 3.76520419100588, 0.300608269911344, 3.77239313193849, 
1.34976338530271, 1.42957644271158, 1.07523779268848, 5.66343754476422, 
0.92961310481346, 0.502542196780959, 0.325806291992666, 1.68330429239007, 
0.393204419233278, 0.299928549645928, 1.65377854417467, 5.10062184440541, 
95.1515957193285, 0.803794643499857, 0.216940733148539, 1.00377319020731, 
1.15139848132156, 2.36901385631515, 2.50201535493205, 2.3215009546157, 
1.37902667432006, 0.967340874351405, 12.9768242544975, 1.3429680222817, 
1.85231160820487, 0.463442238080234, 0.7124895693624, 0.38328874357038, 
32.4674415643985, 0.653508153523706, 1.25055112849695, 0.333150439003785, 
16.4373343112505, 2.06746770305767, 2.80500248649649, 1.03776111166155, 
1.74629692026793, 1.47332311948908, 1.24955138450306, 0.946865266031817, 
1.3646065432133, 2.75021343916583, 1.14745220102853, 2.3231562528736, 
0.30815758648073, 37.1903895706334, 0.497470408875141, 4.58292695530804, 
1.42119805917806, 1.61065968436522, 1.56454185927808, 3.63315356857552, 
1.92541792849804, 1.48729523291335, 2.2061001358989, 0.368230647961472, 
3.34303185324233, 1.45062289469337, 2.46188301011592, 2.10144725040098, 
4.97344423415868, 1.55776780960472, 0.671260053113314, 1.93867210383129, 
0.43967600469144, 1.13869403646304, 1.80407967263108, 40.4076420236941, 
3.3640759008894, 0.761721522781716, 1.13611408926127, 2.6459465695006, 
1.19754852491776, 8.08115603598651, 1.7987513165668, 0.561053119750492, 
0.331070937328783, 4.85948861460633, 0.473726321690218, 4.52621367088028, 
1.02324983959523, 2.1430508529156, 1.13705702322262, 3.41762167827131, 
5.87092252014443, 0.863518660256339, 0.530317867208503, 5.39788329485065, 
3.3975178512574, 0.556496554717395, 0.490100709666471, 0.842513024033154, 
3.19711292089758, 0.233861018686402, 3.37536049410892, 0.685356581339121, 
1.73130545596709, 3.31959128524911, 0.288283063000217, 3.39982457726355, 
1.21813990919375, 1.36404338082982, 0.973986900744457, 5.02487373477224, 
0.841363744829515, 0.469475364100547, 0.308561763183745, 1.54696241653465, 
0.372458254035862, 0.284044942381563, 1.55236396337455, 4.6320931882743, 
85.2209226240664, 0.753092069866506, 0.203806194622667, 0.905067996394693, 
1.08479150071342, 2.15106268879608, 2.01721728046061, 2.03027430267282, 
1.19107134363759, 0.911612696605486, 11.6992075427909, 1.25389538865374, 
1.64737418852148, 0.431134503135018, 0.673568671187682, 0.351961734875371, 
27.572148063879, 0.606767333524118, 1.12989119412565, 0.312993280743669, 
13.8210705599917, 1.90814038509115, 2.55656853001973, 0.972238512384712, 
1.67216937474214, 1.34141490059899, 1.15295910567526, 0.845796261502766, 
1.20210766299872, 2.40513076980453, 0.978774070300371, 1.81870061141133, 
0.267935172272638, 24.1474748244054, 0.372046774337986, 3.05651435371926, 
0.974762417357225, 1.21964036245053, 0.666666952913301, 3.7736997954957, 
1.89272057009553, 1.1294227275518, 1.6802497455721, 0.338980631127628, 
3.28260171478559, 1.07974221174263, 2.02715879545203, 1.48300331056566, 
5.06747228707151, 1.10646111016624, 0.579044990825696, 0.815282501107429, 
0.416120206099635, 0.939308697478949, 0.738678131760086, 21.2060028679048, 
2.01958522148674, 0.59742059347333, 0.976178017112977, 1.8171625340046, 
0.95892870090635, 4.8074168402443, 1.2892562941686, 0.398379711544982, 
0.320205874828024, 2.70655540900855, 0.35853268607295, 3.20469179373597, 
0.84060911219402, 1.58686604887806, 0.804678580375021, 1.88379163372516, 
3.76473673076455, 0.654227174656968, 0.405695028587018, 3.32980760701383, 
2.62138907422031, 0.457579985296608, 0.406864985656564, 0.695679641986595, 
1.94359378947939, 0.233335755108093, 1.91966984215098, 0.545168782659979, 
1.04769603397136, 2.28812444953691, 0.244506212754748, 2.2205560480703, 
0.982321527454204, 1.26453112046861, 0.848263345576401, 3.38938499713357, 
0.645997452101513, 0.383541319931858, 0.290226900867943, 1.17040948622478, 
0.322293532749876, 0.258459839444375, 1.16344305984813, 3.62477104501961, 
53.9981057460479, 0.616327543249543, 0.175977665357541, 0.710768914989269, 
0.891573075584447, 1.64091467418802, 1.04290691687762, 1.4151857313372, 
0.818997716935775, 0.76201843860065, 8.46671123249188, 1.00896381168659, 
1.20418252064973, 0.359623096170263, 0.576909130668464, 0.282014251881064, 
18.9433200286504, 0.486399782723767, 0.833983282362422, 0.286924401082331, 
8.14450149705781, 1.36466717616, 1.98497874418866, 0.821745975611464, 
1.52687726058674, 1.0493425801235, 0.881718657466556, 0.651739542709098, 
0.892303598760815, 1.62706547288561, 0.692595698259746), dim = c(100L, 
3L)), MSE = structure(c(3.06525306477665, 1.00473903539717, 53.7017326350042, 
1.4876087763641, 7.48355328868156, 3.85793239967863, 4.38836492987311, 
8.5562948468281, 5.07348601619299, 31.9954779130123, 7.15124067754169, 
2.44022979320317, 1.12660837296519, 8.43185725105707, 2.76751393496888, 
2.82897034869984, 2.60059001852557, 9.36442344548812, 1.78891896247441, 
1.25631724439092, 2.51529474287208, 2.13965618553391, 1.27870162962279, 
2.57882472926323, 47.8107561821048, 7.19486182309201, 1.51768896867219, 
7.46522099123471, 4.6072823742532, 28.7508794813034, 19.1273080518645, 
3.13642686200327, 0.953465146047628, 5.68086588227425, 112.0055933008, 
1.46822671515131, 36.2552789457348, 15.388952632527, 21.0386891743168, 
2.96120744469968, 11.9848167710163, 20.2794974355287, 1.80214776658025, 
0.742799235067588, 8.32084839560482, 13.1743628962939, 2.60515393344193, 
0.58975376709351, 5.72155197503951, 5.93192805041107, 0.537608678145075, 
4.1076444664978, 1.48276561564034, 2.16626870798737, 4.35568460089963, 
2.92165121933104, 13.5291493730043, 1.41851854493081, 3.53745991129359, 
1.14289209773613, 28.2090165700498, 7.44853642828005, 1.70995005890043, 
1.30097180074247, 23.66726051012, 11.8526486505778, 0.358533598992722, 
2.7513441899175, 7.3155510964989, 150.454923770414, 0.802829871290763, 
7.04835991989714, 1.39201135344299, 2.88260463507528, 11.3073888714516, 
3.02055891788644, 2.30112500184458, 1.38007495302467, 1.15229593551455, 
16.2075518929718, 1.58442295367396, 5.88745354610755, 6.96684705526798, 
0.730330260703332, 3.54446138487801, 37.5023253789216, 0.882663280827033, 
2.71734040435136, 0.572216908411919, 147.656858235382, 5.84629829234993, 
3.39636567464809, 1.03520072936932, 1.73497075649101, 2.83735851537136, 
8.60604613402606, 9.04145324186117, 1.61467346118623, 6.00830359100819, 
14.4197952251003, 3.04215906860801, 0.973964888912681, 56.2339097187662, 
1.4288560227623, 6.18007882475603, 3.46652521532016, 4.43474662909781, 
8.44690176362936, 5.01378851417766, 34.684983992866, 7.24498631157359, 
2.28517040575898, 1.13571851246278, 7.68501511921621, 2.61512539713867, 
2.67406580179655, 2.40305671098427, 10.7329663688836, 1.54253717059029, 
1.2706921059723, 1.96950348849057, 2.00440137745782, 1.27780104816133, 
1.88952195306191, 40.3554350853567, 5.78106692081593, 1.24439650946658, 
8.49713439583593, 4.31939581258361, 29.5677520023953, 20.34986449231, 
2.94138865249466, 0.832473243666079, 5.71861307423801, 116.721858204323, 
1.4150964823759, 39.5873626037515, 14.8799951796035, 20.5067612285789, 
2.28764206603271, 11.4702349802913, 19.9948410124321, 1.70378618663485, 
0.646000954462908, 7.77622457674279, 14.74879719644, 2.6001498509152, 
0.548382523535098, 5.31116576968991, 6.05862906662922, 0.487697964073835, 
3.37862778975824, 1.51690347229019, 1.99458062064229, 3.88269865061173, 
2.94515603164853, 13.2215352863324, 1.24283240206107, 3.66710154213879, 
1.11354133273706, 23.8584809664875, 7.28798346839397, 1.73985692166782, 
1.32173370943408, 23.9099225301583, 11.7547722668603, 0.34284507383754, 
2.84137083710821, 7.18374332150737, 159.240955356296, 0.781254136572245, 
6.73520441657754, 1.32775967663631, 2.784108863766, 11.1911117449761, 
2.41264202095562, 2.04312519389211, 1.22693764805167, 1.1616372537269, 
15.3515037054156, 1.4836367687647, 5.54096789618814, 6.71392809733572, 
0.741649895416283, 3.48282075509938, 33.6392742164346, 0.82581366058426, 
2.60065253422632, 0.554969477358492, 155.858753886866, 5.94553430026411, 
3.22685810203425, 0.9659478939614, 1.65621974249487, 3.09237031148805, 
8.24746991639059, 8.42291578303409, 1.55970770798746, 6.0104616923446, 
15.0254035027808, 2.91584213462905, 1.00515997298237, 81.5847138915233, 
1.16626158213575, 3.04681541009104, 2.52034764102459, 5.16905361453741, 
8.8867774330723, 6.31859362098767, 45.599293880358, 7.18116925939563, 
1.88689883964023, 1.06211085304459, 4.12401299472137, 2.13526271533623, 
2.85818930747627, 1.93731411681758, 20.6930585231761, 1.18350325429138, 
1.10250999251261, 0.965003421291086, 1.52949106657384, 1.5614531180078, 
0.804247559184013, 21.0466121562453, 2.97979705184433, 0.727586367158286, 
12.3632924558663, 3.5878405572892, 31.0378088285454, 30.2544549797957, 
2.15706416584771, 0.573098774919755, 5.64646600261119, 133.572154857575, 
1.20496664817668, 53.470836255147, 12.5586789948644, 17.4370072234584, 
1.05348183950333, 11.6996650647399, 19.1804001631934, 1.47002151158297, 
0.452821406813025, 6.43050043057337, 19.7870853238176, 2.5616755306042, 
0.49584899819756, 4.49450397000985, 7.04579419311394, 0.364038591135249, 
1.9009754537815, 1.60345685079001, 1.76229409577163, 2.64650710210469, 
3.08594216841544, 11.8161946062759, 0.972643747604464, 3.8434092862442, 
1.44205640698348, 12.22401682222, 6.60541015277634, 2.02544557617258, 
1.36501735677763, 24.0294919323646, 11.4314743050837, 0.341693848328566, 
3.37310910722349, 7.51937868738147, 222.743180744733, 0.901429899952187, 
5.81140558358167, 1.04020651049059, 2.55315782065407, 9.95259356069953, 
1.35386288838441, 1.63576289888843, 0.959815942315145, 1.43862438378852, 
12.3362057391704, 1.12906440276727, 4.75811620768043, 6.16666939232598, 
0.98040626034488, 3.31431316596238, 28.1587968433916, 0.600337043688204, 
2.60901559426955, 0.529551466674333, 185.615099082543, 5.58034020230428, 
2.58377769942304, 1.14431949995841, 1.59384883629868, 4.41212432870725, 
7.66765324299424, 6.31431577863002, 1.71925537602938, 6.21221660936456, 
17.7176430097584), dim = c(100L, 3L)), Time_all = c(elapsed = 17.4910000000025, 
elapsed = 1252.41000000005, elapsed = 1261.423))
